     0.01997       -1.19
      -1.157       1.221
       2.056     -0.1457
      -1.864      -1.479
      0.4195       2.627
       1.605      -2.433
      -3.053      0.7662
        2.96       1.601
      -1.168      -3.373
      -1.494       3.453
       3.602      -1.612
      -3.912      -1.299
       2.089       3.747
       1.028      -4.331
      -3.814       2.587
       4.709      0.6905
      -3.098      -3.804
     -0.2929        5.04
       3.719      -3.615
      -5.319      0.1569
       4.127       3.563
     -0.6516      -5.543
      -3.337       4.629
       5.707      -1.184
      -5.112      -3.043
       1.747        5.81
       2.686      -5.568
      -5.848       2.334
       5.992       2.269
      -2.935      -5.818
      -1.795       6.377
       5.721      -3.545
      -6.716       -1.27
       4.156       5.555
       0.698      -7.004
       -5.32        4.76
       7.237     0.08526
       -5.35      -5.018
      0.5628       7.409
       4.649      -5.918
      -7.517       1.239
       6.457       4.215
      -1.937      -7.558
      -3.719       6.961
       7.529       -2.65
      -7.423      -3.166
       3.371       7.428
       2.559      -7.836
      -7.255       4.091
       8.195       1.903
      -4.805      -7.008
      -1.202       8.495
       6.688      -5.504
      -8.731     -0.4631
       6.181       6.297
     -0.3076      -8.899
      -5.836       6.829
       8.994      -1.104
      -7.441      -5.307
       1.918       9.015
       4.714      -8.009
      -8.958       2.743
       8.526       4.061
      -3.572      -8.823
      -3.352       8.988
       8.608      -4.397
      -9.388      -2.592
        5.21       8.314
       1.787       -9.72
      -7.941       6.003
       9.981      0.9435
      -6.769      -7.491
    -0.06825       10.17
       6.965        -7.5
      -10.27      0.8319
       8.189       6.366
       -1.75      -10.29
      -5.699       8.828
       10.23      -2.677
      -9.411      -4.968
       3.606       10.08
       4.178      -9.931
      -9.849       4.528
       10.38       3.333
      -5.436      -9.528
      -2.441       10.76
       9.121      -6.322
      -11.06      -1.508
       7.176       8.631
      0.5414      -11.27
       -8.06       7.992
        11.4     -0.4513
      -8.761       -7.41
       1.462       11.44
       6.687      -9.475
      -11.39       2.483
       10.13       5.894
      -3.505      -11.25
      -5.037       10.71
       11.01       -4.52
      -11.22      -4.122
        5.52       10.67
       3.155      -11.66
      -10.25       6.494
          12       2.144
      -7.436      -9.735
      -1.097       12.26
       9.132      -8.337
      -12.42    -0.02122
       9.187       8.445
      -1.075      -12.49
      -7.678        9.98
       12.46      -2.182
      -10.71      -6.837
       3.291       12.33
       5.926      -11.36
       -12.1       4.394
       11.94       4.951
      -5.481      -11.77
      -3.921       12.43
       11.34      -6.543
      -12.83      -2.843
       7.571       10.81
       1.724      -13.14
      -10.19       8.556
       13.34      0.5738
      -9.489      -9.474
      0.5997       13.45
       8.675      -10.36
      -13.45       1.787
       11.17       7.796
      -2.978      -13.34
      -6.841       11.89
       13.13      -4.165
      -12.54      -5.818
       5.336       12.81
       4.734       -13.1
      -12.38       6.482
       13.56       3.597
      -7.595      -11.85
      -2.415       13.92
       11.22      -8.664
      -14.18      -1.197
       9.679        10.5
    -0.04724      -14.33
      -9.676       10.63
       14.37      -1.309
      -11.52      -8.769
       2.577       14.29
        7.78      -12.32
      -14.11       3.842
       13.04       6.717
      -5.094      -13.81
      -5.588       13.67
        13.4      -6.323
      -14.19        -4.4
       7.519       12.87
       3.162      -14.62
      -12.24        8.67
       14.93       1.884
      -9.768      -11.51
     -0.5749       15.13
       10.68       -10.8
      -15.22       0.755
       11.77       9.752
      -2.095      -15.19
      -8.738       12.65
       15.03      -3.435
      -13.45      -7.644
       4.765       14.76
       6.477      -14.15
      -14.37       6.074
       14.74       5.246
      -7.349      -13.87
       -3.96       15.23
       13.25      -8.582
      -15.61      -2.628
       9.763       12.52
        1.26      -15.87
      -11.68       10.88
       16.01     -0.1329
      -11.93      -10.74
        1.54       16.02
       9.712      -12.89
      -15.91       2.951
       13.76       8.595
      -4.354      -15.68
      -7.398       14.54
       15.32       -5.74
      -15.21      -6.131
       7.094       14.83
       4.802      -15.77
      -14.23       8.407
       16.22       3.423
      -9.669      -13.51
      -2.002       16.54
       12.68      -10.87
      -16.73     -0.5518
          12       11.74
     -0.9179       -16.8
       -10.7       13.04
       16.74      -2.395
         -14      -9.564
        3.87       16.55
       8.345      -14.85
      -16.23       5.327
        15.6       7.049
      -6.758      -15.77
      -5.685       16.23
       15.19       -8.15
      -16.75      -4.264
       9.492       14.49
       2.797      -17.14
      -13.67       10.77
        17.4       1.294
      -11.98      -12.74
      0.2343       17.53
       11.69      -13.11
      -17.52       1.774
       14.15       10.55
      -3.314      -17.37
      -9.314       15.08
        17.1      -4.842
      -15.91      -7.996
       6.346       16.68
       6.603      -16.62
      -16.13       7.815
       17.21       5.147
      -9.236      -15.46
      -3.639       17.67
       14.65       -10.6
         -18      -2.088
       11.89       13.73
      0.5066      -18.19
      -12.69        13.1
       18.25      -1.088
      -14.22      -11.55
       2.693       18.16
        10.3      -15.24
      -17.93       4.286
       16.15       8.967
      -5.863      -17.56
      -7.552       16.94
       17.05      -7.404
      -17.61      -6.067
       8.904        16.4
       4.523      -18.14
      -15.62       10.35
       18.55       2.929
      -11.72      -14.72
      -1.304       18.81
       13.69      -13.01
      -18.92      0.3489
       14.22       12.55
      -2.007      -18.89
       -11.3       15.32
