        1.08     -0.4989
     -0.6498       1.552
     -0.6973      -1.939
       2.106       1.107
      -2.573      0.6778
       1.577      -2.451
      0.5328       3.103
       -2.66      -2.061
       3.557     -0.2942
      -2.555       2.762
     0.01981      -3.946
       2.769       3.053
      -4.272     -0.3965
       3.547      -2.691
     -0.8255       4.534
      -2.534      -4.029
       4.731       1.297
      -4.492       2.304
       1.804      -4.863
       2.005       4.929
      -4.927      -2.336
       5.333      -1.643
      -2.886       4.923
      -1.223      -5.699
       4.849       3.446
      -6.021      0.7491
       4.008      -4.707
      0.2281       6.292
      -4.497      -4.565
       6.508      0.3342
      -5.108       4.218
      0.9315      -6.666
       3.875        5.63
      -6.761      -1.557
       6.125      -3.468
      -2.205        6.79
      -3.002      -6.586
       6.751       2.866
      -7.005       2.479
       3.535      -6.643
       1.904       7.377
      -6.464      -4.204
       7.696      -1.282
      -4.865       6.215
      -0.618      -7.958
       5.895       5.511
      -8.157    -0.08191
       6.134      -5.507
     -0.8114       8.289
      -5.052      -6.728
       8.352       1.564
      -7.285       4.532
       2.333      -8.342
       3.952         7.8
      -8.258       -3.11
       8.264      -3.314
      -3.889       8.097
      -2.625      -8.673
       7.861       4.662
      -9.021       1.888
       5.421      -7.548
        1.11       9.303
      -7.159      -6.159
       9.514     -0.2972
      -6.868       6.697
      0.5441      -9.651
       6.164        7.54
       -9.71      -1.407
        8.17      -5.562
      -2.283       9.689
      -4.896      -8.749
       9.587       3.166
      -9.271        4.17
       4.047      -9.401
       3.389       9.731
      -9.132      -4.919
       10.12      -2.559
      -5.773       8.781
      -1.685      -10.44
       8.347       6.601
      -10.68      0.7756
       7.397      -7.834
     -0.1634       10.84
      -7.244      -8.151
       10.91       1.124
      -8.857       6.581
       2.098       -10.9
       5.848       9.507
      -10.79      -3.077
       10.09      -5.051
      -4.054        10.6
      -4.195      -10.61
       10.32        5.02
      -11.06       3.286
       5.966      -9.945
       2.331       11.42
      -9.483      -6.884
        11.7      -1.337
      -7.766       8.936
     -0.3116      -11.89
       8.305       8.603
      -11.99     -0.7368
       9.387      -7.596
        -1.8          12
      -6.811      -10.11
       11.91       2.869
      -10.77       5.957
       3.936      -11.72
       5.038       11.35
      -11.44      -4.992
       11.86      -4.063
      -6.027       11.06
      -3.038      -12.28
       10.58       7.032
      -12.61        1.97
       7.999      -10.01
      0.8675       12.84
      -9.353       -8.92
       12.98      0.2607
      -9.786       8.609
       1.406      -13.01
       7.785       10.59
      -12.95      -2.559
       11.32      -6.885
      -3.711       12.77
      -5.916      -11.97
        12.5       4.852
      -12.54       4.885
       5.973      -12.12
       3.799       13.02
      -11.64      -7.064
       13.41      -2.666
      -8.116       11.06
      -1.494      -13.69
       10.39        9.12
      -13.87      0.2939
       10.07      -9.623
     -0.9268       13.95
      -8.769      -10.95
       13.91       2.158
      -11.76       7.834
        3.39      -13.77
       6.823       12.49
      -13.51      -4.613
       13.12      -5.746
      -5.817       13.15
      -4.608      -13.67
       12.67       6.991
      -14.12       3.417
       8.127       -12.1
       2.185       14.46
      -11.41      -9.215
       14.69     -0.9185
      -10.24       10.63
      0.3716      -14.81
        9.76       11.21
      -14.81      -1.676
       12.09      -8.799
      -2.984        14.7
      -7.756       -12.9
       14.48       4.284
      -13.61        6.64
       5.568      -14.13
       5.458       14.23
      -13.68      -6.824
       14.74      -4.219
      -8.042       13.11
      -2.932      -15.14
       12.43       9.211
      -15.43       1.606
       10.32      -11.64
      0.2519        15.6
      -10.76      -11.37
       15.65        1.12
      -12.33       9.777
       2.498      -15.59
       8.711       13.22
      -15.39      -3.873
       14.01      -7.564
      -5.233       15.08
      -6.345       -14.7
       14.65       6.568
      -15.28       5.064
       7.866      -14.09
       3.729       15.75
      -13.42      -9.118
        16.1      -2.351
      -10.31       12.64
     -0.9381      -16.33
       11.75       11.44
      -16.44     -0.4958
       12.49      -10.76
      -1.941       16.42
      -9.682      -13.45
       16.27       3.386
      -14.32       8.513
        4.82      -15.99
       7.265       15.08
      -15.59      -6.231
       15.74      -5.948
      -7.607       15.06
      -4.572      -16.28
        14.4       8.938
       -16.7       3.146
       10.21      -13.63
       1.682       16.99
      -12.75      -11.42
       17.16     -0.1906
      -12.55       11.76
       1.317      -17.19
       10.67        13.6
      -17.09      -2.828
       14.55      -9.482
      -4.332       16.86
      -8.213      -15.39
       16.49       5.817
      -16.13       6.866
        7.27      -15.99
       5.455       16.74
      -15.37       -8.68
       17.23      -3.989
      -10.04       14.61
      -2.478      -17.59
       13.74       11.33
      -17.82      0.9343
       12.54      -12.76
     -0.6302       17.92
      -11.66      -13.67
       17.87       2.204
       -14.7       10.47
       3.774      -17.69
       9.183       15.62
      -17.36       -5.33
       16.44      -7.815
      -6.856        16.9
      -6.375      -17.13
       16.31       8.343
       -17.7       4.873
       9.778      -15.58
       3.321       18.13
      -14.73      -11.15
       18.43      -1.731
      -12.44       13.75
     -0.1134      -18.59
       12.66       13.66
       -18.6      -1.518
       14.77      -11.47
      -3.152       18.47
      -10.17      -15.78
        18.2       4.774
      -16.68       8.789
       6.372      -17.78
       7.327       17.45
      -17.22      -7.933
       18.09      -5.796
      -9.446       16.53
