      0.9963     -0.6505
     -0.4175        1.63
     -0.9716      -1.817
       2.245      0.7897
      -2.447       1.044
       1.204      -2.654
      0.9778       2.992
      -2.932      -1.653
       3.477     -0.8077
      -2.127       3.103
     -0.5534      -3.907
       3.183       2.619
      -4.284       0.228
       3.118      -3.177
     -0.1583       4.605
      -3.092      -3.618
       4.869      0.5966
      -4.109       2.932
       1.078      -5.073
         2.7       4.585
      -5.214      -1.596
       5.038      -2.401
       -2.14        5.29
      -2.038      -5.461
       5.298       2.706
      -5.848       1.615
       3.282      -5.239
       1.139       6.192
      -5.112      -3.863
       6.488     -0.6145
      -4.441       4.916
    -0.04642      -6.731
       4.652       5.008
      -6.915     -0.5589
       5.557      -4.321
      -1.195       7.038
      -3.927       -6.08
       7.096       1.855
       -6.57        3.47
       2.533      -7.086
       2.955       7.022
      -7.006       -3.22
       7.428      -2.386
      -3.911       6.855
      -1.767      -7.784
       6.633       4.596
      -8.082       1.104
       5.269      -6.339
       0.401       8.319
      -5.975      -5.923
        8.49      0.3345
       -6.55       5.542
       1.096      -8.592
       5.043       7.143
      -8.622      -1.878
       7.695       -4.48
      -2.672       8.576
      -3.857        -8.2
       8.454       3.471
      -8.651       3.178
       4.268      -8.255
       2.449       9.043
      -7.978      -5.054
        9.37      -1.676
      -5.822       7.624
     -0.8633      -9.628
       7.194       6.565
      -9.812     0.01856
       7.275       -6.69
     -0.8522       9.918
      -6.115      -7.945
       9.945        1.74
      -8.567       5.473
       2.639      -9.889
       4.766       9.136
       -9.75       -3.54
       9.643      -4.001
      -4.436       9.526
      -3.183      -10.08
       9.217       5.319
      -10.45       2.318
       6.181      -8.825
       1.413       10.75
      -8.351      -7.012
       10.96     -0.4733
      -7.807       7.797
       0.493      -11.09
       7.167       8.557
      -11.13      -1.477
       9.254      -6.464
      -2.472       11.08
      -5.692      -9.892
       10.94       3.468
      -10.46       4.857
       4.458      -10.71
       3.965       10.96
      -10.38      -5.433
       11.38      -3.022
      -6.385       9.969
      -2.036      -11.72
       9.467       7.305
      -11.97       1.013
       8.185      -8.879
    -0.03853       12.13
      -8.208      -9.016
        12.2        1.11
      -9.791       7.458
       2.192      -12.17
       6.634        10.5
      -12.04      -3.278
       11.14      -5.742
      -4.357       11.81
      -4.789      -11.71
       11.49       5.421
      -12.19        3.78
       6.461      -11.07
       2.723       12.58
      -10.55      -7.467
       12.88      -1.626
      -8.431        9.94
     -0.4984      -13.08
        9.24       9.345
      -13.18     -0.6522
        10.2      -8.456
      -1.817       13.18
      -7.592      -10.99
       13.07       2.985
       -11.7       6.655
       4.149      -12.86
        5.65       12.33
      -12.55      -5.298
       12.88      -4.585
      -6.423       12.13
      -3.467      -13.33
        11.6       7.514
      -13.68       2.305
       8.563      -10.98
       1.108       13.93
      -10.27      -9.559
       14.08      0.1152
       -10.5       9.458
       1.355      -14.11
       8.564       11.36
      -14.04      -2.602
       12.15      -7.591
      -3.846       13.85
      -6.544      -12.86
       13.56       5.077
      -13.47       5.431
       6.284      -13.15
       4.261       13.99
      -12.63      -7.459
        14.4      -3.041
      -8.591       12.01
      -1.782      -14.71
       11.28        9.67
       -14.9      0.4932
       10.69      -10.46
     -0.8166       14.98
      -9.547      -11.63
       14.95       2.136
       -12.5       8.546
       3.456      -14.79
       7.466       13.28
      -14.52      -4.765
       13.97      -6.314
      -6.053       14.13
      -5.099      -14.55
       13.63       7.309
      -15.03       3.829
       8.523      -13.02
       2.515        15.4
      -12.29      -9.685
       15.65      -1.166
      -10.78       11.46
      0.2081      -15.78
       10.54       11.81
      -15.79      -1.596
       12.76      -9.518
      -2.988       15.68
      -8.412      -13.62
       15.45       4.371
      -14.38       7.229
       5.736      -15.09
       5.976       15.04
      -14.61      -7.071
       15.59      -4.663
      -8.366       14.01
        -3.3      -16.02
       13.29       9.609
      -16.33       1.897
       10.79      -12.46
      0.4641       16.52
      -11.53       -11.9
       16.59      0.9873
      -12.93        10.5
       2.446      -16.52
       9.378       13.87
      -16.33      -3.901
       14.71      -8.171
      -5.339          16
      -6.888      -15.44
       15.55       6.751
      -16.07       5.538
       8.125      -14.97
       4.133       16.57
      -14.27       -9.45
       16.95      -2.681
      -10.71       13.46
      -1.195       -17.2
       12.53       11.91
      -17.32     -0.3152
       13.02      -11.49
      -1.837       17.31
      -10.36      -14.04
       17.16       3.359
      -14.96       9.136
       4.871      -16.88
       7.829       15.77
      -16.46      -6.355
       16.47      -6.449
      -7.807       15.92
      -5.007      -17.05
       15.24       9.208
       -17.5       3.513
       10.55      -14.44
       1.979       17.82
      -13.52      -11.83
          18     -0.4154
      -13.02       12.49
       1.165      -18.05
       11.36       14.12
      -17.95      -2.752
       15.13      -10.12
      -4.327       17.72
      -8.796      -16.02
       17.35       5.887
       -16.8       7.392
        7.41      -16.84
        5.92       17.46
      -16.19      -8.892
       17.98      -4.389
      -10.31       15.42
      -2.812      -18.37
       14.51       11.67
      -18.62         1.2
       12.95      -13.49
     -0.4369       18.73
      -12.36      -14.14
        18.7       2.079
      -15.22       11.12
       3.723      -18.52
       9.784        16.2
      -18.19      -5.346
       17.06      -8.363
      -6.946       17.72
