     -0.5484      -1.056
       1.581      0.5773
      -1.905      0.7863
       1.009      -2.155
      0.7961       2.539
      -2.522      -1.461
       3.075     -0.6758
      -1.936       2.753
     -0.4585       -3.54
       2.877       2.425
      -3.943      0.1628
       2.922      -2.907
     -0.1985       4.285
      -2.852      -3.418
       4.567      0.6149
      -3.907       2.718
       1.077      -4.786
       2.509        4.38
      -4.941      -1.577
       4.831      -2.231
      -2.106        5.03
      -1.888      -5.252
       5.051       2.655
      -5.637       1.485
       3.218      -5.004
       1.027       5.979
      -4.888      -3.786
       6.275      -0.519
      -4.352       4.703
     0.03272      -6.517
        4.45       4.907
      -6.702     -0.6221
       5.445      -4.131
      -1.243       6.826
      -3.748      -5.958
       6.885       1.888
       -6.44       3.303
       2.551      -6.877
         2.8       6.883
        -6.8      -3.224
       7.281      -2.243
        -3.9       6.652
      -1.637      -7.629
       6.433       4.572
      -7.921      0.9855
       5.232      -6.144
      0.2955       8.152
      -5.785      -5.873
       8.318      0.4271
      -6.487       5.357
       1.176      -8.415
       4.864       7.068
      -8.441      -1.944
       7.608      -4.308
      -2.725       8.393
      -3.693      -8.102
       8.269        3.51
      -8.542       3.023
       4.293      -8.068
       2.303       8.924
      -7.791      -5.066
       9.241      -1.539
      -5.821       7.437
     -0.7369       -9.49
       7.008        6.55
      -9.666    -0.09707
       7.247      -6.506
     -0.9559       9.765
      -5.934      -7.903
       9.785       1.833
      -8.513       5.296
       2.719      -9.723
       4.594       9.068
      -9.578      -3.608
       9.564      -3.835
      -4.491        9.35
      -3.024      -9.993
       9.038       5.361
      -10.35       2.166
       6.208      -8.644
       1.269       10.63
      -8.168      -7.026
       10.83     -0.3384
      -7.807       7.614
      0.6174      -10.95
       6.983       8.543
      -10.98      -1.591
       9.226      -6.282
      -2.575       10.93
      -5.512       -9.85
       10.78       3.559
      -10.41       4.681
       4.537      -10.54
       3.794       10.89
      -10.21      -5.499
        11.3      -2.857
      -6.438       9.792
      -1.877      -11.63
       9.286       7.344
      -11.87      0.8618
       8.209      -8.695
     -0.1812       12.02
      -8.022      -9.026
       12.07       1.243
      -9.786       7.271
       2.315      -12.03
       6.449       10.48
      -11.89       -3.39
       11.11      -5.558
      -4.457       11.66
      -4.607      -11.66
       11.32       5.509
      -12.12       3.603
       6.535      -10.89
       2.551        12.5
      -10.37      -7.528
       12.79       -1.46
      -8.478       9.756
     -0.3399      -12.98
       9.053       9.377
      -13.06     -0.8025
       10.22      -8.266
      -1.957       13.05
      -7.401      -10.99
       12.93       3.116
      -11.69       6.464
       4.269      -12.71
        5.46        12.3
      -12.39      -5.406
       12.83      -4.397
      -6.518       11.96
      -3.283      -13.27
       11.43       7.596
      -13.61       2.126
        8.63       -10.8
      0.9353       13.84
      -10.08      -9.612
       13.97      0.2807
      -10.53       9.266
       1.513         -14
       8.369       11.38
      -13.91       -2.75
       12.16      -7.394
      -3.983       13.71
      -6.347      -12.85
        13.4       5.202
      -13.44       5.235
       6.398      -12.98
       4.067       13.94
      -12.46      -7.559
       14.34      -2.851
      -8.677       11.83
      -1.597      -14.63
        11.1       9.741
      -14.81      0.3138
       10.74      -10.27
      -0.989       14.88
      -9.349      -11.67
       14.83         2.3
      -12.53       8.345
        3.61      -14.66
       7.263       13.29
      -14.38      -4.908
       13.96       -6.11
      -6.184       13.98
      -4.896      -14.53
       13.46       7.427
      -14.99       3.629
       8.627      -12.84
       2.318       15.34
      -12.11      -9.773
       15.57     -0.9734
      -10.86       11.27
      0.3942      -15.69
       10.34       11.87
      -15.68      -1.775
        12.8      -9.313
      -3.157       15.56
      -8.204      -13.64
       15.31        4.53
      -14.39       7.018
       5.884      -14.93
       5.765       15.03
      -14.44      -7.206
       15.56      -4.454
      -8.487       13.83
      -3.093      -15.97
       13.11       9.716
      -16.27       1.693
       10.88      -12.27
      0.2655       16.44
      -11.33      -11.98
       16.49       1.179
      -12.99       10.29
        2.63      -16.41
       9.166       13.91
       -16.2      -4.075
       14.73      -7.955
      -5.503       15.86
       -6.67      -15.45
       15.39       6.903
      -16.05        5.32
       8.263       -14.8
       3.915       16.54
      -14.09      -9.572
        16.9      -2.467
      -10.82       13.27
     -0.9852      -17.13
       12.33          12
      -17.23     -0.5188
       13.09      -11.29
      -2.033        17.2
      -10.15      -14.09
       17.04       3.546
         -15       8.917
       5.047      -16.74
       7.606       15.79
      -16.31      -6.521
       16.47      -6.225
      -7.959       15.75
      -4.782      -17.03
       15.06       9.347
      -17.46        3.29
       10.68      -14.25
       1.759       17.76
      -13.32      -11.93
       17.93     -0.2002
      -13.11       12.28
       1.374      -17.95
       11.14        14.2
      -17.84      -2.951
       15.18      -9.897
       -4.52       17.59
      -8.568      -16.06
        17.2       6.066
      -16.82       7.162
       7.579      -16.68
       5.688       17.45
      -16.02      -9.046
       17.96      -4.158
      -10.45       15.23
      -2.582      -18.33
       14.31       11.79
      -18.56      0.9741
       13.05      -13.28
     -0.6549       18.65
      -12.14      -14.22
        18.6       2.293
      -15.29       10.89
       3.926       -18.4
       9.552       16.25
      -18.06      -5.542
       17.09      -8.127
      -7.127       17.57
      -6.628      -17.81
       16.95        8.67
