      0.4485       1.102
       -1.52     -0.7208
       1.969     -0.6069
      -1.203       2.053
     -0.5582      -2.601
       2.376       1.688
      -3.124      0.3889
       2.182      -2.562
      0.1296       3.567
      -2.641       -2.68
       3.941      0.2021
      -3.178       2.625
      0.5935      -4.249
       2.524       3.667
      -4.491      -1.034
       4.141      -2.345
      -1.515       4.666
      -2.094      -4.593
       4.774       2.026
      -5.016       1.776
       2.561      -4.814
       1.395       5.404
      -4.784      -3.111
        5.75      -0.958
      -3.667       4.685
     -0.4701      -6.049
       4.517       4.222
      -6.296    -0.06284
       4.768      -4.281
     -0.6345       6.486
      -3.978      -5.297
       6.616       1.239
      -5.803       3.611
       1.868      -6.682
       3.182       6.279
      -6.681      -2.516
       6.717      -2.694
      -3.175       6.612
      -2.153      -7.112
       6.473       3.838
      -7.457       1.561
       4.498      -6.263
      0.9249       7.747
      -5.984      -5.147
       7.978     -0.2497
      -5.777       5.635
      0.4587      -8.144
       5.218       6.382
      -8.243      -1.194
       6.954      -4.735
      -1.948       8.271
      -4.191      -7.487
       8.225       2.716
      -7.974       3.587
       3.489      -8.105
       2.929       8.408
      -7.909      -4.259
       8.785      -2.221
       -5.02       7.637
      -1.469      -9.099
       7.289       5.764
      -9.344       0.679
       6.483      -6.867
     -0.1429       9.518
      -6.373       -7.17
       9.615      0.9896
      -7.817       5.809
       1.854      -9.635
       5.179       8.418
      -9.574      -2.728
       8.966      -4.487
      -3.605        9.43
      -3.737      -9.454
       9.204       4.477
      -9.877       2.936
       5.335      -8.895
       2.088       10.23
      -8.504      -6.173
       10.51      -1.201
       -6.98       8.033
     -0.2811       -10.7
       7.484       7.751
      -10.82     -0.6639
       8.477       -6.86
      -1.627       10.85
      -6.165      -9.151
       10.79       2.599
      -9.767       5.403
       3.572      -10.64
       4.579       10.32
       -10.4       -4.54
        10.8        -3.7
      -5.491       10.08
      -2.771       -11.2
       9.658       6.419
      -11.52         1.8
       7.315      -9.155
      0.7946       11.75
      -8.568       -8.17
        11.9      0.2382
      -8.977       7.899
        1.29      -11.95
       7.154       9.728
       -11.9      -2.352
       10.42      -6.337
      -3.416       11.76
      -5.453      -11.03
       11.53       4.474
      -11.58       4.508
       5.515      -11.19
       3.511       12.03
      -10.77      -6.531
       12.41      -2.467
      -7.514       10.24
      -1.385      -12.68
       9.631       8.454
      -12.87      0.2734
       9.343      -8.931
     -0.8598       12.95
      -8.148      -10.17
       12.93       2.005
      -10.94       7.288
       3.154      -12.81
       6.354       11.63
      -12.59      -4.298
       12.23      -5.356
      -5.425       12.26
        -4.3      -12.76
       11.83       6.527
      -13.19       3.193
       7.595       -11.3
       2.043       13.52
      -10.68      -8.619
       13.75     -0.8604
      -9.591       9.957
      0.3473      -13.87
       9.147        10.5
      -13.89       -1.57
       11.34      -8.254
      -2.799        13.8
      -7.282      -12.11
        13.6       4.023
      -12.79       6.239
       5.233      -13.28
       5.133       13.38
      -12.86      -6.418
       13.87      -3.971
       -7.57       12.34
      -2.762      -14.26
       11.71       8.677
      -14.54       1.515
       9.732      -10.98
       0.239       14.72
      -10.15      -10.72
       14.78       1.055
      -11.65       9.232
       2.359      -14.72
        8.23       12.49
      -14.55       -3.66
       13.24      -7.152
      -4.949       14.26
      -6.004       -13.9
       13.86       6.215
      -14.46       4.795
       7.448      -13.35
       3.533       14.92
      -12.72      -8.639
       15.26      -2.229
      -9.776       11.99
     -0.8916      -15.49
       11.15       10.85
       -15.6     -0.4696
       11.85      -10.22
      -1.842       15.59
      -9.197      -12.77
       15.45       3.216
      -13.61        8.09
        4.58       -15.2
       6.909       14.34
      -14.82      -5.925
       14.97       -5.66
      -7.238       14.33
      -4.353       -15.5
       13.71       8.509
       -15.9       2.998
       9.728      -12.99
       1.604       16.19
      -12.15      -10.88
       16.36     -0.1827
      -11.97       11.21
       1.255       -16.4
       10.18       12.97
      -16.31      -2.697
       13.88       -9.05
      -4.134       16.09
      -7.842       -14.7
       15.75       5.553
       -15.4       6.561
       6.944      -15.28
       5.215          16
      -14.69      -8.295
       16.47      -3.815
      -9.594       13.98
      -2.371      -16.83
       13.15       10.83
      -17.05      0.8951
          12      -12.21
     -0.6022       17.15
      -11.17      -13.08
       17.11       2.109
      -14.08       10.03
       3.614      -16.94
         8.8       14.97
      -16.64      -5.106
       15.76      -7.493
      -6.572        16.2
      -6.114      -16.43
       15.64       8.001
      -16.98       4.676
        9.38      -14.95
       3.188        17.4
      -14.14       -10.7
       17.69      -1.662
      -11.95        13.2
       -0.11      -17.85
       12.16       13.11
      -17.87      -1.457
       14.19      -11.02
      -3.027       17.75
      -9.779      -15.17
       17.49       4.587
      -16.03       8.452
       6.126       -17.1
       7.047       16.78
      -16.57       -7.63
       17.41      -5.577
      -9.087        15.9
      -4.051       -17.9
       15.11       10.49
      -18.27        2.48
       11.82       -14.2
      0.8776       18.49
      -13.16      -13.07
       18.57      0.7452
      -14.23       12.02
       2.376      -18.51
       10.77       15.28
      -18.31      -4.002
       16.23      -9.433
       -5.61       17.96
      -8.009      -17.06
       17.47       7.187
      -17.77       6.513
       8.721      -16.84
       4.954       18.34
      -16.07       -10.2
