       1.182      0.1355
      -1.103       -1.27
    -0.05472        2.06
       1.653      -1.711
      -2.656      0.1622
       2.265       1.834
     -0.4659      -3.113
      -1.881       2.791
        3.47     -0.8349
      -3.292      -1.822
       1.255       3.741
       1.673      -3.767
      -3.932       1.715
       4.211       1.444
      -2.204      -4.047
      -1.145        4.62
       4.087      -2.714
      -4.987     -0.7811
       3.236       4.053
      0.3606      -5.309
      -3.947       3.762
        5.58     -0.1102
      -4.283      -3.771
      0.6242       5.795
       3.526      -4.792
      -5.952       1.175
       5.281       3.215
      -1.754      -6.047
       -2.84       5.744
       6.076      -2.356
      -6.172      -2.406
       2.973       6.039
       1.916      -6.561
      -5.933       3.597
       6.903       1.375
      -4.221      -5.758
     -0.7879       7.194
       5.514      -4.837
      -7.429     -0.1599
       5.438       5.201
     -0.5026      -7.602
      -4.822       6.017
        7.71      -1.194
      -6.567      -4.378
       1.906       7.751
       3.872       -7.08
       -7.72       2.633
        7.55       3.308
      -3.367      -7.618
       -2.69       7.972
       7.442      -4.102
      -8.338      -2.022
       4.828       7.192
       1.309      -8.645
      -6.868       5.541
       8.886      0.5586
       -6.23      -6.472
      0.2243       9.059
       6.005       -6.89
      -9.158       1.033
       7.513        5.47
       -1.86      -9.182
       -4.87       8.092
       9.128      -2.698
       -8.62      -4.209
        3.54       8.995
       3.492      -9.092
      -8.781       4.378
       9.501       2.723
      -5.204      -8.486
      -1.909       9.842
       8.113       -6.01
      -10.11      -1.056
       6.788        7.66
      0.1698       -10.3
      -7.132       7.532
       10.41     -0.7413
      -8.233       -6.53
        1.67       10.44
       5.859      -8.884
      -10.39       2.609
       9.479       5.123
       -3.55      -10.24
      -4.326       10.01
       10.01      -4.485
      -10.47      -3.475
       5.406       9.692
       2.576      -10.86
      -9.288       6.304
       11.17       1.635
      -7.171      -8.798
     -0.6587       11.39
       8.226      -7.999
      -11.53      0.3436
       8.781       7.575
      -1.365      -11.58
       -6.85       9.508
       11.53      -2.396
      -10.17      -6.054
        3.43       11.39
       5.193      -10.77
      -11.16       4.457
       11.29       4.272
      -5.468      -10.83
        -3.3       11.74
       10.41      -6.455
      -12.09      -2.283
        7.41       9.899
       1.228      -12.36
      -9.298       8.323
       12.53      0.1439
      -9.187      -8.612
      0.9611       12.61
       7.845      -9.992
      -12.59       2.078
       10.73       7.002
      -3.198      -12.47
      -6.088        11.4
       12.24      -4.312
      -11.99       -5.11
       5.411       11.92
       4.076      -12.49
      -11.49       6.485
       12.91       2.992
      -7.526      -10.97
      -1.867       13.22
       10.35      -8.524
      -13.44     -0.7096
        9.47       9.641
      -0.472      -13.56
      -8.844       10.36
       13.57      -1.668
      -11.17      -7.964
       2.869       13.47
       7.009      -11.92
      -13.27       4.066
       12.58       5.984
      -5.249      -12.95
      -4.897       13.15
       12.54      -6.408
      -13.62      -3.756
       7.532       12.01
       2.569      -13.99
      -11.39       8.614
       14.26       1.345
      -9.643      -10.66
    -0.09333       14.43
       9.846      -10.61
      -14.48       1.176
       11.51        8.94
      -2.453      -14.41
      -7.953       12.33
       14.24      -3.729
      -13.06      -6.889
       4.991       13.95
       5.758       -13.7
      -13.54       6.232
       14.24       4.567
      -7.439      -13.03
      -3.326       14.68
       12.41      -8.604
      -15.01      -2.042
       9.715       11.68
      0.7271      -15.22
      -10.85       10.76
       15.32       -0.61
      -11.74      -9.926
       1.959        15.3
       8.914      -12.64
      -15.16       3.308
       13.45       7.821
      -4.648       -14.9
      -6.654       14.16
       14.52      -5.967
      -14.78      -5.421
       7.255       14.02
       4.132      -15.28
      -13.41       8.501
       15.67       2.796
      -9.694      -12.68
      -1.423       15.94
       11.85      -10.83
       -16.1    -0.02357
       11.89       10.92
      -1.391      -16.12
      -9.891       12.86
       16.03      -2.811
      -13.75      -8.776
       4.224        15.8
        7.58      -14.54
      -15.45       5.619
       15.23       6.312
      -6.985      -14.98
      -4.982       15.81
       14.39      -8.311
      -16.26      -3.599
       9.586       13.67
       2.175       -16.6
      -12.85        10.8
       16.81      0.7188
      -11.94      -11.91
      0.7575       16.89
       10.88         -13
      -16.85       2.244
       13.97       9.748
      -3.726      -16.67
      -8.531       14.84
       16.36      -5.194
      -15.61      -7.235
       6.635       15.91
       5.871      -16.26
      -15.35       8.039
       16.79       4.449
      -9.394      -14.65
      -2.978       17.19
       13.84      -10.69
      -17.47      -1.469
       11.91       12.91
    -0.06343      -17.61
      -11.87       13.06
       17.61       -1.61
      -14.11      -10.74
       3.158       17.49
       9.504      -15.06
      -17.22       4.695
        15.9       8.187
       -6.21      -16.82
      -6.795       16.63
       16.28       -7.69
      -17.24      -5.338
       9.124       15.61
       3.828      -17.71
      -14.82        10.5
       18.06       2.273
      -11.81       -13.9
     -0.6883       18.27
       12.87      -13.03
      -18.33      0.9151
       14.17       11.73
      -2.525      -18.26
      -10.49        15.2
       18.04      -4.129
      -16.13      -9.162
       5.714       17.69
       7.749      -16.93
      -17.19       7.268
       17.62       6.264
      -8.779      -16.55
      -4.718       18.17
       15.79      -10.23
      -18.59      -3.124
       11.62       14.89
       1.492      -18.87
      -13.87       12.93
          19     -0.1636
      -14.15      -12.74
