     -0.1388       1.182
     -0.9841      -1.365
       2.018      0.4185
      -2.045       1.218
       0.766      -2.548
       1.267       2.625
      -2.924      -1.166
       3.147      -1.192
      -1.608       3.187
       -1.02      -3.622
       3.354       2.078
       -4.05      0.7659
        2.57      -3.435
      0.4417        4.43
      -3.435      -3.072
       4.759    -0.05636
      -3.578       3.356
      0.3817      -5.034
       3.204       4.078
       -5.25     -0.8647
       4.566      -2.981
      -1.385       5.406
       -2.69      -5.032
       5.499       1.935
      -5.472       2.335
       2.507      -5.525
        1.92       5.877
      -5.484      -3.092
       6.241      -1.449
      -3.685       5.375
     -0.9287      -6.559
       5.197       4.277
      -6.825      0.3628
        4.86      -4.951
     -0.2423       7.035
      -4.638      -5.427
       7.184      0.8805
      -5.971        4.26
       1.545      -7.268
       3.818       6.485
      -7.285       -2.23
       6.962      -3.316
      -2.928       7.232
      -2.758      -7.395
       7.108        3.63
      -7.779       2.148
       4.331      -6.912
       1.491       8.107
      -6.644      -5.022
       8.376     -0.7928
      -5.697       6.305
    -0.05865       -8.58
       5.895       6.347
      -8.715     -0.7048
       6.966      -5.416
      -1.491       8.778
      -4.873      -7.547
       8.767       2.293
      -8.082       4.267
       3.103      -8.678
       3.604       8.566
      -8.512      -3.913
       8.992      -2.887
      -4.717       8.268
      -2.123      -9.355
       7.945       5.506
       -9.65       1.317
       6.272      -7.545
      0.4752       9.872
      -7.069      -7.009
       10.02      0.3953
      -7.708        6.52
       1.287      -10.08
       5.902       8.362
      -10.07      -2.194
       8.965      -5.217
      -3.106       9.968
      -4.471       -9.51
       9.783       4.017
       -9.99       3.669
       4.918      -9.512
       2.816        10.4
      -9.157      -5.801
       10.73      -1.919
      -6.658       8.718
     -0.9848      -10.99
       8.197       7.482
      -11.16     0.02043
       8.263      -7.597
     -0.9663       11.25
      -6.922      -8.995
       11.24       1.968
      -9.671       6.176
       2.975      -11.15
       5.363       10.28
      -10.96       -3.98
       10.82       -4.49
      -4.973       10.68
      -3.563      -11.29
       10.31       5.948
      -11.67       2.588
       6.894      -9.842
       1.573       11.97
      -9.291      -7.804
       12.18     -0.5253
      -8.668       8.656
      0.5468       -12.3
       7.939        9.48
      -12.31      -1.635
       10.23      -7.145
       -2.73       12.23
      -6.279      -10.91
       12.06       3.824
      -11.52       5.348
       4.906      -11.78
       4.358       12.05
       -11.4      -5.969
       12.49      -3.316
      -7.002       10.93
       -2.23      -12.84
       10.36       7.997
       -13.1       1.107
       8.945      -9.701
    -0.04288       13.25
      -8.954      -9.838
        13.3       1.211
      -10.67       8.124
       2.388      -13.25
       7.216       11.43
      -13.09      -3.564
       12.11      -6.238
      -4.731       12.83
      -5.195       -12.7
       12.46       5.879
       -13.2       4.095
       6.997      -11.98
       2.946       13.61
      -11.41      -8.076
       13.92      -1.758
      -9.108       10.73
     -0.5372      -14.12
       9.968       10.08
      -14.21     -0.7041
       10.99      -9.112
      -1.957       14.19
      -8.172      -11.83
       14.06       3.213
      -12.58       7.155
       4.461      -13.82
       6.068       13.25
      -13.47       -5.69
       13.82      -4.919
      -6.891          13
      -3.716      -14.29
       12.43       8.053
      -14.65       2.468
       9.168      -11.76
       1.185       14.91
      -10.98      -10.23
       15.05       0.124
      -11.22       10.11
       1.448      -15.07
       9.143       12.13
      -14.98      -2.778
       12.96      -8.097
      -4.102       14.77
      -6.974       -13.7
       14.44        5.41
      -14.35       5.784
       6.692         -14
       4.534       14.88
      -13.44      -7.936
       15.31      -3.233
      -9.133       12.76
      -1.893      -15.63
       11.98       10.27
      -15.82      0.5227
       11.34       -11.1
     -0.8674        15.9
      -10.13      -12.34
       15.85       2.267
      -13.25       9.058
       3.664      -15.67
       7.908       14.07
      -15.38      -5.048
       14.79      -6.683
      -6.407       14.96
      -5.393       -15.4
       14.42       7.731
      -15.89       4.047
       9.009      -13.76
       2.656       16.27
      -12.98      -10.23
       16.53       -1.23
      -11.38        12.1
      0.2207      -16.66
       11.12       12.46
      -16.66      -1.686
       13.45      -10.04
      -3.151       16.53
      -8.865      -14.35
       16.27       4.607
      -15.15       7.613
       6.042      -15.88
        6.29       15.83
      -15.37      -7.443
        16.4      -4.905
      -8.801       14.73
      -3.469      -16.85
       13.97        10.1
      -17.17       1.992
       11.34       -13.1
      0.4854       17.36
      -12.11       -12.5
       17.42       1.039
      -13.57       11.02
       2.569      -17.34
       9.839       14.55
      -17.13      -4.094
       15.43       -8.57
      -5.601       16.78
      -7.219      -16.19
        16.3       7.078
      -16.84       5.803
       8.514      -15.69
       4.326       17.36
      -14.95      -9.896
       17.75      -2.807
      -11.21       14.09
      -1.248         -18
       13.11       12.46
      -18.12     -0.3297
       13.62      -12.02
      -1.923        18.1
      -10.83      -14.68
       17.94       3.513
      -15.63       9.546
       5.089      -17.64
       8.179       16.48
       -17.2      -6.639
        17.2      -6.733
      -8.151       16.62
      -5.227       -17.8
       15.91       9.612
      -18.26       3.664
       11.01      -15.07
       2.064       18.59
       -14.1      -12.34
       18.77     -0.4309
      -13.58       13.02
       1.217      -18.81
       11.83       14.72
      -18.71      -2.868
       15.76      -10.54
       -4.51       18.46
      -9.159      -16.69
