      -1.169      0.2212
       1.008      -1.347
      0.2046       2.051
      -1.774      -1.586
        2.66    -0.03167
      -2.125       1.994
      0.2379      -3.139
       2.079       2.646
      -3.522     -0.5801
       3.151      -2.057
     -0.9793       3.823
      -1.943      -3.635
       4.047       1.424
      -4.095       1.747
       1.904      -4.197
       1.478       4.524
      -4.273      -2.409
       4.917      -1.142
      -2.932       4.278
     -0.7462      -5.268
       4.211       3.464
      -5.573      0.2966
       3.997      -4.073
     -0.2006       5.825
      -3.865      -4.522
       6.022      0.7381
      -5.033       3.591
       1.309      -6.158
       3.251       5.521
      -6.232      -1.907
       5.981      -2.849
      -2.525       6.239
      -2.389      -6.404
       6.179       3.155
      -6.785       1.874
        3.79       -6.05
        1.31       7.118
      -5.851      -4.422
       7.397     -0.7002
      -5.045       5.584
    -0.05208      -7.618
       5.247        5.65
      -7.777      -0.629
        6.23      -4.845
      -1.336       7.869
      -4.378      -6.779
       7.892       2.064
      -7.289       3.849
       2.804      -7.843
       3.263       7.755
      -7.721      -3.549
       8.169      -2.624
      -4.292       7.524
      -1.935      -8.527
       7.253       5.025
      -8.822       1.204
       5.742      -6.908
      0.4357       9.051
       -6.49      -6.434
       9.209      0.3634
      -7.094       6.002
       1.186      -9.293
       5.446       7.715
        -9.3      -2.026
       8.291      -4.826
      -2.875       9.229
      -4.145      -8.813
       9.076       3.726
      -9.277       3.408
       4.572      -8.843
        2.62       9.677
      -8.529      -5.403
       10.01      -1.789
      -6.212       8.134
     -0.9196      -10.26
       7.661       6.993
      -10.44     0.01911
       7.735      -7.112
     -0.9053       10.54
      -6.491      -8.434
       10.55       1.846
       -9.08         5.8
       2.795      -10.47
       5.044       9.668
      -10.31      -3.744
       10.19      -4.228
      -4.685       10.06
      -3.359      -10.64
       9.722        5.61
      -11.02       2.443
       6.511      -9.297
       1.487       11.32
      -8.787      -7.379
       11.53      -0.497
      -8.206       8.195
      0.5179      -11.65
       7.524       8.984
      -11.68       -1.55
       9.706      -6.779
      -2.591       11.61
      -5.963      -10.36
       11.45       3.632
      -10.95       5.083
       4.665       -11.2
       4.146       11.47
      -10.85       -5.68
        11.9      -3.157
       -6.67       10.41
      -2.125      -12.24
       9.879       7.624
      -12.49       1.056
       8.535      -9.258
    -0.04016       12.65
      -8.552      -9.395
       12.71       1.156
      -10.19       7.765
       2.282      -12.67
       6.902       10.93
      -12.52      -3.409
       11.59       -5.97
      -4.529       12.28
      -4.975      -12.16
       11.93       5.631
      -12.65       3.924
       6.707      -11.49
       2.825       13.05
      -10.94      -7.747
       13.36      -1.687
      -8.742       10.31
     -0.5166      -13.56
       9.575       9.684
      -13.65     -0.6757
       10.56      -8.757
      -1.881       13.64
      -7.858      -11.37
       13.53       3.089
      -12.11       6.884
       4.291       -13.3
       5.842       12.75
      -12.97      -5.478
       13.31      -4.738
      -6.638       12.53
      -3.581      -13.77
       11.98       7.762
      -14.13        2.38
        8.84      -11.34
       1.144       14.38
      -10.59      -9.865
       14.52      0.1188
      -10.83       9.755
       1.397      -14.55
       8.829       11.71
      -14.47      -2.682
       12.52      -7.822
      -3.962       14.27
      -6.741      -13.24
       13.96       5.229
      -13.87       5.592
       6.471      -13.54
       4.386        14.4
         -13      -7.677
       14.82       -3.13
      -8.839       12.35
      -1.834      -15.13
        11.6       9.946
      -15.32      0.5071
       10.99      -10.75
     -0.8394        15.4
      -9.811      -11.96
       15.36       2.195
      -12.85        8.78
       3.551      -15.19
       7.668       13.64
      -14.91      -4.894
       14.34      -6.483
      -6.215       14.51
      -5.234      -14.94
       13.99       7.502
      -15.43        3.93
       8.745      -13.35
        2.58        15.8
      -12.61      -9.934
       16.05      -1.196
      -11.06       11.76
      0.2134      -16.18
        10.8       12.11
      -16.19      -1.636
       13.08      -9.754
      -3.062       16.07
      -8.619      -13.95
       15.82       4.479
      -14.73       7.404
       5.875      -15.45
        6.12        15.4
      -14.95      -7.241
       15.96      -4.774
      -8.565       14.34
      -3.378       -16.4
        13.6       9.835
      -16.71       1.941
       11.04      -12.75
      0.4748        16.9
       -11.8      -12.17
       16.96       1.012
      -13.22       10.74
       2.501      -16.89
       9.589       14.18
      -16.69       -3.99
       15.04      -8.353
      -5.458       16.36
      -7.039      -15.78
       15.89       6.901
      -16.42       5.659
       8.301       -15.3
       4.222       16.93
      -14.58      -9.653
       17.31      -2.738
      -10.94       13.74
      -1.218      -17.57
       12.79       12.16
      -17.69     -0.3218
       13.29      -11.73
      -1.877       17.67
      -10.58      -14.33
       17.52       3.428
      -15.26       9.323
        4.97      -17.22
       7.988       16.09
       -16.8      -6.483
        16.8      -6.579
      -7.963       16.24
      -5.107      -17.39
       15.54       9.393
      -17.85       3.581
       10.76      -14.73
       2.018       18.17
      -13.79      -12.06
       18.35     -0.4213
      -13.27       12.73
       1.187      -18.39
       11.57        14.4
       -18.3      -2.805
       15.42      -10.31
       -4.41       18.06
      -8.962      -16.33
       17.67       5.998
      -17.12       7.531
        7.55      -17.15
       6.028       17.78
      -16.49      -9.057
       18.31       -4.47
      -10.51        15.7
      -2.861      -18.71
       14.78       11.88
      -18.96       1.222
       13.18      -13.73
