     -0.9406     -0.7286
       1.677     -0.1387
        -1.4       1.513
     0.01191       -2.38
       1.787       1.971
      -2.902     -0.2694
       2.508      -1.903
     -0.6028       3.311
      -1.901      -3.021
       3.629       0.995
      -3.511       1.801
       1.433      -3.864
       1.617       3.974
      -4.023      -1.907
       4.404      -1.357
      -2.407       4.106
      -1.029      -4.797
       4.115       2.924
      -5.147      0.6404
        3.45      -4.051
      0.1977       5.449
      -3.916      -3.976
       5.699      0.2926
      -4.494       3.712
      0.8233      -5.892
        3.44       4.998
      -6.025      -1.388
       5.479      -3.102
      -1.979       6.094
      -2.703       -5.93
       6.098       2.589
      -6.345       2.246
       3.211      -6.034
       1.734       6.718
      -5.901      -3.837
       7.042      -1.173
      -4.461       5.699
     -0.5681      -7.313
       5.428       5.074
      -7.525    -0.07545
       5.669       -5.09
     -0.7512       7.674
      -4.685      -6.239
       7.758       1.453
      -6.777       4.216
       2.173      -7.772
       3.687       7.276
      -7.714      -2.906
        7.73        -3.1
      -3.643       7.584
      -2.461      -8.133
        7.38       4.377
      -8.478       1.775
         5.1      -7.102
       1.046       8.762
       -6.75      -5.806
       8.979     -0.2806
      -6.487       6.327
      0.5144      -9.125
       5.833       7.135
      -9.197      -1.332
       7.744      -5.273
      -2.166       9.192
      -4.649      -8.306
       9.109       3.008
      -8.815       3.965
       3.851      -8.946
       3.227       9.266
      -8.702      -4.687
       9.651       -2.44
      -5.508       8.377
      -1.609      -9.967
       7.974       6.306
      -10.21      0.7415
       7.074      -7.492
     -0.1561       10.37
      -6.936      -7.804
       10.45       1.076
      -8.489       6.307
       2.011      -10.45
       5.611       9.121
      -10.36      -2.954
       9.694      -4.851
      -3.895       10.19
      -4.032       -10.2
       9.922       4.827
      -10.64       3.161
       5.741      -9.572
       2.245          11
      -9.135       -6.63
       11.28      -1.288
      -7.486       8.614
     -0.3008      -11.47
       8.012       8.299
      -11.58      -0.711
       9.063      -7.333
      -1.738       11.59
       -6.58      -9.769
       11.51       2.773
      -10.41       5.759
       3.806      -11.34
       4.874       10.98
      -11.07       -4.83
       11.48      -3.933
      -5.835       10.71
      -2.943      -11.89
       10.25       6.812
      -12.22       1.909
       7.755      -9.704
      0.8411       12.45
      -9.071      -8.652
       12.59      0.2529
      -9.496       8.355
       1.365      -12.63
       7.558       10.28
      -12.57      -2.485
          11      -6.688
      -3.605       12.41
       -5.75      -11.64
       12.15       4.716
       -12.2        4.75
       5.808      -11.79
       3.696       12.67
      -11.33      -6.873
       13.05      -2.594
        -7.9       10.77
      -1.455      -13.33
       10.12       8.881
      -13.51      0.2862
       9.807      -9.374
      -0.903       13.59
      -8.545      -10.67
       13.56       2.103
      -11.46       7.637
       3.305      -13.42
       6.655       12.18
      -13.18      -4.499
        12.8      -5.606
      -5.675       12.83
      -4.496      -13.34
       12.37       6.824
      -13.78       3.336
       7.935      -11.81
       2.133       14.12
      -11.15          -9
       14.35     -0.8972
      -10.01       10.39
      0.3631      -14.47
       9.539       10.95
      -14.48      -1.638
       11.82      -8.602
      -2.917       14.38
      -7.585      -12.61
       14.16        4.19
      -13.31       6.496
       5.447      -13.83
        5.34       13.92
      -13.38      -6.678
       14.42      -4.129
      -7.871       12.83
       -2.87      -14.82
       12.17       9.019
      -15.11       1.573
       10.11       -11.4
      0.2472       15.28
      -10.54      -11.13
       15.34       1.096
      -12.09        9.58
       2.447      -15.27
       8.537       12.95
      -15.09      -3.796
       13.73      -7.414
      -5.131       14.78
      -6.221      -14.41
       14.36       6.441
      -14.98       4.966
       7.715      -13.82
       3.658       15.45
      -13.17      -8.944
        15.8      -2.306
      -10.12        12.4
     -0.9215      -16.03
       11.54       11.22
      -16.13     -0.4857
       12.26      -10.57
      -1.904       16.11
      -9.507       -13.2
       15.97       3.325
      -14.06       8.359
       4.733       -15.7
       7.136       14.81
      -15.31       -6.12
       15.46      -5.843
      -7.474       14.79
      -4.492         -16
       14.15       8.783
      -16.41       3.092
       10.04       -13.4
       1.654        16.7
      -12.53      -11.23
       16.87     -0.1884
      -12.34       11.56
       1.293       -16.9
       10.49       13.37
      -16.81      -2.781
       14.31      -9.325
       -4.26       16.58
      -8.078      -15.14
       16.22       5.721
      -15.86       6.756
       7.151      -15.73
       5.368       16.47
      -15.12      -8.539
       16.96      -3.926
      -9.875       14.38
      -2.439      -17.32
       13.53       11.15
      -17.54      0.9197
       12.34      -12.56
     -0.6204       17.64
      -11.48      -13.45
       17.59        2.17
      -14.47       10.31
       3.716      -17.42
       9.044       15.39
       -17.1      -5.248
       16.19      -7.698
      -6.753       16.65
      -6.281      -16.87
       16.06       8.218
      -17.43       4.802
       9.633      -15.35
       3.273       17.86
      -14.51      -10.99
       18.16      -1.705
      -12.26       13.55
     -0.1118      -18.32
       12.48       13.46
      -18.33      -1.496
       14.56       -11.3
      -3.106       18.21
      -10.03      -15.56
       17.94       4.706
      -16.44       8.667
       6.282      -17.53
       7.226       17.21
      -16.98      -7.822
       17.84      -5.716
      -9.316        16.3
       -4.15      -18.35
       15.49       10.75
      -18.72        2.54
       12.11      -14.54
      0.8979       18.94
      -13.48      -13.39
       19.02      0.7645
