       1.181     -0.1446
       -1.37     -0.9774
      0.4284       2.016
       1.208       -2.05
      -2.544      0.7784
       2.631       1.254
      -1.181      -2.918
      -1.176       3.153
       3.179      -1.623
      -3.627      -1.002
       2.095       3.344
      0.7461      -4.054
      -3.423       2.586
       4.432      0.4201
      -3.089       -3.42
    -0.03312       4.759
       3.339      -3.594
      -5.032      0.4063
       4.094       3.184
     -0.8904      -5.246
      -2.958        4.58
       5.399      -1.411
      -5.046      -2.665
       1.961       5.489
       2.308      -5.483
      -5.513       2.533
       5.886       1.891
      -3.119      -5.469
      -1.419       6.248
       5.357      -3.711
      -6.564     -0.8966
       4.302       5.176
      0.3295      -6.827
      -4.928       4.884
       7.034     -0.2767
       -5.45      -4.612
      0.9156       7.179
        4.23      -5.992
       -7.26       1.581
       6.503       3.786
      -2.265      -7.274
      -3.282       6.978
       7.218      -2.963
      -7.408      -2.722
       3.665        7.09
        2.11      -7.789
      -6.891       4.365
       8.115       1.452
      -5.055       -6.62
     -0.7519        8.38
       6.277      -5.727
       -8.58    -0.01675
       6.376       5.864
     -0.7474      -8.711
      -5.382       6.993
       8.771      -1.534
       -7.57      -4.836
       2.335       8.755
       4.228      -8.103
      -8.663       3.145
       8.583       3.562
      -3.955      -8.493
      -2.843       9.006
       8.245      -4.757
      -9.365      -2.077
       5.544       7.918
        1.27      -9.656
      -7.514       6.309
       9.874       0.427
      -7.043      -7.035
      0.4442       10.02
       6.483       -7.74
      -10.08       1.337
       8.391       5.861
      -2.243      -10.06
      -5.174        8.99
       9.953      -3.155
      -9.531      -4.425
       4.065       9.763
        3.62      -10.01
      -9.488       4.965
       10.41       2.765
      -5.846      -9.128
      -1.867       10.74
       8.685      -6.701
      -10.99     -0.9311
       7.522        8.16
    -0.03408      -11.16
      -7.556         8.3
       11.24      -1.021
      -9.029      -6.878
       2.023       11.23
       6.128      -9.701
      -11.13       3.029
       10.31       5.313
      -4.033      -10.94
      -4.437       10.85
       10.65      -5.026
      -11.31      -3.508
       5.998       10.28
       2.531      -11.69
      -9.808       6.942
       11.98       1.514
      -7.849      -9.253
     -0.4658       12.18
       8.613      -8.711
      -12.29      0.6068
       9.519       7.892
      -1.696      -12.31
      -7.095       10.27
       12.22       -2.79
      -10.95      -6.226
       3.882       12.04
       5.292      -11.55
      -11.75       4.963
       12.07       4.299
      -6.024      -11.37
      -3.255       12.51
       10.89      -7.055
      -12.85      -2.167
       8.047       10.32
       1.043       -13.1
      -9.657       8.992
       13.25     -0.1076
      -9.882      -8.906
       1.276       13.29
       8.072      -10.71
      -13.24       2.452
       11.46        7.16
      -3.628      -13.07
      -6.178       12.14
        12.8      -4.793
      -12.73      -5.132
        5.94       12.43
        4.03      -13.22
      -11.95       7.055
       13.63        2.88
      -8.132      -11.37
       -1.69       13.93
       10.69       -9.16
      -14.12     -0.4682
       10.13       9.919
     -0.7735      -14.21
      -9.058       11.04
       14.18      -2.027
      -11.87      -8.114
       3.281       14.05
       7.094      -12.62
       -13.8       4.528
       13.28       6.003
      -5.756      -13.44
      -4.852       13.84
       12.97      -6.954
      -14.31      -3.647
       8.114       12.39
       2.396      -14.67
      -11.71       9.225
       14.91       1.112
      -10.28      -10.93
      0.1975       15.05
       10.05      -11.27
      -15.07       1.522
       12.18       9.084
      -2.851      -14.97
      -8.033          13
       14.75      -4.175
      -13.74      -6.907
       5.481       14.42
       5.714      -14.37
      -13.96        6.76
       14.91       4.461
      -8.002       -13.4
      -3.158       15.33
       12.72      -9.195
      -15.63      -1.818
       10.33       11.93
      0.4444      -15.82
      -11.05        11.4
       15.89      -0.944
      -12.39      -10.07
       2.345       15.83
       8.993       -13.3
      -15.66        3.74
       14.11       7.839
      -5.123      -15.35
      -6.611       14.82
       14.92       -6.48
      -15.42      -5.317
       7.801       14.38
       3.971      -15.91
      -13.71       9.076
       16.28       2.576
      -10.29      -12.93
       -1.15       16.53
       12.05      -11.44
      -16.65       0.303
       12.52       11.06
      -1.767      -16.65
      -9.969        13.5
       16.51      -3.232
      -14.39      -8.794
       4.686       16.25
       7.539      -15.18
      -15.85       6.119
       15.86       6.213
      -7.518      -15.33
      -4.824       16.42
       14.69      -8.873
      -16.86      -3.388
       10.17       13.92
       1.908      -17.18
      -13.04        11.4
       17.36      0.4006
      -12.56      -12.05
       1.124       17.41
       10.96      -13.63
      -17.33       2.654
        14.6       9.768
      -4.178      -17.11
      -8.494       15.47
       16.75      -5.683
      -16.23      -7.139
       7.158       16.26
       5.721      -16.86
      -15.64        8.59
       17.38       4.242
      -9.969       -14.9
       -2.72       17.76
       14.03      -11.28
      -18.01       -1.16
       12.52       13.05
     -0.4182      -18.12
      -11.95       13.67
       18.09      -2.011
      -14.73      -10.76
         3.6       17.92
       9.469      -15.68
      -17.61       5.175
       16.52       8.098
      -6.723      -17.16
      -6.649       17.23
       16.58      -8.232
      -17.82       -5.14
        9.69       15.86
       3.575      -18.28
      -15.01       11.08
        18.6       1.973
      -12.41      -14.04
     -0.3392       18.77
       12.96      -13.64
       -18.8       1.308
       14.78       11.76
      -2.959      -18.69
      -10.47       15.81
       18.43        -4.6
      -16.73      -9.077
