       1.011     -0.6266
      -1.653     -0.3128
       1.234        1.65
      0.2362      -2.368
      -1.983       1.774
       2.914     0.03469
      -2.296      -2.154
      0.2545       3.356
       2.205      -2.807
      -3.713      0.6115
       3.304       2.157
      -1.023      -3.993
      -2.022       3.783
         4.2      -1.478
      -4.238      -1.809
       1.966       4.334
       1.524      -4.663
      -4.397       2.479
       5.052       1.174
      -3.009      -4.389
     -0.7647       5.399
        4.31      -3.546
      -5.698     -0.3033
       4.083        4.16
     -0.2048      -5.946
      -3.942       4.612
       6.137     -0.7522
      -5.125      -3.656
       1.333       6.267
       3.306      -5.616
      -6.335       1.939
       6.076       2.895
      -2.564      -6.336
      -2.425         6.5
       6.269      -3.201
      -6.881      -1.901
       3.842       6.133
       1.327      -7.213
      -5.928        4.48
       7.492      0.7091
      -5.107      -5.653
    -0.05271       7.711
        5.31      -5.717
      -7.867      0.6362
       6.301       4.899
      -1.351      -7.956
      -4.425       6.852
       7.975      -2.086
      -7.365      -3.889
       2.832       7.922
       3.296      -7.832
      -7.796       3.583
       8.247       2.649
      -4.332      -7.595
      -1.953       8.605
       7.319      -5.071
        -8.9      -1.215
       5.792       6.969
      0.4394      -9.129
      -6.545       6.489
       9.286     -0.3664
      -7.152      -6.051
       1.196       9.368
       5.489      -7.776
      -9.373       2.042
       8.354       4.863
      -2.897      -9.298
      -4.175       8.879
       9.143      -3.754
      -9.344      -3.432
       4.604       8.906
       2.639      -9.745
      -8.588        5.44
       10.08       1.801
      -6.254      -8.189
     -0.9258       10.33
       7.712      -7.038
      -10.51    -0.01924
       7.785       7.158
      -0.911       -10.6
      -6.531       8.486
       10.61      -1.857
      -9.136      -5.835
       2.812       10.54
       5.074      -9.726
      -10.37       3.766
       10.25       4.253
      -4.712      -10.12
      -3.378        10.7
       9.777      -5.642
      -11.08      -2.457
       6.547       9.348
       1.495      -11.38
      -8.834       7.419
       11.59      0.4996
      -8.249      -8.238
      0.5206       11.71
       7.563       -9.03
      -11.74       1.558
       9.755       6.813
      -2.604      -11.67
      -5.992       10.42
       11.51       -3.65
      -11.01      -5.108
       4.687       11.26
       4.166      -11.52
       -10.9       5.707
       11.95       3.172
      -6.701      -10.46
      -2.135        12.3
       9.924      -7.659
      -12.55      -1.061
       8.573       9.299
    -0.04034       -12.7
      -8.589       9.436
       12.76      -1.161
      -10.24      -7.797
       2.292       12.72
       6.931      -10.97
      -12.58       3.424
       11.63       5.995
      -4.547      -12.33
      -4.995       12.21
       11.98      -5.655
      -12.71       -3.94
       6.734       11.53
       2.837      -13.11
      -10.99       7.778
       13.41       1.693
      -8.776      -10.34
     -0.5186       13.61
       9.611      -9.721
       -13.7      0.6782
        10.6        8.79
      -1.888       -13.7
      -7.887       11.42
       13.58      -3.101
      -12.15      -6.909
       4.307       13.35
       5.862       -12.8
      -13.01       5.497
       13.36       4.755
      -6.661      -12.57
      -3.594       13.82
       12.03      -7.789
      -14.18      -2.388
       8.871       11.38
       1.147      -14.43
      -10.63       9.899
       14.57     -0.1192
      -10.86      -9.787
       1.402        14.6
       8.858      -11.75
      -14.52       2.691
       12.56       7.847
      -3.976      -14.32
      -6.762       13.29
       14.01      -5.246
      -13.91       -5.61
       6.491       13.58
       4.399      -14.44
      -13.04       7.701
       14.86       3.139
      -8.866      -12.39
      -1.839       15.17
       11.64      -9.976
      -15.37     -0.5086
       11.02       10.79
     -0.8418      -15.44
       -9.84       11.99
        15.4      -2.202
      -12.88      -8.805
       3.562       15.24
        7.69      -13.68
      -14.96       4.908
       14.38       6.501
      -6.232      -14.55
      -5.248       14.98
       14.03      -7.523
      -15.47       -3.94
        8.77       13.39
       2.587      -15.84
      -12.64       9.962
       16.09       1.199
      -11.09      -11.79
       0.214       16.23
       10.83      -12.14
      -16.23       1.641
       13.11        9.78
       -3.07      -16.11
      -8.641       13.99
       15.86      -4.491
      -14.77      -7.424
       5.891       15.49
       6.136      -15.44
      -14.99        7.26
          16       4.786
      -8.587      -14.37
      -3.386       16.44
       13.64       -9.86
      -16.76      -1.946
       11.07       12.78
      0.4759      -16.95
      -11.83        12.2
       17.01      -1.014
      -13.26      -10.77
       2.507       16.93
       9.612      -14.22
      -16.73       3.999
       15.07       8.373
      -5.471      -16.39
      -7.056       15.82
       15.93      -6.918
      -16.46      -5.672
        8.32       15.33
        4.23      -16.97
      -14.61       9.676
       17.35       2.745
      -10.97      -13.78
      -1.221       17.61
       12.82      -12.18
      -17.73      0.3225
       13.32       11.76
      -1.881      -17.71
       -10.6       14.36
       17.55      -3.436
       -15.3      -9.344
       4.981       17.26
       8.006      -16.13
      -16.83       6.497
       16.84       6.594
      -7.981      -16.27
      -5.118       17.43
       15.58      -9.413
      -17.88      -3.588
       10.78       14.76
       2.022      -18.21
      -13.82       12.08
       18.39      0.4221
       -13.3      -12.76
        1.19       18.43
        11.6      -14.43
      -18.33       2.811
       15.45       10.33
      -4.419      -18.09
       -8.98       16.36
       17.71       -6.01
      -17.15      -7.546
       7.565       17.18
        6.04      -17.82
      -16.52       9.075
       18.35       4.479
      -10.53      -15.73
      -2.867       18.74
       14.81      -11.91
         -19      -1.224
