       1.004     -0.6386
     -0.4369       1.625
     -0.9498      -1.829
       2.235      0.8164
      -2.459       1.015
       1.235       -2.64
       0.942       3.004
      -2.912      -1.688
       3.486     -0.7663
      -2.164       3.078
     -0.5069      -3.914
       3.151       2.656
      -4.286       0.177
       3.156       -3.14
     -0.2132       4.603
      -3.049      -3.654
       4.862      0.6546
      -4.144       2.883
       1.139       -5.06
       2.645       4.617
      -5.194      -1.658
       5.066       -2.34
      -2.204       5.264
      -1.972      -5.485
       5.266       2.768
      -5.867       1.546
       3.344        -5.2
       1.066       6.205
      -5.065      -3.924
       6.495     -0.5372
      -4.499       4.862
     0.03379      -6.731
       4.592       5.063
      -6.908     -0.6413
       5.608      -4.255
      -1.279       7.023
      -3.854      -6.126
       7.073        1.94
      -6.611       3.391
       2.617      -7.055
       2.871       7.057
      -6.967      -3.304
       7.456      -2.297
      -3.992       6.808
      -1.674      -7.804
       6.578       4.675
      -8.095       1.007
       5.344      -6.276
      0.3018       8.323
      -5.904      -5.994
       8.486      0.4358
      -6.616       5.464
       1.199      -8.579
       4.957       7.203
      -8.599      -1.981
       7.748      -4.387
      -2.774       8.544
      -3.758      -8.245
       8.412       3.572
      -8.688       3.075
       4.365      -8.204
       2.341       9.071
      -7.917      -5.148
       9.389      -1.564
      -5.913       7.554
     -0.7485      -9.637
       7.115        6.65
      -9.811    -0.09853
       7.354      -6.603
       -0.97       9.907
       -6.02      -8.017
       9.923       1.858
      -8.632        5.37
       2.756      -9.857
       4.657       9.192
      -9.707      -3.656
        9.69      -3.886
       -4.55       9.472
      -3.063      -10.12
       9.153       5.429
      -10.48       2.194
       6.285      -8.751
       1.284       10.76
      -8.267      -7.112
       10.96     -0.3425
        -7.9       7.704
      0.6248      -11.08
       7.064       8.642
      -11.11      -1.609
        9.33      -6.353
      -2.603       11.05
      -5.573      -9.959
        10.9       3.598
      -10.52       4.732
       4.586      -10.65
       3.834       11.01
      -10.32      -5.557
       11.42      -2.886
      -6.504       9.892
      -1.896      -11.75
       9.379       7.417
      -11.99      0.8701
        8.29       -8.78
      -0.183       12.13
      -8.099      -9.113
       12.19       1.255
      -9.879        7.34
       2.337      -12.14
       6.509       10.58
         -12      -3.421
       11.21      -5.609
      -4.497       11.76
      -4.649      -11.76
       11.42       5.557
      -12.23       3.635
       6.592      -10.99
       2.573       12.61
      -10.46      -7.593
        12.9      -1.473
       -8.55       9.838
     -0.3427      -13.08
       9.128       9.455
      -13.17     -0.8091
        10.3      -8.334
      -1.973       13.16
      -7.461      -11.08
       13.04       3.141
      -11.78       6.515
       4.302      -12.81
       5.503        12.4
      -12.48      -5.447
       12.93      -4.431
      -6.568       12.05
      -3.308      -13.37
       11.51       7.653
      -13.71       2.142
       8.694      -10.88
      0.9421       13.95
      -10.15      -9.681
       14.08      0.2827
      -10.61       9.332
       1.523       -14.1
       8.429       11.46
      -14.01      -2.769
       12.24      -7.446
       -4.01       13.81
      -6.391      -12.93
       13.49       5.238
      -13.53        5.27
       6.441      -13.07
       4.094       14.04
      -12.54      -7.609
       14.43       -2.87
      -8.734       11.91
      -1.607      -14.73
       11.17       9.804
      -14.91      0.3158
       10.81      -10.33
     -0.9948       14.97
      -9.408      -11.75
       14.92       2.314
       -12.6       8.397
       3.632      -14.75
       7.308       13.37
      -14.46      -4.939
       14.04      -6.147
      -6.221       14.06
      -4.925      -14.61
       13.54       7.471
      -15.08        3.65
       8.678      -12.91
       2.332       15.43
      -12.18       -9.83
       15.66     -0.9795
      -10.92       11.34
       0.396      -15.78
        10.4       11.94
      -15.77      -1.784
       12.87      -9.366
      -3.174       15.64
      -8.249      -13.72
       15.39       4.556
      -14.47       7.057
       5.916      -15.02
       5.797       15.11
      -14.52      -7.245
       15.64      -4.478
      -8.532        13.9
      -3.109      -16.06
       13.18       9.767
      -16.36       1.702
       10.94      -12.34
      0.2674       16.53
      -11.39      -12.04
       16.57       1.185
      -13.05       10.35
       2.643      -16.49
       9.213       13.98
      -16.28      -4.096
       14.81      -7.995
      -5.531       15.94
      -6.703      -15.53
       15.47       6.937
      -16.13       5.347
       8.303      -14.88
       3.935       16.62
      -14.16      -9.619
       16.98      -2.479
      -10.87       13.33
     -0.9899      -17.21
       12.39       12.05
      -17.32     -0.5213
       13.15      -11.34
      -2.043       17.29
      -10.19      -14.16
       17.12       3.564
      -15.07       8.957
        5.07      -16.82
       7.641       15.86
      -16.39      -6.551
       16.55      -6.253
      -7.995       15.82
      -4.804      -17.11
       15.13       9.389
      -17.54       3.305
       10.72      -14.32
       1.767       17.84
      -13.38      -11.99
          18     -0.2011
      -13.17       12.34
        1.38      -18.03
       11.19       14.26
      -17.92      -2.965
       15.25      -9.939
      -4.539       17.67
      -8.604      -16.13
       17.27       6.092
      -16.89       7.192
       7.611      -16.75
       5.712       17.53
      -16.08      -9.083
       18.03      -4.175
       -10.5       15.29
      -2.593       -18.4
       14.37       11.84
      -18.64      0.9781
       13.11      -13.34
     -0.6587       18.73
      -12.19      -14.28
       18.67       2.303
      -15.35       10.94
       3.942      -18.47
        9.59       16.32
      -18.13      -5.564
       17.16      -8.159
      -7.155       17.64
