      0.7052      0.9583
      -1.651     -0.3256
        1.76      -1.072
     -0.6628       2.285
       -1.18      -2.385
       2.717       1.053
      -2.933       1.144
       1.486      -3.019
       1.001       3.426
      -3.218       -1.95
        3.87     -0.7713
      -2.437       3.324
     -0.4673      -4.264
       3.347       2.936
      -4.607     0.09957
       3.439       -3.29
     -0.3232       4.895
      -3.157      -3.939
       5.125      0.7928
      -4.427       2.952
       1.302      -5.295
       2.678       4.896
      -5.401      -1.841
       5.339       -2.34
      -2.405       5.441
       -1.94      -5.748
       5.415       2.984
      -6.119       1.484
       3.571       -5.32
      0.9765       6.443
      -5.156      -4.159
       6.717     -0.4229
       -4.74       4.925
      0.1711      -6.936
       4.625       5.306
      -7.094     -0.7993
        5.85      -4.261
      -1.455       7.189
      -3.832      -6.366
       7.217       2.132
      -6.846       3.343
       2.823      -7.176
       2.798       7.283
      -7.064      -3.521
       7.672        -2.2
      -4.218        6.88
      -1.554      -8.008
       6.624       4.906
      -8.284      0.8658
       5.579      -6.297
      0.1411       8.496
        -5.9      -6.229
        8.64      0.6139
       -6.85       5.434
       1.393      -8.713
       4.903       7.432
      -8.712      -2.188
       7.971      -4.309
      -2.993       8.635
      -3.657       -8.46
       8.481       3.799
      -8.892       2.951
       4.599      -8.248
       2.197       9.262
      -7.938      -5.386
       9.564      -1.401
      -6.152        7.55
     -0.5675      -9.795
       7.086       6.889
       -9.95     -0.2953
       7.591      -6.549
      -1.181       10.03
      -5.943      -8.248
       10.02       2.081
      -8.855        5.27
       2.989      -9.933
       4.535       9.405
      -9.759      -3.897
       9.891      -3.743
      -4.795       9.501
        -2.9      -10.31
       9.157       5.677
      -10.65       2.012
       6.534      -8.731
       1.086       10.92
      -8.222      -7.359
        11.1     -0.1287
      -8.143       7.634
      0.8516      -11.19
       6.971       8.878
       -11.2      -1.848
       9.558      -6.236
      -2.851       11.11
      -5.435      -10.18
       10.94       3.852
      -10.72       4.572
       4.844      -10.67
       3.655        11.2
      -10.31      -5.817
       11.59      -2.689
      -6.764       9.861
      -1.682       -11.9
       9.322       7.676
      -12.12      0.6411
       8.543      -8.699
     -0.4247       12.24
      -7.994      -9.359
       12.27       1.508
      -10.11       7.211
       2.599      -12.21
       6.357        10.8
      -12.04      -3.689
       11.42      -5.436
       -4.77       11.77
      -4.456      -11.96
       11.41       5.831
      -12.41       3.423
       6.866      -10.95
       2.345       12.77
       -10.4      -7.863
       13.03       -1.23
      -8.814       9.748
    -0.08699       -13.2
       9.013       9.711
      -13.26      -1.076
       10.55      -8.195
      -2.249       13.22
      -7.299      -11.31
       13.07       3.423
         -12       6.331
       4.588      -12.82
       5.298        12.6
      -12.47      -5.735
       13.11      -4.208
      -6.854       12.01
      -3.068      -13.53
       11.44       7.936
      -13.85       1.887
       8.971      -10.78
      0.6726       14.06
      -10.03       -9.95
       14.17      0.5633
      -10.87       9.187
       1.812      -14.16
       8.259       11.71
      -14.05      -3.065
       12.47      -7.253
       -4.31       13.82
      -6.177      -13.14
       13.48        5.54
      -13.73       5.037
       6.741      -13.03
       3.843       14.21
      -12.47      -7.906
       14.58      -2.603
      -9.024       11.81
      -1.326      -14.85
       11.04       10.09
         -15     0.02288
       11.08      -10.18
      -1.297       15.04
      -9.233         -12
       14.96       2.623
      -12.84       8.198
       3.946      -14.77
       7.086       13.59
      -14.45      -5.253
       14.25      -5.906
      -6.535       14.02
      -4.665       -14.8
       13.47       7.782
      -15.24       3.373
       8.982      -12.82
        2.04       15.56
      -12.05      -10.13
       15.77     -0.6752
       -11.2       11.18
      0.7101      -15.86
       10.22       12.21
      -15.82      -2.106
       13.13      -9.162
      -3.501       15.67
      -8.023      -13.95
       15.38       4.884
      -14.68       6.809
       6.244      -14.98
       5.529        15.3
      -14.45       -7.57
       15.81      -4.191
      -8.851       13.81
      -2.808       -16.2
       13.05       10.08
      -16.47       1.388
       11.24      -12.18
    -0.05783       16.61
      -11.21      -12.32
       16.63       1.519
      -13.32       10.14
       2.982      -16.52
       8.982       14.23
      -16.27      -4.437
       15.03      -7.742
      -5.872        15.9
      -6.429      -15.73
        15.4       7.275
      -16.31       5.053
       8.636      -14.78
       3.625       16.77
      -14.04      -9.943
       17.11      -2.155
      -11.18       13.18
     -0.6544      -17.31
       12.21       12.35
      -17.38     -0.8656
       13.43      -11.13
      -2.394       17.32
      -9.958      -14.42
       17.13       3.918
      -15.31       8.699
       5.424      -16.79
       7.361       16.08
      -16.33      -6.903
       16.74      -5.953
      -8.341       15.73
      -4.487      -17.27
       15.01       9.728
      -17.68       2.973
       11.05      -14.16
       1.422       17.95
       -13.2       -12.3
       18.08      0.1535
      -13.47       12.13
       1.742      -18.08
       10.95       14.54
      -17.93       -3.33
       15.51      -9.678
      -4.906       17.65
      -8.321      -16.36
       17.22       6.457
       -17.1       6.887
       7.972      -16.66
       5.388       17.71
      -15.97      -9.437
       18.19      -3.835
      -10.84       15.14
       -2.24      -18.53
        14.2       12.17
      -18.73       0.613
       13.42      -13.13
      -1.031       18.78
      -11.95      -14.58
        18.7        2.68
      -15.63       10.67
       4.321      -18.46
       9.304       16.57
      -18.09      -5.942
