      -0.569      -1.045
     -0.4048       1.633
       1.717       -1.14
      -2.351     -0.3684
        1.66       2.079
      0.1976      -2.908
      -2.279       2.172
       3.365    -0.06625
      -2.679      -2.359
      0.4027       3.741
       2.339      -3.178
      -4.044      0.7978
       3.664       2.231
       -1.24      -4.276
      -2.043       4.131
       4.437       -1.72
      -4.571      -1.782
       2.229       4.529
       1.454      -4.978
       -4.55       2.758
       5.347       1.065
      -3.299      -4.501
     -0.6214       5.672
       4.382      -3.844
      -5.948     -0.1284
       4.384       4.194
     -0.4077      -6.169
      -3.937       4.913
       6.332     -0.9799
      -5.422      -3.615
       1.582       6.433
        3.23      -5.905
      -6.469       2.206
       6.354       2.785
      -2.845      -6.438
      -2.283       6.764
       6.339      -3.493
      -7.128      -1.729
       4.142       6.169
       1.127       -7.44
       -5.93       4.783
       7.696      0.4843
      -5.411      -5.621
      0.1951        7.89
       5.244      -6.017
      -8.019       0.904
       6.594       4.802
      -1.636      -8.079
      -4.295       7.136
       8.068      -2.384
      -7.635      -3.729
       3.142       7.984
       3.106      -8.086
      -7.825       3.901
       8.482       2.432
      -4.654      -7.591
      -1.711       8.819
       7.282      -5.393
       -9.09     -0.9495
       6.112       6.898
      0.1537      -9.292
      -6.442       6.803
        9.42     -0.6699
      -7.457      -5.916
       1.514       9.472
       5.322      -8.069
      -9.446       2.372
       8.631       4.666
      -3.236      -9.339
       -3.95       9.138
       9.149      -4.099
      -9.582       -3.18
       4.951       8.879
       2.362      -9.959
      -8.526       5.787
       10.26       1.502
      -6.596      -8.093
     -0.6071       10.49
       7.582      -7.372
      -10.64      0.3163
       8.108       6.996
      -1.261       -10.7
      -6.337       8.795
       10.68      -2.218
      -9.427       -5.61
       3.181       10.57
        4.82      -9.997
      -10.37       4.139
        10.5       3.973
      -5.087      -10.08
      -3.073       10.93
       9.699      -6.014
      -11.28      -2.129
       6.913       9.235
       1.147      -11.54
      -8.686       7.775
       11.72      0.1352
      -8.593      -8.056
      0.8989        11.8
       7.348      -9.358
       -11.8       1.947
       10.06       6.566
      -3.001       -11.7
      -5.716        10.7
        11.5      -4.051
      -11.27      -4.804
       5.088       11.21
       3.836      -11.76
      -10.82       6.105
       12.16       2.819
      -7.091      -10.34
      -1.761       12.47
       9.764      -8.039
      -12.69     -0.6705
        8.94       9.103
      -0.445      -12.81
      -8.359       9.786
       12.83      -1.577
      -10.57      -7.535
       2.715       12.75
       6.637      -11.28
      -12.57       3.851
       11.91       5.672
      -4.975      -12.28
      -4.645       12.47
       11.89      -6.078
      -12.93      -3.565
       7.151       11.41
       2.441      -13.29
      -10.82       8.184
       13.56       1.279
      -9.168      -10.14
    -0.08878       13.72
        9.37      -10.09
      -13.78       1.119
       10.96       8.514
      -2.337      -13.73
      -7.579       11.74
       13.57      -3.554
      -12.45      -6.569
       4.761        13.3
       5.495      -13.07
      -12.93       5.947
        13.6       4.361
      -7.104      -12.44
      -3.178       14.02
       11.85       -8.22
      -14.34      -1.953
       9.288       11.17
      0.6954      -14.56
      -10.38        10.3
       14.66     -0.5837
      -11.24      -9.502
       1.875       14.65
       8.539       -12.1
      -14.52       3.169
       12.89       7.495
      -4.454      -14.28
       -6.38       13.58
       13.92      -5.721
      -14.17      -5.201
       6.959       13.45
       3.966      -14.66
      -12.87       8.159
       15.05       2.684
      -9.309      -12.18
      -1.367       15.32
       11.39       -10.4
      -15.47    -0.02265
       11.42        10.5
      -1.338       -15.5
      -9.512       12.37
       15.41      -2.703
      -13.23      -8.443
       4.064       15.21
       7.296         -14
      -14.88       5.408
       14.66       6.078
      -6.726      -14.43
        -4.8       15.22
       13.86      -8.006
      -15.67      -3.469
       9.238       13.18
       2.097         -16
      -12.39       10.41
       16.21      0.6932
      -11.52      -11.49
      0.7307        16.3
        10.5      -12.54
      -16.26       2.164
       13.48        9.41
      -3.596      -16.09
      -8.238       14.33
        15.8      -5.015
      -15.07       -6.99
       6.409       15.38
       5.673      -15.71
      -14.83       7.768
       16.22         4.3
      -9.081      -14.17
      -2.879       16.62
       13.38      -10.34
      -16.89      -1.422
       11.52       12.49
    -0.06033      -17.04
      -11.49       12.63
       17.05      -1.557
      -13.66      -10.39
       3.056       16.93
       9.203      -14.58
      -16.67       4.546
        15.4        7.93
      -6.015      -16.29
      -6.584       16.11
       15.78       -7.45
       -16.7      -5.173
       8.843       15.13
        3.71      -17.17
      -14.37       10.18
       17.51       2.205
      -11.45      -13.48
     -0.6686       17.72
       12.49      -12.64
      -17.79      0.8867
       13.74       11.39
      -2.449      -17.72
      -10.19       14.75
       17.51      -4.006
      -15.65      -8.896
       5.546       17.17
       7.525      -16.44
      -16.69       7.057
       17.11       6.084
      -8.527      -16.08
      -4.584       17.65
       15.34      -9.942
      -18.06      -3.036
       11.29       14.47
       1.451      -18.34
      -13.48       12.57
       18.47     -0.1579
      -13.75      -12.39
       1.779       18.46
       11.18      -14.85
      -18.31       3.401
       15.83       9.881
      -5.009      -18.02
      -8.493        16.7
       17.58      -6.592
      -17.45      -7.028
       8.136          17
       5.497      -18.07
      -16.29        9.63
       18.55       3.912
      -11.06      -15.45
      -2.284        18.9
