       1.177     -0.1727
      -1.063       1.305
     -0.1197      -2.057
       1.707       1.658
      -2.659    -0.07827
       2.206      -1.905
     -0.3674       3.126
      -1.968       -2.73
       3.495      0.7251
      -3.233       1.925
       1.136      -3.779
       1.791       3.712
      -3.985       -1.59
       4.163      -1.577
      -2.075       4.114
       -1.29      -4.581
        4.17       2.584
       -4.96      0.9381
       3.107      -4.153
      0.5279       5.295
      -4.064      -3.635
        5.58    -0.06609
      -4.162       3.904
      0.4408      -5.812
       3.675       4.678
      -5.986     -0.9863
       5.177       -3.38
      -1.563       6.099
       -3.02      -5.651
       6.147       2.163
      -6.093         2.6
       2.781      -6.129
       2.122       6.497
      -6.043      -3.408
       6.857      -1.592
      -4.037       5.888
      -1.015      -7.166
       5.664        4.66
       -7.42      0.3944
       5.271       -5.37
     -0.2623       7.614
       -5.01      -5.862
       7.744      0.9497
      -6.425       4.583
        1.66      -7.807
       4.094       6.954
        -7.8      -2.388
       7.442      -3.545
      -3.125        7.72
       -2.94      -7.883
       7.567       3.865
       -8.27       2.284
       4.599       -7.34
       1.582       8.599
      -7.039      -5.321
       8.864      -0.839
      -6.023       6.665
    -0.06195      -9.061
       6.219       6.697
      -9.186     -0.7435
       7.336      -5.704
      -1.569       9.236
      -5.123      -7.934
       9.209       2.409
      -8.483       4.479
       3.254      -9.102
       3.777       8.977
      -8.915      -4.098
        9.41      -3.022
      -4.933       8.646
      -2.219      -9.777
       8.298       5.751
      -10.07       1.375
       6.543       -7.87
      0.4948       10.29
      -7.366      -7.303
       10.43      0.4123
      -8.023       6.787
        1.34      -10.49
       6.137       8.695
      -10.46       -2.28
       9.312      -5.419
      -3.225       10.35
       -4.64      -9.868
       10.15       4.167
      -10.36       3.804
       5.098      -9.858
       2.917       10.77
      -9.482      -6.008
       11.11      -1.986
       -6.89        9.02
      -1.018      -11.37
       8.474       7.736
      -11.54     0.02041
       8.537      -7.849
     -0.9987       11.62
      -7.146      -9.287
        11.6       2.031
      -9.978       6.372
       3.069       -11.5
        5.53        10.6
      -11.29      -4.103
       11.15      -4.627
      -5.124          11
      -3.669      -11.63
       10.61       6.124
      -12.02       2.664
       7.094      -10.13
       1.617       12.32
      -9.556      -8.026
       12.52     -0.5393
       -8.91       8.897
      0.5627      -12.64
       8.156        9.74
      -12.65       -1.68
       10.51      -7.337
      -2.804       12.56
      -6.445       -11.2
       12.37       3.925
      -11.82       5.487
       5.033      -12.08
       4.469       12.36
      -11.69       -6.12
       12.81      -3.398
      -7.176        11.2
      -2.284      -13.16
       10.61       8.193
      -13.41       1.133
       9.161      -9.935
     -0.0439       13.57
      -9.166      -10.07
       13.61       1.239
      -10.92       8.314
       2.444      -13.55
       7.382       11.69
      -13.39      -3.646
       12.38      -6.379
      -4.838       13.11
       -5.31      -12.98
       12.73       6.009
      -13.49       4.184
        7.15      -12.24
       3.009       13.91
      -11.65       -8.25
       14.21      -1.794
      -9.301       10.96
     -0.5485      -14.42
       10.18       10.29
      -14.51     -0.7196
       11.22        -9.3
      -1.998       14.48
      -8.338      -12.07
       14.35       3.278
      -12.84       7.299
        4.55       -14.1
       6.188       13.51
      -13.73      -5.802
       14.09      -5.015
      -7.025       13.26
      -3.787      -14.57
       12.67       8.208
      -14.93       2.515
       9.342      -11.98
       1.207       15.19
      -11.18      -10.42
       15.33      0.1273
      -11.42       10.29
       1.476      -15.35
        9.31       12.35
      -15.25      -2.829
        13.2      -8.242
      -4.176       15.04
      -7.097      -13.95
        14.7       5.506
       -14.6       5.885
       6.809      -14.24
       4.612       15.14
      -13.67      -8.073
       15.58      -3.289
      -9.289       12.98
      -1.924      -15.89
       12.19       10.45
      -16.09      0.5305
       11.53      -11.29
     -0.8828       16.16
      -10.29      -12.54
       16.11       2.304
      -13.47       9.205
       3.724      -15.93
       8.035        14.3
      -15.62      -5.129
       15.02      -6.789
      -6.509       15.19
      -5.478      -15.64
       14.64       7.853
      -16.14       4.111
       9.149      -13.97
       2.697       16.52
      -13.18      -10.39
       16.78      -1.248
      -11.56       12.29
      0.2251      -16.91
       11.28       12.65
      -16.91      -1.711
       13.66      -10.18
      -3.198       16.78
      -8.995      -14.56
       16.51       4.675
      -15.37       7.724
        6.13      -16.12
       6.381       16.06
      -15.59      -7.551
       16.64      -4.975
      -8.927       14.94
      -3.519      -17.09
       14.17       10.25
      -17.41        2.02
        11.5      -13.28
      0.4922        17.6
      -12.28      -12.68
       17.66       1.053
      -13.76       11.18
       2.605      -17.58
       9.973       14.75
      -17.36       -4.15
       15.64      -8.686
      -5.676          17
      -7.316      -16.41
       16.51       7.173
      -17.06       5.881
       8.626      -15.89
       4.383       17.58
      -15.14      -10.03
       17.98      -2.842
      -11.36       14.27
      -1.264      -18.23
       13.28       12.62
      -18.35     -0.3362
       13.79      -12.17
      -1.948       18.33
      -10.97      -14.86
       18.16       3.557
      -15.83       9.666
       5.153      -17.86
       8.281       16.68
      -17.41      -6.722
       17.41      -6.816
      -8.251       16.82
      -5.289      -18.01
        16.1       9.731
      -18.48       3.709
       11.14      -15.25
       2.087       18.81
      -14.27      -12.49
       18.99      -0.436
      -13.74       13.18
