      -0.665     -0.9866
       1.636      0.3935
      -1.803      0.9981
      0.7567      -2.256
        1.08       2.431
      -2.672      -1.165
       2.978      -1.021
       -1.61       2.955
     -0.8586      -3.465
       3.134       2.082
      -3.899      0.6107
       2.572      -3.221
      0.2907        4.28
      -3.223      -3.071
       4.607     0.09086
      -3.572       3.145
      0.5252      -4.878
       2.992       4.066
      -5.088      -1.004
       4.545      -2.767
      -1.519       5.237
      -2.474      -5.002
        5.32       2.063
      -5.431       2.117
       2.627      -5.337
       1.701       5.824
      -5.287      -3.205
       6.175       -1.23
      -3.788       5.168
     -0.7095      -6.478
        4.98       4.369
      -6.729       0.145
       4.939      -4.725
     -0.4575       6.923
      -4.402      -5.493
       7.055       1.092
      -6.022       4.015
       1.751      -7.122
       3.566       6.519
      -7.122      -2.429
       6.978      -3.058
      -3.117       7.053
      -2.494      -7.393
       6.912        3.81
      -7.757       1.881
       4.498        -6.7
       1.222       8.065
      -6.416      -5.176
       8.312     -0.5228
      -5.835       6.061
      0.2101      -8.494
       5.638       6.468
      -8.608     -0.9704
       7.068      -5.146
      -1.752       8.648
      -4.592      -7.629
       8.615       2.546
      -8.142       3.976
       3.347      -8.504
       3.304       8.604
      -8.317      -4.146
       9.006      -2.581
      -4.936       8.051
      -1.813      -9.344
       7.708        5.71
      -9.614       1.004
       6.459      -7.289
      0.1623        9.81
      -6.796      -7.176
        9.93      0.7065
      -7.855       6.231
       1.594      -9.969
       5.597       8.486
      -9.927      -2.494
       9.065      -4.899
      -3.397       9.801
      -4.142      -9.584
        9.59       4.296
      -10.04       3.331
       5.184      -9.294
       2.471       10.42
      -8.915      -6.051
       10.73       -1.57
      -6.889       8.453
     -0.6338      -10.95
       7.911       7.692
      -11.09     -0.3306
       8.451      -7.292
      -1.314       11.15
      -6.599      -9.158
       11.11       2.309
      -9.807       5.836
       3.308      -10.99
        5.01       10.39
      -10.77      -4.301
        10.9      -4.125
      -5.281       10.46
      -3.189      -11.34
       10.06       6.238
      -11.69       2.207
       7.166      -9.573
       1.188       11.96
      -8.998      -8.054
       12.13     -0.1392
      -8.894       8.339
      0.9309      -12.21
       7.601        9.68
       -12.2      -2.014
        10.4      -6.787
      -3.101       12.09
      -5.905      -11.06
       11.88       4.184
      -11.64        4.96
       5.252      -11.57
       3.958       12.13
      -11.16      -6.298
       12.54      -2.907
      -7.312       10.66
      -1.815      -12.85
       10.06       8.285
      -13.07        0.69
       9.209      -9.376
     -0.4591       13.19
      -8.605      -10.08
        13.2       1.623
      -10.88       7.753
       2.793      -13.11
       6.826        11.6
      -12.92       -3.96
       12.25       -5.83
      -5.114       12.62
      -4.773      -12.81
       12.22       6.245
      -13.28       3.662
       7.344      -11.71
       2.505       13.65
      -11.11      -8.401
       13.92      -1.312
      -9.408       10.41
    -0.09109      -14.08
       9.611       10.36
      -14.13      -1.148
       11.24       -8.73
      -2.396       14.08
      -7.768      -12.04
       13.91       3.642
      -12.76       6.732
       4.877      -13.63
       5.628       13.39
      -13.24      -6.091
       13.92      -4.465
      -7.273       12.74
      -3.252      -14.35
       12.13       8.414
      -14.68       1.998
       9.504      -11.42
      0.7114       14.89
      -10.62      -10.53
       14.99       0.597
      -11.49       9.717
       1.917      -14.97
       8.729       12.38
      -14.84      -3.239
       13.17       -7.66
      -4.552       14.59
      -6.518      -13.88
       14.22       5.845
      -14.48       5.312
       7.108      -13.74
       4.049       14.98
      -13.14      -8.331
       15.36      -2.741
      -9.504       12.43
      -1.395      -15.63
       11.62       10.62
      -15.78     0.02311
       11.66      -10.71
      -1.365       15.82
      -9.704      -12.62
       15.72       2.757
      -13.49       8.611
       4.144      -15.51
       7.439       14.27
      -15.17      -5.514
       14.95      -6.196
      -6.856       14.71
      -4.891      -15.52
       14.13        8.16
      -15.97       3.535
       9.414      -13.43
       2.136        16.3
      -12.62      -10.61
       16.51     -0.7061
      -11.73       11.71
      0.7442       -16.6
       10.69       12.77
      -16.55      -2.204
       13.73       -9.58
      -3.661       16.38
      -8.385      -14.59
       16.08       5.104
      -15.34       7.113
       6.523      -15.65
       5.773       15.98
      -15.09      -7.905
       16.51      -4.375
      -9.239       14.41
      -2.929      -16.91
       13.61       10.51
      -17.18       1.447
       11.72       -12.7
    -0.06135       17.32
      -11.68      -12.85
       17.33       1.583
      -13.88       10.57
       3.108      -17.21
       9.354       14.82
      -16.95      -4.622
       15.66      -8.059
      -6.114       16.56
       -6.69      -16.37
       16.03       7.572
      -16.97       5.257
       8.984      -15.38
       3.769       17.44
       -14.6      -10.34
       17.79       -2.24
      -11.63        13.7
     -0.6791      -17.99
       12.68       12.84
      -18.06     -0.9004
       13.96      -11.56
      -2.488       17.99
      -10.34      -14.98
       17.78       4.068
      -15.89       9.029
       5.631      -17.43
       7.638       16.69
      -16.94      -7.163
       17.37      -6.175
      -8.653       16.32
      -4.652      -17.92
       15.56       10.09
      -18.33       3.081
       11.46      -14.68
       1.473        18.6
      -13.68      -12.75
       18.74      0.1613
      -13.95       12.56
       1.806      -18.73
       11.34       15.06
      -18.57       -3.45
       16.06      -10.02
       -5.08       18.27
      -8.612      -16.94
       17.83       6.684
