     -0.1761       1.177
     -0.9405      -1.395
       2.004       0.482
      -2.082       1.152
      0.8461      -2.522
       1.183       2.664
      -2.886      -1.258
       3.183      -1.092
      -1.707       3.135
     -0.9051      -3.652
       3.287       2.183
      -4.072      0.6378
       2.677      -3.352
      0.3017       4.442
      -3.336      -3.179
       4.758     0.09384
      -3.682       3.242
      0.5404      -5.019
       3.074       4.177
       -5.22       -1.03
       4.657      -2.835
      -1.555        5.36
       -2.53      -5.115
       5.435       2.107
      -5.543       2.161
       2.679      -5.443
       1.733       5.935
      -5.384      -3.264
       6.284      -1.252
      -3.853       5.256
     -0.7212      -6.585
        5.06       4.439
      -6.833      0.1473
       5.014      -4.796
     -0.4642       7.024
      -4.465      -5.571
       7.152       1.107
      -6.102       4.069
       1.774      -7.216
       3.611       6.602
      -7.211      -2.459
       7.063      -3.095
      -3.154       7.136
      -2.523      -7.478
        6.99       3.853
      -7.843       1.902
       4.547      -6.772
       1.235        8.15
      -6.482      -5.229
       8.397     -0.5281
      -5.893       6.122
      0.2121      -8.577
       5.691        6.53
      -8.688     -0.9798
       7.133      -5.194
      -1.767       8.727
      -4.632      -7.696
        8.69       2.568
      -8.212        4.01
       3.375      -8.576
       3.332       8.675
      -8.385       -4.18
       9.078      -2.602
      -4.975       8.115
      -1.827      -9.417
       7.767       5.754
      -9.686       1.012
       6.507      -7.343
      0.1635       9.882
      -6.845      -7.228
          10      0.7115
       -7.91       6.274
       1.605      -10.04
       5.635       8.544
      -9.994      -2.511
       9.125      -4.932
      -3.419       9.865
      -4.169      -9.646
       9.651       4.324
       -10.1       3.352
       5.216      -9.352
       2.487       10.48
      -8.969      -6.087
       10.79      -1.579
       -6.93       8.503
     -0.6368      -11.02
       7.957       7.736
      -11.16     -0.3325
       8.499      -7.333
      -1.321       11.21
      -6.635      -9.209
       11.17       2.322
      -9.861       5.867
       3.325      -11.05
       5.036       10.45
      -10.83      -4.324
       10.96      -4.147
      -5.308       10.51
      -3.205       -11.4
       10.11        6.27
      -11.75       2.219
       7.201       -9.62
       1.194       12.02
      -9.041      -8.093
       12.19     -0.1399
      -8.937       8.378
      0.9352      -12.27
       7.635       9.726
      -12.26      -2.023
       10.45      -6.818
      -3.115       12.14
      -5.932      -11.11
       11.93       4.202
      -11.69       4.982
       5.275      -11.62
       3.975       12.18
      -11.21      -6.325
       12.59      -2.919
      -7.343        10.7
      -1.822      -12.91
        10.1       8.319
      -13.12      0.6928
       9.246      -9.415
     -0.4609       13.24
      -8.639      -10.12
       13.26        1.63
      -10.92       7.783
       2.804      -13.17
       6.852       11.65
      -12.97      -3.975
        12.3      -5.852
      -5.133       12.67
       -4.79      -12.86
       12.26       6.268
      -13.33       3.675
       7.371      -11.76
       2.514        13.7
      -11.15      -8.432
       13.97      -1.317
      -9.442       10.44
    -0.09141      -14.13
       9.645       10.39
      -14.18      -1.152
       11.27       -8.76
      -2.404       14.12
      -7.795      -12.08
       13.96       3.655
       -12.8       6.755
       4.894      -13.67
       5.646       13.43
      -13.28      -6.111
       13.97       -4.48
      -7.297       12.78
      -3.263       -14.4
       12.17       8.441
      -14.73       2.004
       9.534      -11.46
      0.7137       14.94
      -10.65      -10.57
       15.04      0.5989
      -11.53       9.747
       1.923      -15.02
       8.756       12.41
      -14.89      -3.249
       13.21      -7.683
      -4.566       14.63
      -6.537      -13.92
       14.26       5.863
      -14.52       5.327
       7.129      -13.78
       4.061       15.02
      -13.18      -8.356
       15.41      -2.748
      -9.531       12.47
      -1.399      -15.68
       11.65       10.65
      -15.83     0.02318
       11.69      -10.74
      -1.368       15.86
      -9.731      -12.65
       15.77       2.765
      -13.53       8.634
       4.156      -15.55
       7.459       14.31
      -15.21      -5.529
       14.99      -6.213
      -6.875       14.75
      -4.904      -15.56
       14.16       8.182
      -16.01       3.544
       9.438      -13.47
       2.142       16.35
      -12.65      -10.63
       16.56     -0.7079
      -11.76       11.74
      0.7461      -16.64
       10.72       12.81
       -16.6      -2.209
       13.76      -9.605
       -3.67       16.42
      -8.406      -14.62
       16.12       5.117
      -15.38       7.131
        6.54      -15.69
       5.787       16.02
      -15.13      -7.925
       16.55      -4.386
      -9.261       14.45
      -2.936      -16.95
       13.65       10.54
      -17.22        1.45
       11.75      -12.73
     -0.0615       17.36
      -11.71      -12.88
       17.37       1.587
      -13.92       10.59
       3.115      -17.25
       9.376       14.86
      -16.99      -4.632
       15.69      -8.078
      -6.128       16.59
      -6.705      -16.41
       16.07       7.589
      -17.01       5.268
       9.004      -15.41
       3.778       17.48
      -14.63      -10.36
       17.83      -2.245
      -11.65       13.73
     -0.6806      -18.03
       12.71       12.86
       -18.1     -0.9024
       13.99      -11.59
      -2.493       18.03
      -10.36      -15.01
       17.82       4.077
      -15.93       9.049
       5.643      -17.47
       7.654       16.73
      -16.98      -7.178
        17.4      -6.188
      -8.671       16.35
      -4.662      -17.95
        15.6       10.11
      -18.37       3.087
       11.48      -14.71
       1.476       18.64
      -13.71      -12.78
       18.77      0.1616
      -13.98       12.59
        1.81      -18.76
       11.36       15.09
      -18.61      -3.457
       16.09      -10.04
       -5.09       18.31
      -8.629      -16.97
