     -0.8351      0.8476
        1.68    -0.08614
      -1.589      -1.312
      0.3291       2.357
       1.509      -2.192
       -2.84      0.6539
       2.739       1.551
      -1.039      -3.201
      -1.481       3.248
       3.463       -1.47
       -3.72      -1.317
       1.936       3.639
       1.073      -4.154
      -3.732       2.427
       4.545      0.7575
      -2.933      -3.748
     -0.3803       4.891
       3.688      -3.447
      -5.186     0.05161
       3.959       3.555
     -0.5307      -5.427
      -3.351       4.462
       5.609       -1.05
      -4.949      -3.079
       1.602       5.729
       2.742      -5.412
      -5.786       2.179
       5.843       2.344
      -2.774      -5.776
      -1.888       6.237
       5.698      -3.379
      -6.588      -1.379
       3.987       5.552
      0.8226      -6.889
      -5.337        4.59
       7.135      0.2235
      -5.181      -5.054
      0.4121       7.323
       4.703      -5.752
      -7.447       1.078
       6.297       4.288
      -1.768      -7.506
      -3.811       6.808
       7.495      -2.474
      -7.279      -3.275
        3.19       7.412
       2.683      -7.703
      -7.258       3.908
       8.075       2.042
      -4.621       -7.03
      -1.355       8.388
        6.73      -5.322
      -8.639     -0.6282
       6.002       6.358
      -0.132      -8.823
      -5.916       6.655
       8.936     -0.9191
      -7.273      -5.405
       1.727       8.975
        4.83       -7.85
      -8.937       2.547
       8.378       4.193
      -3.372      -8.821
      -3.499       8.852
       8.626      -4.196
      -9.266      -2.754
       5.009       8.352
       1.963      -9.613
      -7.999       5.805
        9.89       1.131
      -6.575      -7.568
     -0.2656       10.09
       7.062      -7.313
      -10.22      0.6263
        8.01       6.482
      -1.538      -10.26
      -5.833       8.659
       10.22      -2.461
      -9.254      -5.119
       3.387       10.09
       4.344      -9.788
      -9.875       4.309
       10.25       3.515
      -5.218      -9.575
      -2.636       10.65
        9.19      -6.107
      -10.96      -1.715
       6.967       8.721
      0.7579       -11.2
      -8.169       7.789
       11.35     -0.2269
      -8.568      -7.539
       1.231       11.41
       6.834      -9.294
      -11.38       2.248
        9.96       6.059
      -3.268      -11.25
      -5.218       10.56
       11.04      -4.283
      -11.09      -4.319
       5.284       10.73
       3.366      -11.54
      -10.32       6.263
        11.9       2.368
       -7.21      -9.831
      -1.331       12.18
        9.25      -8.118
      -12.36     -0.2627
       8.979       8.584
     -0.8267      -12.45
      -7.837       9.784
       12.44      -1.929
      -10.53      -7.014
       3.037       12.34
        6.12       -11.2
      -12.13       4.139
       11.79       5.162
      -5.228      -11.82
      -4.147        12.3
       11.41      -6.294
      -12.72      -3.081
       7.328       10.91
       1.973      -13.05
      -10.31       8.322
       13.28       0.831
      -9.265      -9.619
      0.3356        13.4
       8.842      -10.15
      -13.43       1.518
       10.97       7.982
      -2.707      -13.35
      -7.046       11.71
       13.16      -3.893
      -12.38       -6.04
       5.066       12.86
       4.972      -12.95
      -12.46       6.217
       13.44       3.848
      -7.335      -11.96
      -2.677       13.82
       11.35      -8.413
       -14.1      -1.469
       9.439       10.65
      0.2318      -14.28
      -9.848       10.41
       14.34      -1.024
       -11.3      -8.962
        2.29       14.29
       7.993      -12.13
      -14.13       3.554
       12.86       6.949
      -4.808      -13.86
      -5.836       13.51
       13.47       -6.04
      -14.06      -4.662
       7.242       12.98
       3.436      -14.51
      -12.37       8.403
       14.85       2.168
      -9.512      -11.66
     -0.8677       15.07
       10.85      -10.56
      -15.18      0.4562
       11.54       9.951
      -1.793      -15.18
      -8.958       12.44
       15.05      -3.132
      -13.26      -7.883
       4.462       14.81
       6.734      -13.98
      -14.45       5.774
        14.6       5.517
      -7.057      -13.97
      -4.244       15.11
       13.37      -8.298
      -15.51      -2.924
        9.49       12.67
       1.565       -15.8
      -11.86       10.62
       15.96      0.1793
      -11.68      -10.94
       1.224          16
       9.936      -12.66
      -15.92       2.633
       13.56       8.839
      -4.036      -15.72
      -7.661       14.35
       15.39      -5.425
      -15.05       -6.41
       6.785       14.93
       5.096      -15.63
      -14.36       8.107
        16.1       3.729
      -9.379      -13.66
      -2.319       16.45
       12.86      -10.59
      -16.68     -0.8763
       11.73       11.94
      -0.588      -16.77
      -10.92        12.8
       16.74      -2.063
      -13.77      -9.813
       3.536       16.58
       8.612      -14.65
      -16.29       4.997
       15.42       7.334
      -6.433      -15.86
      -5.987       16.08
       15.31      -7.833
      -16.62       -4.58
       9.185       14.64
       3.124      -17.04
      -13.85       10.48
       17.33        1.63
       -11.7      -12.94
     -0.1078       17.49
       11.92      -12.85
      -17.51       1.428
       13.91        10.8
      -2.967       -17.4
      -9.585       14.87
       17.15      -4.497
      -15.72      -8.286
       6.006       16.76
       6.911      -16.45
      -16.25       7.481
       17.07        5.47
      -8.912       -15.6
      -3.974       17.56
       14.83      -10.29
      -17.92      -2.434
       11.59       13.93
      0.8611      -18.14
      -12.92       12.82
       18.23     -0.7313
      -13.96       -11.8
       2.332       18.17
       10.58         -15
      -17.97       3.928
       15.94       9.262
      -5.507      -17.63
      -7.866       16.75
       17.15      -7.056
      -17.45      -6.397
       8.564       16.54
       4.867      -18.02
      -15.79       10.02
       18.45       3.285
      -11.41      -14.91
      -1.666       18.74
       13.91      -12.72
      -18.89    -0.02189
       13.94        12.8
      -1.636      -18.89
      -11.58       15.07
       18.75      -3.294
