      -1.187    -0.08652
       1.155       1.224
    -0.03044      -2.061
      -1.581       1.778
       2.647     -0.2717
      -2.339      -1.739
      0.5941       3.091
       1.764      -2.866
      -3.433      0.9776
       3.364       1.685
      -1.408      -3.686
      -1.516       3.833
       3.858      -1.876
      -4.267      -1.269
       2.369       3.952
      0.9528      -4.663
      -3.971       2.881
       5.015      0.5744
      -3.401      -3.916
      -0.141       5.319
       3.788      -3.922
       -5.57      0.3405
       4.435       3.591
     -0.8629      -5.765
      -3.325       4.933
       5.899      -1.419
      -5.409      -2.994
       2.003       5.969
       2.601      -5.856
      -5.974       2.605
       6.266       2.149
       -3.22      -5.911
      -1.644       6.634
       5.779      -3.839
      -6.954      -1.089
       4.455       5.578
        0.49      -7.221
      -5.309        5.06
       7.429      -0.147
      -5.648      -4.972
       0.816       7.575
        4.57      -6.211
      -7.655       1.511
       6.742       4.103
      -2.224      -7.665
      -3.577       7.234
       7.605       -2.95
      -7.681      -2.994
       3.679       7.472
       2.358      -8.076
      -7.266       4.406
       8.415       1.676
      -5.121      -6.986
     -0.9514       8.691
       6.633      -5.819
      -8.902     -0.1913
       6.492       6.209
     -0.5981      -9.042
      -5.715       7.132
       9.108       -1.41
      -7.732      -5.155
       2.238       9.098
       4.531      -8.286
      -9.009       3.073
       8.787       3.849
      -3.908      -8.841
      -3.113       9.228
       8.593      -4.737
      -9.605      -2.328
        5.55       8.264
       1.501      -9.913
      -7.858       6.339
       10.15      0.6375
      -7.099      -7.374
      0.2557        10.3
       6.815       -7.82
      -10.37       1.171
       8.496       6.184
        -2.1      -10.36
      -5.487       9.118
       10.27      -3.036
      -9.682      -4.727
        3.97       10.09
       3.909      -10.18
      -9.817       4.895
       10.61        3.04
      -5.801      -9.461
      -2.125       10.96
       9.019      -6.682
      -11.23      -1.172
       7.528       8.494
      0.1877      -11.41
      -7.889       8.332
       11.51     -0.8197
      -9.086      -7.206
       1.842       11.51
       6.451      -9.783
      -11.42       2.871
       10.42       5.628
      -3.898      -11.24
      -4.743       10.98
       10.97      -4.914
      -11.46      -3.803
       5.911        10.6
       2.813      -11.86
      -10.14        6.88
       12.18       1.782
      -7.813      -9.584
     -0.7162        12.4
       8.946        -8.7
      -12.53      0.3741
       9.535       8.225
      -1.481      -12.56
      -7.425       10.31
       12.49      -2.596
      -11.01      -6.552
       3.711       12.32
       5.612      -11.64
      -12.05       4.814
       12.19       4.611
      -5.899      -11.68
      -3.557       12.65
       11.21      -6.954
      -13.02      -2.457
       7.973       10.65
       1.319      -13.29
       -9.99       8.944
       13.46      0.1537
       -9.86      -9.242
       1.032       13.53
       8.409      -10.71
      -13.49       2.227
       11.49       7.497
      -3.424      -13.34
      -6.511        12.2
       13.09      -4.611
      -12.81       -5.46
       5.779       12.73
       4.351      -13.34
      -12.26        6.92
       13.76        3.19
      -8.022      -11.69
      -1.989       14.09
       11.02      -9.077
      -14.31     -0.7544
       10.07       10.26
     -0.5027      -14.42
        -9.4       11.01
       14.42      -1.773
      -11.87      -8.458
       3.047        14.3
       7.437      -12.64
      -14.07       4.314
       13.33       6.345
      -5.563      -13.73
      -5.187       13.93
       13.27      -6.786
      -14.42      -3.975
       7.971       12.71
       2.716       -14.8
      -12.04       9.109
       15.08       1.421
      -10.19      -11.27
    -0.09765       15.24
        10.4       -11.2
      -15.28       1.242
       12.14       9.433
      -2.589       -15.2
      -8.385          13
       15.01      -3.931
      -13.76       -7.26
        5.26       14.69
       6.063      -14.43
      -14.26       6.562
       14.99       4.806
      -7.828      -13.71
      -3.497       15.44
       13.04      -9.047
      -15.77      -2.146
       10.21       12.27
      0.7629      -15.99
      -11.39       11.31
       16.08     -0.6414
      -12.33      -10.42
       2.056       16.05
       9.352      -13.26
       -15.9        3.47
        14.1         8.2
      -4.874      -15.61
      -6.972       14.84
       15.21      -6.253
      -15.48      -5.677
       7.598       14.68
       4.325         -16
      -14.03       8.898
        16.4       2.924
      -10.14      -13.27
      -1.487       16.68
       12.39      -11.32
      -16.83    -0.02361
       12.42       11.41
      -1.455      -16.85
      -10.33       13.44
       16.74      -2.938
      -14.36      -9.163
       4.411        16.5
        7.91      -15.18
      -16.13       5.865
       15.89       6.585
      -7.287      -15.63
      -5.195       16.48
          15      -8.666
      -16.95      -3.751
       9.991       14.25
       2.265       -17.3
      -13.39       11.25
       17.51      0.7466
      -12.44      -12.41
      0.7908       17.59
       11.32      -13.54
      -17.53       2.336
       14.54       10.14
      -3.878      -17.34
      -8.873       15.44
       17.01      -5.403
      -16.23      -7.523
         6.9       16.55
       6.102       -16.9
      -15.95       8.356
       17.44       4.622
      -9.761      -15.22
      -3.092       17.86
       14.37       -11.1
      -18.14      -1.525
       12.37        13.4
    -0.06696      -18.28
      -12.32       13.55
       18.28      -1.672
      -14.64      -11.14
       3.277       18.14
       9.857      -15.62
      -17.86       4.871
       16.49       8.488
       -6.44      -17.43
      -7.043       17.24
       16.87      -7.972
      -17.86      -5.531
       9.455       16.18
       3.963      -18.35
      -15.35       10.88
        18.7       2.353
      -12.23       -14.4
     -0.7115       18.91
       13.33      -13.49
      -18.98      0.9484
       14.66       12.14
