        1.17     -0.2188
      -1.429      -0.889
      0.5547       1.985
       1.076      -2.123
       -2.49      0.9373
       2.705       1.085
      -1.362      -2.838
     -0.9753       3.221
        3.07       -1.82
      -3.683     -0.7714
       2.301       3.206
      0.4891      -4.093
      -3.253       2.797
        4.45      0.1398
      -3.299      -3.218
      0.2671       4.752
       3.106      -3.798
      -4.996      0.7229
       4.287        2.92
      -1.219      -5.179
      -2.664       4.758
         5.3      -1.749
      -5.204      -2.342
       2.304       5.354
       1.958      -5.618
      -5.342       2.876
       5.994       1.516
      -3.458      -5.261
      -1.022       6.325
       5.112      -4.042
      -6.607     -0.4809
        4.62       4.895
     -0.1018      -6.834
       -4.61       5.185
       7.002     -0.7198
       -5.73      -4.259
       1.367       7.107
       3.844      -6.247
      -7.146       2.036
       6.729       3.369
       -2.72      -7.117
      -2.835       7.171
       7.017      -3.412
      -7.565      -2.249
       4.105       6.845
       1.615      -7.907
      -6.602       4.791
        8.19       0.937
      -5.462      -6.288
     -0.2218        8.41
       5.903      -6.112
      -8.564      0.5245
       6.733        5.45
      -1.295      -8.647
      -4.931       7.318
       8.657      -2.084
       -7.86      -4.349
       2.883       8.591
       3.708      -8.353
      -8.448       3.685
       8.791       3.014
      -4.483      -8.227
       -2.27       9.167
       7.928      -5.268
      -9.477      -1.483
       6.033       7.553
      0.6582      -9.717
      -7.101        6.77
       9.881     -0.1967
      -7.473      -6.577
       1.075       9.968
       5.982      -8.133
      -9.973        1.97
       8.744       5.321
      -2.873      -9.896
      -4.596       9.299
       9.734      -3.776
      -9.791      -3.815
       4.673       9.487
       2.982      -10.22
      -9.156       5.553
       10.57       2.103
       -6.41      -8.741
      -1.185       10.84
       8.245      -7.235
      -11.03     -0.2357
       8.021        7.67
     -0.7381      -11.14
      -7.018        8.76
       11.15      -1.728
      -9.445      -6.295
       2.727       11.08
       5.505      -10.07
      -10.92       3.726
       10.62       4.652
      -4.715      -10.66
      -3.745        11.1
       10.31      -5.688
      -11.51      -2.788
       6.634       9.877
       1.789      -11.82
      -9.351       7.547
       12.05      0.7558
      -8.417       -8.74
      0.3036       12.19
       8.047      -9.236
      -12.23       1.381
       9.998       7.276
      -2.468      -12.17
      -6.433       10.69
       12.02      -3.556
      -11.32      -5.523
       4.634       11.77
       4.553      -11.86
      -11.42       5.695
       12.32       3.529
      -6.729      -10.97
      -2.459       12.69
       10.43      -7.728
      -12.96      -1.352
       8.682       9.794
       0.215      -13.14
      -9.072       9.583
       13.22     -0.9431
      -10.42      -8.265
       2.112       13.19
        7.38      -11.19
      -13.06       3.282
       11.89       6.423
      -4.445      -12.82
      -5.401        12.5
       12.47      -5.591
      -13.02       -4.32
       6.711       12.03
       3.188      -13.45
      -11.48       7.794
       13.78       2.015
      -8.832      -10.83
     -0.8079          14
       10.09      -9.817
      -14.12      0.4234
       10.74        9.26
      -1.668      -14.13
      -8.344       11.59
       14.03      -2.917
      -12.36      -7.349
       4.161       13.81
       6.284      -13.04
      -13.49       5.389
       13.63       5.154
      -6.591      -13.05
      -3.969       14.12
       12.51      -7.758
      -14.51      -2.737
       8.879       11.86
       1.466      -14.79
      -11.11       9.946
       14.95      0.1689
      -10.95      -10.26
       1.146       15.01
        9.32      -11.88
      -14.94       2.469
       12.72       8.297
      -3.789      -14.76
      -7.197       13.48
       14.46      -5.096
      -14.15      -6.027
       6.378       14.04
       4.796      -14.71
      -13.51       7.627
       15.16       3.512
      -8.831      -12.87
      -2.185        15.5
       12.11      -9.979
      -15.72     -0.8269
       11.06       11.26
     -0.5536      -15.82
      -10.31       12.07
        15.8      -1.945
         -13      -9.264
       3.338       15.66
       8.136      -13.84
      -15.39        4.72
       14.57       6.933
       -6.08         -15
      -5.663       15.21
       14.49      -7.407
      -15.73      -4.334
       8.693       13.86
       2.958      -16.13
      -13.11       9.923
       16.41       1.545
      -11.09      -12.26
     -0.1042       16.57
        11.3      -12.18
       -16.6       1.352
       13.19       10.24
      -2.813       -16.5
      -9.098       14.11
       16.28      -4.266
      -14.92      -7.869
       5.701       15.92
       6.567      -15.63
      -15.44       7.107
       16.22         5.2
      -8.471      -14.83
       -3.78        16.7
        14.1      -9.782
      -17.04      -2.317
       11.03       13.25
      0.8216      -17.26
       -12.3        12.2
       17.35     -0.6941
      -13.29      -11.23
       2.219        17.3
       10.08      -14.29
      -17.12       3.741
       15.19       8.828
      -5.248      -16.81
      -7.501       15.97
       16.36      -6.728
      -16.64      -6.103
       8.169       15.78
       4.645      -17.19
      -15.07        9.56
       17.61       3.138
      -10.89      -14.24
      -1.594        17.9
       13.29      -12.15
      -18.04    -0.02312
       13.32       12.23
      -1.561      -18.06
      -11.07        14.4
       17.93      -3.148
      -15.38      -9.809
       4.724       17.66
       8.462      -16.25
      -17.25       6.276
       16.99       7.039
      -7.792       -16.7
       -5.55       17.62
       16.03      -9.261
      -18.11      -4.005
       10.67       15.22
       2.416      -18.47
      -14.28       12.01
       18.68      0.7954
      -13.27      -13.23
      0.8456       18.76
       12.07      -14.43
      -18.68       2.492
       15.49       10.81
      -4.132      -18.47
      -9.447       16.44
       18.11      -5.754
      -17.27      -8.005
