     0.04322       1.189
      -1.181      -1.199
       2.058      0.1055
      -1.835       1.515
       0.368      -2.635
       1.653       2.401
      -3.068     -0.7063
       2.928      -1.658
      -1.102       3.395
      -1.561      -3.424
       3.633       1.542
      -3.885       1.375
       2.015      -3.787
       1.113       4.311
      -3.863      -2.512
       4.695     -0.7824
      -3.023       3.863
     -0.3913      -5.033
       3.789       3.541
      -5.321    -0.05295
       4.057      -3.643
     -0.5432       5.554
      -3.427      -4.563
       5.729       1.072
      -5.051       3.143
       1.633      -5.843
       2.795       5.515
      -5.892      -2.219
       5.947      -2.386
      -2.821       5.875
      -1.919      -6.341
       5.789       3.433
       -6.69       1.401
       4.047      -5.635
      0.8347       6.989
      -5.412      -4.655
       7.234     -0.2266
      -5.251       5.121
      0.4177      -7.419
       4.763       5.826
       -7.54      -1.092
       6.374       -4.34
      -1.789       7.594
      -3.855      -6.887
       7.579       2.502
      -7.359       3.311
       3.225      -7.493
       2.712       7.785
      -7.333      -3.949
       8.157      -2.062
      -4.667         7.1
      -1.368       -8.47
       6.795       5.373
       -8.72      0.6339
       6.057      -6.417
     -0.1332       8.903
      -5.968      -6.714
       9.014      0.9271
      -7.335       5.451
       1.741       -9.05
        4.87       7.915
       -9.01      -2.568
       8.445      -4.226
      -3.399       8.891
      -3.527      -8.921
       8.692       4.228
      -9.335       2.775
       5.047      -8.414
       1.977       9.684
      -8.057      -5.847
       9.961      -1.139
      -6.622       7.621
     -0.2674      -10.16
        7.11       7.363
      -10.28     -0.6308
       8.063      -6.525
      -1.548       10.33
      -5.871      -8.715
       10.28       2.476
      -9.312       5.151
       3.408      -10.15
       4.371       9.848
      -9.935      -4.335
       10.32      -3.536
      -5.249       9.632
      -2.651      -10.71
       9.243       6.142
      -11.03       1.724
       7.006       -8.77
      0.7622       11.26
      -8.214      -7.833
       11.41      0.2281
      -8.614        7.58
       1.238      -11.47
        6.87       9.343
      -11.44       -2.26
       10.01       -6.09
      -3.285       11.31
      -5.245      -10.61
       11.09       4.305
      -11.14        4.34
        5.31      -10.78
       3.383       11.59
      -10.37      -6.293
       11.96      -2.379
      -7.245       9.878
      -1.337      -12.23
       9.293       8.157
      -12.42      0.2639
        9.02      -8.623
     -0.8304       12.51
      -7.872      -9.828
        12.5       1.938
      -10.57       7.045
        3.05      -12.39
       6.147       11.24
      -12.18      -4.157
       11.84      -5.184
       -5.25       11.87
      -4.164      -12.35
       11.46        6.32
      -12.77       3.094
       7.358      -10.95
       1.981        13.1
      -10.35      -8.356
       13.33     -0.8343
      -9.302       9.657
      0.3369      -13.46
       8.876       10.19
      -13.48      -1.524
       11.01      -8.013
      -2.717        13.4
      -7.073      -11.76
       13.21       3.907
      -12.42       6.063
       5.085      -12.91
        4.99          13
      -12.51      -6.239
       13.49      -3.862
      -7.362          12
      -2.686      -13.87
       11.39       8.443
      -14.15       1.474
       9.472      -10.68
      0.2326       14.33
      -9.882      -10.44
       14.39       1.028
      -11.34       8.992
       2.297      -14.34
        8.02       12.17
      -14.18      -3.566
       12.91      -6.972
      -4.824        13.9
      -5.855      -13.56
       13.52        6.06
      -14.11       4.676
       7.266      -13.02
       3.447       14.55
      -12.41      -8.429
       14.89      -2.175
      -9.541        11.7
     -0.8704      -15.12
       10.89       10.59
      -15.23     -0.4576
       11.57      -9.981
      -1.798       15.22
      -8.985      -12.48
        15.1       3.141
      -13.29       7.906
       4.475      -14.85
       6.753       14.02
      -14.49      -5.792
       14.64      -5.533
      -7.077       14.01
      -4.257      -15.15
       13.41       8.322
      -15.56       2.932
       9.516      -12.71
        1.57       15.84
      -11.89      -10.65
       16.01     -0.1798
      -11.71       10.97
       1.227      -16.05
       9.963        12.7
      -15.97       -2.64
       13.59      -8.863
      -4.047       15.76
      -7.681      -14.39
       15.43       5.439
      -15.09       6.427
       6.803      -14.97
        5.11       15.67
      -14.39      -8.128
       16.15      -3.739
      -9.403        13.7
      -2.325      -16.49
       12.89       10.62
      -16.72      0.8785
       11.76      -11.97
     -0.5895       16.82
      -10.95      -12.83
       16.78       2.068
      -13.81       9.837
       3.546      -16.62
       8.633       14.69
      -16.33      -5.009
       15.46      -7.352
      -6.449        15.9
      -6.001      -16.12
       15.35       7.852
      -16.66       4.591
       9.207      -14.67
       3.131       17.08
      -13.88       -10.5
       17.37      -1.633
      -11.73       12.97
     -0.1081      -17.53
       11.95       12.88
      -17.55      -1.431
       13.94      -10.82
      -2.974       17.44
      -9.607       -14.9
       17.19       4.507
      -15.75       8.305
       6.019       -16.8
       6.927       16.49
      -16.28      -7.498
       17.11      -5.482
      -8.932       15.63
      -3.983       -17.6
       14.86       10.31
      -17.96        2.44
       11.62      -13.96
       0.863       18.18
      -12.94      -12.85
       18.26      0.7329
      -13.99       11.82
       2.337      -18.21
        10.6       15.03
      -18.01      -3.936
       15.97      -9.281
      -5.518       17.67
      -7.882      -16.79
       17.19        7.07
      -17.49        6.41
       8.581      -16.57
       4.877       18.05
      -15.82      -10.04
       18.48      -3.292
      -11.43       14.94
       -1.67      -18.78
       13.94       12.74
      -18.93     0.02194
       13.97      -12.83
      -1.639       18.93
       -11.6      -15.09
