      0.6631      -0.988
      0.2523       1.664
      -1.604      -1.294
       2.375     -0.1498
      -1.845       1.917
      0.0716      -2.914
       2.069       2.373
      -3.344     -0.3765
       2.885      -2.102
     -0.7462       3.688
      -2.036      -3.381
       3.953       1.168
      -3.855       1.883
        1.63      -4.143
       1.653       4.302
       -4.26      -2.123
       4.716      -1.353
      -2.638       4.304
     -0.9887      -5.091
       4.276       3.166
      -5.423      0.5673
       3.701      -4.177
     0.09526       5.705
      -4.009      -4.232
       5.934      0.4211
      -4.752       3.771
      0.9753      -6.105
       3.467       5.255
      -6.215       -1.56
       5.733        -3.1
      -2.169        6.26
      -2.671      -6.178
       6.238       2.793
      -6.584       2.186
       3.427      -6.148
       1.649       6.946
      -5.989      -4.063
       7.257      -1.063
      -4.693       5.761
     -0.4361      -7.512
       5.463        5.31
      -7.708     -0.2283
       5.907      -5.098
     -0.9224       7.838
      -4.667      -6.475
       7.901        1.64
      -7.009       4.172
       2.375      -7.894
       3.618       7.502
      -7.814      -3.119
       7.947      -3.008
      -3.865        7.66
      -2.347      -8.338
       7.432       4.606
       -8.67       1.639
       5.335      -7.129
      0.8902       8.939
      -6.753      -6.043
       9.139     -0.1066
      -6.723       6.304
      0.7045      -9.266
       5.787       7.368
      -9.318      -1.536
       7.971      -5.202
      -2.382       9.292
      -4.555      -8.526
       9.187       3.234
      -9.025       3.849
       4.084          -9
        3.09       9.463
      -8.732      -4.926
       9.835      -2.283
       -5.75       8.384
      -1.434      -10.13
       7.956       6.549
      -10.36      0.5487
       7.315       -7.45
     -0.3636        10.5
      -6.869      -8.041
       10.56       1.297
      -8.719       6.217
       2.243      -10.54
       5.498       9.342
      -10.43      -3.194
       9.904      -4.716
      -4.142       10.23
      -3.877       -10.4
       9.939       5.078
      -10.82       2.987
       5.995      -9.564
       2.051       11.16
      -9.103      -6.883
       11.42      -1.079
      -7.736       8.558
    -0.07716       -11.6
       7.932       8.544
      -11.68     -0.9468
         9.3      -7.229
      -1.984       11.67
      -6.453      -9.997
       11.57       3.027
      -10.63       5.609
       4.067      -11.37
       4.704       11.18
      -11.08      -5.095
       11.66      -3.744
      -6.101       10.69
      -2.735      -12.06
       10.21       7.077
      -12.36       1.685
       8.015      -9.638
      0.6032       12.58
      -8.981      -8.906
       12.69      0.5032
      -9.742       8.239
       1.625      -12.71
        7.42       10.52
      -12.63      -2.754
       11.22      -6.527
       -3.88       12.44
      -5.568      -11.84
       12.16       4.994
      -12.39       4.548
       6.087      -11.77
       3.475       12.84
      -11.28       -7.15
        13.2      -2.357
      -8.173        10.7
      -1.204      -13.46
       10.02       9.147
      -13.62     0.02243
       10.06      -9.251
      -1.178       13.67
      -8.398      -10.92
       13.62       2.386
       -11.7       7.467
       3.594      -13.45
       6.463       12.39
      -13.18      -4.791
          13      -5.392
      -5.968       12.81
      -4.265      -13.52
       12.32       7.115
      -13.94       3.088
       8.222      -11.73
        1.87       14.25
      -11.05      -9.279
       14.46      -0.621
      -10.28       10.26
       0.651      -14.56
       9.385       11.21
      -14.54      -1.934
       12.07      -8.425
      -3.219       14.41
      -7.385      -12.84
       14.16       4.495
      -13.52       6.274
       5.753      -13.81
       5.099       14.11
      -13.33      -6.982
       14.59       -3.87
      -8.171       12.75
      -2.596      -14.97
       12.06       9.311
      -15.23       1.284
       10.39      -11.27
    -0.05258       15.38
      -10.38      -11.41
        15.4       1.405
      -12.34       9.398
       2.762      -15.31
        8.33       13.19
       -15.1      -4.114
       13.95      -7.186
       -5.45       14.77
      -5.973      -14.61
       14.31       6.758
      -15.16       4.699
       8.029      -13.75
       3.374        15.6
      -13.06      -9.251
       15.93      -2.007
      -10.41       12.27
     -0.6107      -16.13
       11.38       11.51
      -16.21      -0.806
       12.53      -10.38
      -2.232       16.16
      -9.295      -13.46
       15.99       3.655
       -14.3       8.126
       5.066      -15.69
       6.881       15.03
      -15.27      -6.451
       15.65      -5.569
      -7.801       14.72
      -4.199      -16.16
       14.05       9.104
      -16.55       2.784
       10.35      -13.27
       1.333       16.82
      -12.37      -11.53
       16.95      0.1428
      -12.63       11.37
       1.632      -16.96
       10.28       13.64
      -16.83      -3.124
       14.56      -9.088
      -4.605       16.57
      -7.818      -15.37
       16.18       6.065
      -16.07       6.475
       7.492      -15.67
       5.069       16.65
      -15.02      -8.875
       17.11       -3.61
       -10.2       14.25
       -2.11      -17.44
       13.37       11.46
      -17.64      0.5795
       12.64      -12.37
     -0.9692        17.7
      -11.27      -13.74
       17.63       2.524
      -14.74       10.07
       4.074      -17.42
        8.78       15.63
      -17.07      -5.606
       16.41      -7.413
      -7.107       16.59
      -5.976      -17.07
       15.97       8.567
       -17.6       4.479
       9.974      -15.22
       2.936          18
      -14.36      -11.32
       18.27      -1.356
      -12.58       13.37
       0.247      -18.39
       12.27       13.76
      -18.38      -1.862
       14.84      -11.06
      -3.476       18.22
      -9.764      -15.81
       17.92       5.076
      -16.68       8.378
        6.65      -17.48
       6.915       17.41
       -16.9      -8.186
       18.02      -5.388
      -9.671       16.18
      -3.806       -18.5
       15.33       11.09
      -18.84       2.183
       12.44      -14.36
      0.5298       19.03
