      0.3696      -1.131
      -1.466      0.8263
       2.007      0.4664
      -1.345      -1.963
     -0.3733       2.634
       2.251      -1.852
      -3.144     -0.1675
       2.357       2.402
     -0.1227      -3.567
      -2.445        2.86
       3.917     -0.4799
      -3.355      -2.394
       0.892       4.196
       2.259      -3.836
      -4.406       1.349
       4.297       2.047
       -1.84      -4.548
      -1.765        4.73
       4.619      -2.358
      -5.129      -1.417
       2.894       4.621
        1.01      -5.489
      -4.552        3.44
       5.803        0.55
      -3.988      -4.414
    -0.04184       6.067
       4.208       -4.53
      -6.276      0.5072
       5.058       3.933
      -1.091      -6.425
      -3.594       5.565
       6.512      -1.702
      -6.044      -3.192
       2.335       6.533
       2.731      -6.488
      -6.487       2.981
       6.891       2.214
      -3.634      -6.371
      -1.645       7.246
       6.185      -4.286
      -7.549      -1.031
       4.929        5.93
      0.3756      -7.793
      -5.605       5.556
       7.975     -0.3142
       -6.16      -5.213
       1.032       8.091
       4.754      -6.734
      -8.138       1.772
       7.271       4.233
      -2.527      -8.113
      -3.652       7.764
       8.013      -3.289
      -8.207      -3.015
       4.052       7.839
       2.328      -8.594
      -7.589       4.807
        8.92       1.596
      -5.547      -7.263
     -0.8231        9.18
       6.864      -6.264
      -9.369    -0.01772
       6.952       6.392
     -0.8142      -9.484
      -5.851       7.602
       9.522      -1.666
      -8.208      -5.243
       2.529        9.48
       4.572      -8.762
      -9.357       3.398
        9.26       3.843
      -4.262      -9.152
      -3.061       9.694
       8.865      -5.116
      -10.06      -2.231
        5.95       8.496
       1.361      -10.35
      -8.047       6.757
       10.57      0.4563
       -7.53      -7.521
      0.4751        10.7
       6.918       -8.26
      -10.75       1.426
        8.94       6.245
      -2.388      -10.71
      -5.503       9.564
       10.58      -3.354
      -10.12        -4.7
       4.315       10.36
        3.84      -10.61
      -10.06       5.263
       11.03       2.928
      -6.189      -9.662
      -1.974       11.37
       9.181      -7.085
      -11.62      -0.983
       7.943       8.616
    -0.03668      -11.78
       -7.97       8.754
       11.85      -1.077
      -9.512      -7.246
       2.131       11.83
       6.449      -10.21
      -11.71       3.187
       10.84       5.586
      -4.239      -11.49
      -4.661       11.39
       11.18      -5.276
      -11.86       -3.68
       6.291       10.78
       2.653      -12.25
      -10.28       7.275
       12.55       1.586
      -8.218      -9.688
     -0.4867       12.75
        9.01      -9.112
      -12.85      0.6361
        9.95       8.249
      -1.772      -12.86
       -7.41       10.72
       12.76      -2.914
      -11.42      -6.498
       4.051       12.56
       5.518      -12.05
      -12.25       5.175
       12.58        4.48
      -6.277      -11.85
      -3.389       13.03
       11.34      -7.346
      -13.38      -2.254
       8.373       10.74
       1.085      -13.63
      -10.04       9.351
       13.77     -0.1127
      -10.27      -9.255
       1.326       13.81
       8.383      -11.12
      -13.74       2.547
        11.9       7.433
      -3.766      -13.57
      -6.409       12.59
       13.28      -4.973
       -13.2      -5.321
       6.157       12.88
       4.176      -13.71
      -12.38        7.31
       14.11       2.982
      -8.422      -11.77
      -1.748       14.42
       11.07      -9.482
      -14.61     -0.4836
       10.48       10.26
      -0.801       -14.7
      -9.367       11.41
       14.66      -2.096
      -12.27      -8.387
       3.392       14.52
       7.329      -13.04
      -14.26       4.678
       13.71         6.2
      -5.943      -13.88
      -5.008       14.29
       13.39      -7.178
      -14.77      -3.762
       8.372       12.79
       2.471      -15.13
      -12.08       9.515
       15.38       1.146
       -10.6      -11.27
      0.2046       15.51
       10.36      -11.61
      -15.53       1.569
       12.54       9.357
      -2.937      -15.42
      -8.272       13.39
       15.19      -4.298
      -14.14       -7.11
       5.642       14.84
       5.879      -14.79
      -14.37       6.956
       15.34       4.588
      -8.231      -13.78
      -3.247       15.76
       13.08      -9.456
      -16.08      -1.867
       10.62       12.27
      0.4568      -16.26
      -11.35       11.71
       16.33      -0.972
      -12.73      -10.34
       2.408       16.27
       9.237      -13.66
      -16.08       3.841
       14.49       8.047
      -5.259      -15.76
      -6.786       15.21
       15.32      -6.651
      -15.83      -5.456
       8.005       14.75
       4.072      -16.33
      -14.07        9.31
        16.7       2.642
      -10.56      -13.26
      -1.178       16.95
       12.35      -11.73
      -17.07      0.3107
       12.83       11.33
      -1.811      -17.06
      -10.21       13.84
       16.92      -3.312
      -14.75       -9.01
       4.801       16.65
       7.721      -15.55
      -16.24       6.267
       16.24       6.363
      -7.701       -15.7
      -4.939       16.82
       15.04      -9.084
      -17.26      -3.466
       10.41       14.25
       1.953      -17.58
      -13.35       11.67
       17.76      0.4099
      -12.85      -12.33
        1.15       17.81
       11.21      -13.94
      -17.72       2.714
       14.93       9.989
      -4.272      -17.49
      -8.685       15.82
       17.13       -5.81
      -16.59      -7.299
       7.316       16.62
       5.845      -17.24
      -15.99       8.781
       17.76       4.334
      -10.19      -15.22
      -2.777       18.14
       14.33      -11.53
      -18.39      -1.185
       12.79       13.33
     -0.4293       -18.5
      -12.21       13.96
       18.47      -2.054
      -15.04      -10.99
       3.676        18.3
       9.667      -16.01
      -17.98       5.283
       16.86       8.264
      -6.864      -17.52
      -6.785       17.59
       16.92        -8.4
      -18.18      -5.243
       9.888       16.18
       3.647      -18.65
      -15.32       11.31
