      -1.091     -0.4755
       1.592      -0.546
     -0.9856        1.81
     -0.5725       -2.31
       2.216       1.472
      -2.879      0.4511
       1.964       -2.46
      0.2282       3.358
      -2.584      -2.462
       3.762     0.07407
      -2.962       2.608
      0.4412      -4.098
       2.543       3.455
      -4.368     -0.8617
       3.936      -2.396
      -1.326       4.571
      -2.175      -4.397
       4.707       1.825
      -4.832       1.884
        2.35      -4.774
       1.529       5.234
      -4.772      -2.893
       5.596      -1.115
      -3.446       4.701
     -0.6479      -5.914
       4.561       4.001
      -6.181      0.1332
        4.55      -4.352
     -0.4225       6.393
      -4.076      -5.085
       6.547       1.013
        -5.6       3.734
       1.632      -6.637
        3.33       6.087
      -6.662      -2.272
       6.539      -2.865
      -2.926        6.62
      -2.345       -6.95
       6.508       3.587
      -7.313       1.774
       4.247      -6.325
       1.155       7.624
      -6.073      -4.899
       7.877     -0.4954
      -5.535        5.75
      0.1995      -8.067
        5.36       6.149
      -8.191     -0.9235
       6.733      -4.903
       -1.67       8.246
      -4.382       -7.28
       8.228       2.432
      -7.783       3.801
       3.202      -8.136
       3.164       8.237
      -7.969      -3.972
       8.635      -2.475
      -4.736       7.725
      -1.741      -8.972
       7.406       5.486
      -9.243      0.9655
       6.213      -7.012
      0.1562       9.443
      -6.545      -6.911
       9.569      0.6805
      -7.573       6.007
       1.538      -9.617
       5.402        8.19
      -9.586      -2.408
       8.757      -4.733
      -3.283       9.473
      -4.006      -9.267
       9.277       4.156
      -9.714       3.224
       5.019      -8.999
       2.394       10.09
      -8.639      -5.863
        10.4      -1.522
      -6.681       8.198
     -0.6149      -10.62
       7.678       7.465
      -10.77     -0.3203
       8.207      -7.081
      -1.276       10.83
      -6.413        -8.9
        10.8       2.245
      -9.537       5.676
       3.217      -10.69
       4.875       10.11
      -10.48      -4.186
       10.62      -4.016
      -5.143       10.19
      -3.106      -11.05
       9.804       6.079
       -11.4       2.152
       6.986      -9.333
       1.159       11.66
      -8.776      -7.856
       11.84     -0.1366
       -8.68       8.138
      0.9079      -11.92
       7.421       9.451
      -11.91      -1.967
       10.16       -6.63
       -3.03       11.81
      -5.771      -10.81
       11.61       4.089
      -11.37       4.849
       5.136      -11.31
       3.871       11.86
      -10.92      -6.161
       12.27      -2.845
      -7.155       10.43
      -1.777      -12.58
        9.85        8.11
       -12.8      0.6763
       9.018      -9.182
     -0.4496       12.92
       -8.43      -9.869
       12.94       1.591
      -10.66       7.598
       2.738      -12.85
       6.692       11.37
      -12.67      -3.883
       12.01      -5.717
      -5.015       12.38
      -4.682      -12.56
       11.99       6.126
      -13.03       3.593
       7.206      -11.49
        2.46       13.39
       -10.9      -8.246
       13.66      -1.288
      -9.237       10.22
    -0.08944      -13.82
       9.439       10.17
      -13.88      -1.128
       11.04      -8.577
      -2.354       13.83
      -7.633      -11.83
       13.67       3.579
      -12.54       6.616
       4.794       -13.4
       5.533       13.16
      -13.02      -5.989
       13.69      -4.391
      -7.152       12.53
      -3.199      -14.12
       11.94       8.276
      -14.44       1.965
        9.35      -11.24
         0.7       14.65
      -10.45      -10.36
       14.75      0.5875
      -11.31       9.564
       1.887      -14.74
       8.593       12.18
      -14.61      -3.189
       12.97      -7.543
      -4.482       14.37
       -6.42      -13.66
       14.01       5.757
      -14.26       5.233
       7.002      -13.53
       3.989       14.75
      -12.95      -8.208
       15.14        -2.7
      -9.365       12.25
      -1.375      -15.41
       11.46       10.46
      -15.56     0.02278
       11.49      -10.56
      -1.345       15.59
      -9.568      -12.44
        15.5       2.719
      -13.31       8.492
       4.087      -15.29
       7.337       14.08
      -14.96      -5.439
       14.75      -6.112
      -6.763       14.51
      -4.825      -15.31
       13.94        8.05
      -15.76       3.488
       9.288      -13.25
       2.108       16.09
      -12.46      -10.47
        16.3     -0.6969
      -11.58       11.55
      0.7346      -16.38
       10.55       12.61
      -16.34      -2.176
       13.56       -9.46
      -3.615       16.17
      -8.281       -14.4
       15.88       5.041
      -15.15       7.025
       6.442      -15.45
       5.702       15.79
      -14.91      -7.807
       16.31      -4.321
      -9.126       14.24
      -2.894       -16.7
       13.45       10.39
      -16.98       1.429
       11.58      -12.55
    -0.06063       17.12
      -11.55      -12.69
       17.13       1.564
      -13.72       10.44
       3.071      -17.01
       9.247       14.65
      -16.75      -4.567
       15.47      -7.968
      -6.043       16.37
      -6.614      -16.19
       15.85       7.486
      -16.78       5.197
       8.884       -15.2
       3.727       17.25
      -14.43      -10.23
       17.59      -2.215
       -11.5       13.54
     -0.6716       -17.8
       12.54        12.7
      -17.86     -0.8906
       13.81      -11.44
       -2.46        17.8
      -10.23      -14.82
       17.59       4.024
      -15.72       8.934
        5.57      -17.25
       7.557       16.52
      -16.76      -7.088
       17.19       -6.11
      -8.563       16.15
      -4.604      -17.73
        15.4       9.984
      -18.14       3.049
       11.34      -14.53
       1.458       18.41
      -13.54      -12.62
       18.55      0.1585
      -13.81       12.44
       1.787      -18.54
       11.23       14.91
      -18.39      -3.414
        15.9       -9.92
       -5.03       18.09
      -8.527      -16.77
       17.65       6.619
      -17.52       7.056
       8.169      -17.07
       5.519       18.14
      -16.36      -9.668
       18.63      -3.927
