       1.179     -0.1588
      -1.381     -0.9609
      0.4525       2.011
       1.183      -2.065
      -2.535      0.8089
       2.646       1.222
      -1.216      -2.904
      -1.139       3.167
       3.159      -1.661
      -3.638     -0.9586
       2.135       3.319
      0.6976      -4.062
      -3.391       2.627
       4.437       0.367
       -3.13      -3.382
      0.0239       4.759
       3.296      -3.634
      -5.026      0.4666
       4.132       3.135
     -0.9532      -5.235
      -2.903       4.615
       5.382      -1.476
      -5.077      -2.604
       2.027       5.465
       2.242       -5.51
      -5.482       2.599
       5.908        1.82
      -3.184      -5.431
      -1.344       6.265
       5.312      -3.775
      -6.574     -0.8179
       4.364       5.124
      0.2477      -6.831
      -4.869       4.943
        7.03      -0.361
      -5.504      -4.546
       1.002       7.168
       4.158      -6.042
      -7.241       1.668
       6.548       3.708
      -2.353      -7.246
      -3.198       7.016
       7.182      -3.049
       -7.44      -2.633
       3.749       7.046
       2.017      -7.814
      -6.838       4.447
       8.131       1.354
      -5.134      -6.559
     -0.6513       8.388
       6.208      -5.802
       -8.58     0.08616
       6.446       5.787
      -0.852      -8.702
      -5.298       7.056
       8.752      -1.639
      -7.628      -4.745
        2.44       8.727
        4.13      -8.153
      -8.625       3.249
       8.625       3.459
      -4.056      -8.445
      -2.735       9.039
       8.187      -4.856
      -9.389      -1.965
       5.639       7.851
       1.154      -9.671
      -7.438       6.399
       9.879      0.3086
      -7.127       -6.95
      0.5644       10.01
        6.39      -7.817
      -10.06       1.457
        8.46        5.76
      -2.363      -10.03
      -5.066       9.052
       9.914      -3.274
      -9.584       -4.31
       4.182       9.714
         3.5      -10.05
      -9.428       5.078
       10.45        2.64
      -5.955      -9.058
      -1.738       10.77
       8.604      -6.805
      -11.01      -0.799
       7.619       8.069
     -0.1683      -11.16
      -7.457        8.39
       11.23      -1.156
      -9.111      -6.769
       2.157       11.21
       6.012      -9.773
      -11.09       3.162
       10.37       5.189
      -4.164      -10.89
      -4.307        10.9
       10.59      -5.153
      -11.35      -3.372
       6.121        10.2
       2.391      -11.72
      -9.725       7.059
          12        1.37
      -7.959      -9.159
     -0.3192       12.19
       8.508      -8.813
      -12.28      0.7546
       9.613       7.778
      -1.843      -12.28
      -6.971       10.35
       12.19      -2.936
      -11.02      -6.094
       4.026       11.99
       5.153      -11.61
      -11.69       5.104
       12.12       4.154
       -6.16       -11.3
      -3.104       12.55
       10.81      -7.185
      -12.88      -2.012
        8.17       10.22
      0.8858      -13.11
      -9.549       9.107
       13.25     -0.2661
      -9.987      -8.787
       1.435       13.28
       7.943       -10.8
      -13.21        2.61
       11.55       7.023
      -3.784      -13.03
      -6.033       12.21
       12.74      -4.946
      -12.79      -4.979
       6.088       12.35
       3.871      -13.27
      -11.86       7.198
       13.66       2.716
      -8.267      -11.27
      -1.522       13.95
       10.58      -9.288
      -14.13     -0.2992
       10.25       9.797
     -0.9434       -14.2
      -8.925       11.14
       14.16      -2.196
      -11.96      -7.972
       3.449       14.01
       6.942       -12.7
      -13.74       4.693
       13.35       5.843
      -5.916      -13.37
      -4.685        13.9
       12.89      -7.109
      -14.35      -3.474
       8.262        12.3
       2.221      -14.69
       -11.6       9.365
       14.93      0.9334
      -10.41      -10.81
      0.3776       15.05
       9.916      -11.38
      -15.05       1.702
       12.28       8.937
       -3.03      -14.93
      -7.876        13.1
        14.7      -4.351
      -13.82      -6.741
       5.653       14.35
        5.54      -14.44
      -13.88       6.927
       14.96       4.282
      -8.161       -13.3
      -2.975       15.36
       12.61      -9.347
      -15.66       -1.63
       10.47       11.81
      0.2561      -15.83
      -10.91       11.53
       15.88      -1.135
      -12.51      -9.916
       2.534       15.81
       8.832       -13.4
      -15.61       3.927
        14.2       7.669
      -5.306      -15.29
      -6.432        14.9
       14.85      -6.658
      -15.49      -5.133
       7.973       14.28
       3.779      -15.96
       -13.6       9.239
       16.31       2.382
      -10.45      -12.81
     -0.9514       16.55
       11.91      -11.59
      -16.65      0.5012
       12.65        10.9
      -1.966      -16.63
      -9.806       13.62
       16.47      -3.429
       -14.5      -8.621
        4.88       16.19
       7.356      -15.27
      -15.78       6.308
       15.94       6.022
      -7.701      -15.24
      -4.628       16.48
       14.58      -9.048
       -16.9      -3.185
       10.34        13.8
       1.703       -17.2
       -12.9       11.56
       17.36      0.1929
       -12.7       -11.9
       1.331        17.4
       10.79      -13.76
      -17.29       2.861
       14.72       9.593
      -4.382      -17.05
      -8.308       15.57
       16.68      -5.883
      -16.31      -6.946
       7.352       16.18
       5.518      -16.93
      -15.54       8.777
       17.43       4.034
      -10.15      -14.78
      -2.507       17.79
        13.9      -11.45
      -18.02     -0.9458
       12.68        12.9
      -0.636      -18.11
      -11.79       13.82
       18.06      -2.228
      -14.86      -10.58
       3.815       17.88
       9.282      -15.79
      -17.55       5.385
       16.61       7.899
      -6.928      -17.08
      -6.443       17.31
       16.48       -8.43
      -17.88      -4.925
       9.879       15.74
       3.357      -18.32
      -14.88       11.26
       18.62        1.75
      -12.57      -13.89
     -0.1146       18.77
       12.79      -13.79
      -18.79       1.533
       14.92       11.58
      -3.183      -18.66
      -10.28       15.94
       18.38       -4.82
      -16.84      -8.877
