      0.9563       0.708
      -1.674      0.1752
       1.366      -1.543
     0.03994       2.379
       -1.83      -1.931
       2.907      0.2061
      -2.466       1.957
      0.5306      -3.323
       1.966       2.979
      -3.649     -0.9158
       3.471      -1.877
      -1.349       3.895
      -1.703      -3.937
       4.063       1.819
      -4.373       1.452
       2.317      -4.157
       1.133       4.773
      -4.178      -2.834
       5.131     -0.7524
      -3.361       4.126
     -0.3164      -5.443
       4.002       3.889
      -5.704     -0.1682
       4.412      -3.809
      -0.695       5.908
      -3.548      -4.922
       6.054       1.256
       -5.41       3.221
       1.845      -6.136
       2.832        5.87
      -6.153      -2.455
       6.295      -2.383
      -3.079       6.102
       -1.88      -6.678
       5.983       3.708
      -7.015       1.326
       4.336      -5.795
      0.7273       7.298
      -5.538      -4.954
       7.525    -0.08819
      -5.557       5.212
      0.5841      -7.689
       4.819       6.136
      -7.787      -1.284
       6.684      -4.363
      -2.003       7.817
      -3.844      -7.194
       7.776       2.737
      -7.661       3.268
       3.476      -7.662
       2.638       8.077
      -7.473      -4.215
       8.438      -1.959
      -4.944       7.211
      -1.236      -8.737
       6.875       5.658
       -8.97      0.4757
       6.348      -6.467
     -0.3157       9.134
      -5.987      -7.007
       9.224       1.132
      -7.627        5.44
       1.965      -9.237
       4.828       8.203
      -9.172      -2.809
       8.727      -4.156
      -3.655       9.027
      -3.428      -9.193
       8.802       4.496
      -9.596       2.649
       5.324      -8.495
       1.825        9.93
      -8.109      -6.131
       10.19     -0.9633
      -6.909       7.645
    -0.06964      -10.37
       7.104       7.651
      -10.47     -0.8484
       8.349      -6.491
      -1.783       10.49
      -5.808      -8.997
       10.42       2.727
      -9.586       5.061
       3.672      -10.27
       4.254       10.11
      -10.03       -4.61
       10.57      -3.392
      -5.532       9.694
      -2.483      -10.95
       9.277        6.43
      -11.25       1.533
       7.296      -8.775
      0.5503       11.46
      -8.191      -8.123
       11.59      0.4586
      -8.901       7.529
       1.485      -11.62
       6.791       9.624
      -11.57      -2.521
       10.28      -5.984
      -3.559       11.42
      -5.112      -10.88
       11.17       4.588
      -11.39       4.182
         5.6      -10.83
         3.2       11.82
       -10.4      -6.587
       12.17      -2.175
      -7.541       9.871
      -1.112      -12.43
       9.258       8.452
      -12.59     0.02151
       9.312       -8.56
      -1.089       12.66
      -7.781      -10.11
       12.62       2.211
      -10.85       6.926
       3.334      -12.49
       6.001       11.51
      -12.25       -4.45
       12.09      -5.014
       -5.55       11.91
       -3.97      -12.58
       11.47       6.624
      -12.99       2.878
       7.663      -10.94
       1.745       13.29
      -10.31      -8.658
        13.5     -0.5806
        -9.6       9.585
      0.6067       -13.6
       8.776       10.48
       -13.6      -1.807
       11.29      -7.884
      -3.012       13.49
      -6.918      -12.03
       13.27       4.211
      -12.68       5.882
       5.394      -12.95
       4.786       13.24
      -12.52      -6.553
        13.7      -3.636
      -7.676       11.98
      -2.441      -14.07
       11.34       8.755
      -14.33        1.21
        9.78      -10.61
    -0.04773       14.47
      -9.775      -10.74
       14.51       1.322
      -11.63       8.857
       2.603      -14.44
       7.857       12.44
      -14.25       -3.88
       13.17      -6.783
      -5.145       13.94
      -5.642       -13.8
       13.52       6.384
      -14.33       4.442
        7.59         -13
       3.192       14.76
      -12.36      -8.751
       15.07      -1.902
      -9.859       11.62
     -0.5802      -15.27
       10.78        10.9
      -15.36     -0.7619
       11.87       -9.84
      -2.114       15.32
      -8.817      -12.76
       15.17       3.466
      -13.57       7.712
       4.808      -14.89
       6.534       14.27
       -14.5      -6.126
       14.87      -5.292
      -7.412       13.99
      -3.994      -15.36
       13.36       8.655
      -15.74        2.65
       9.845      -12.62
       1.271          16
      -11.78      -10.97
       16.14       0.134
      -12.02       10.83
       1.553      -16.15
       9.791       12.99
      -16.04      -2.976
       13.87      -8.664
       -4.39        15.8
      -7.457      -14.66
       15.44       5.785
      -15.33       6.179
       7.149      -14.95
        4.84       15.89
      -14.34      -8.473
       16.34      -3.449
      -9.744       13.61
      -2.018      -16.66
       12.77       10.95
      -16.86      0.5559
       12.09      -11.83
     -0.9247       16.93
      -10.78      -13.14
       16.86       2.414
       -14.1       9.635
       3.898      -16.67
       8.406       14.96
      -16.34      -5.366
       15.71        -7.1
      -6.807       15.89
      -5.726      -16.35
        15.3       8.209
      -16.87       4.294
       9.559      -14.59
       2.815       17.26
      -13.77      -10.85
       17.52      -1.302
      -12.07       12.82
      0.2359      -17.65
       11.77        13.2
      -17.64      -1.786
       14.24      -10.62
      -3.336       17.49
      -9.377      -15.19
       17.21       4.874
      -16.02       8.049
       6.388      -16.79
       6.647       16.73
      -16.24      -7.866
       17.33      -5.181
      -9.296       15.56
      -3.661      -17.79
       14.75       10.67
      -18.12       2.102
       11.97      -13.82
      0.5098       18.31
      -12.77      -13.18
       18.36       1.095
      -14.31       11.62
        2.71      -18.27
       10.37       15.33
      -18.04      -4.312
       16.25      -9.023
      -5.899       17.66
      -7.599      -17.04
       17.15       7.449
      -17.72       6.102
       8.958       -16.5
        4.55       18.25
      -15.72      -10.41
       18.66      -2.946
      -11.79       14.81
      -1.312      -18.92
       13.77       13.09
      -19.03      -0.351
