       -1.19    -0.01175
       1.252      -1.124
     -0.2005       2.051
      -1.429      -1.903
       2.615      0.4893
      -2.474        1.54
      0.8473      -3.032
       1.521       3.002
      -3.341      -1.258
       3.492      -1.401
      -1.708       3.557
      -1.194      -3.945
        3.69       2.188
      -4.357      0.9127
       2.688      -3.743
      0.5647       4.726
       -3.72      -3.199
       5.046     -0.1584
      -3.712       3.622
      0.2987      -5.313
       3.452       4.221
      -5.523     -0.7992
       4.716      -3.212
      -1.336       5.674
      -2.906      -5.191
       5.761       1.902
      -5.638       2.537
       2.488      -5.783
       2.108       6.051
      -5.738      -3.089
       6.422      -1.624
      -3.697       5.625
       -1.09      -6.748
       5.442       4.303
      -7.021      0.5109
         4.9      -5.192
     -0.1078       7.237
      -4.873      -5.481
       7.392      0.7598
      -6.039       4.489
       1.439      -7.482
       4.041       6.567
      -7.504      -2.138
       7.058      -3.533
       -2.85       7.456
      -2.967      -7.504
       7.336       3.567
      -7.902       2.349
       4.283      -7.143
       1.683       8.243
      -6.877       -4.99
       8.524     -0.9752
      -5.681       6.539
     -0.2305       -8.74
        6.13       6.347
      -8.887     -0.5443
       6.982      -5.652
      -1.343       8.961
      -5.107      -7.579
        8.96       2.157
      -8.131       4.499
       2.981      -8.882
       3.832       8.632
      -8.724      -3.806
       9.074      -3.111
      -4.625       8.488
      -2.341      -9.454
       8.172        5.43
      -9.765       1.528
       6.213      -7.778
      0.6776          10
      -7.307      -6.967
       10.16      0.2023
      -7.683       6.762
       1.105      -10.24
       6.146       8.356
      -10.24      -2.023
       8.977      -5.462
      -2.949       10.16
      -4.716       -9.54
       9.983       3.873
      -10.04       3.911
       4.789      -9.724
       3.055       10.47
      -9.379      -5.689
       10.82      -2.154
      -6.563        8.95
      -1.213       -11.1
       8.437       7.404
      -11.29      0.2411
       8.204      -7.844
      -0.755       11.39
      -7.174      -8.955
        11.4       1.767
       -9.65       6.431
       2.786      -11.32
       5.621       10.28
      -11.15      -3.804
       10.84      -4.749
      -4.812       10.88
      -3.821      -11.33
       10.52       5.802
      -11.74       2.843
       6.766      -10.07
       1.824       12.05
      -9.533      -7.693
       12.28     -0.7703
      -8.577       8.906
      0.3101      -12.42
       8.197       9.409
      -12.46      -1.407
       10.18       -7.41
      -2.513        12.4
      -6.549      -10.89
       12.24       3.619
      -11.52       5.621
       4.715      -11.98
       4.632       12.07
      -11.61      -5.793
       12.53      -3.589
      -6.843       11.16
      -2.501       -12.9
        10.6       7.856
      -13.18       1.373
       8.825      -9.954
      0.2177       13.35
      -9.217      -9.738
       13.43      0.9582
      -10.59       8.396
       2.145       -13.4
       7.496       11.37
      -13.26      -3.333
       12.07      -6.522
      -4.513       13.01
      -5.482      -12.69
       12.66       5.676
      -13.22       4.384
        6.81      -12.21
       3.235       13.65
      -11.65      -7.909
       13.98      -2.043
       -8.96       10.99
     -0.8186       -14.2
       10.23       9.956
      -14.32     -0.4294
       10.89      -9.389
      -1.691       14.33
      -8.459      -11.75
       14.22       2.957
      -12.52       7.449
       4.217         -14
       6.368       13.21
      -13.67      -5.461
       13.81      -5.222
      -6.678       13.22
       -4.02      -14.31
       12.67       7.859
       -14.7       2.771
       8.993      -12.01
       1.485       14.98
      -11.25      -10.07
       15.14      -0.171
      -11.08       10.39
       1.161      -15.19
       9.436       12.02
      -15.12        -2.5
       12.88      -8.399
      -3.835       14.94
      -7.284      -13.65
       14.63       5.157
      -14.31       6.099
       6.455      -14.21
       4.851       14.88
      -13.67      -7.717
       15.33      -3.552
      -8.933       13.01
       -2.21      -15.67
       12.25       10.09
       -15.9      0.8363
       11.19      -11.39
     -0.5598          16
      -10.42      -12.21
       15.98       1.967
      -13.14       9.366
       3.374      -15.83
       8.225       13.99
      -15.56      -4.771
       14.73      -7.007
      -6.146       15.16
      -5.723      -15.37
       14.64       7.487
      -15.89        4.38
       8.784         -14
       2.989        16.3
      -13.25      -10.03
       16.58      -1.561
       -11.2       12.38
     -0.1053      -16.74
       11.42        12.3
      -16.77      -1.366
       13.32      -10.35
      -2.841       16.67
      -9.189      -14.25
       16.44        4.31
      -15.07       7.946
       5.758      -16.08
        6.63       15.78
      -15.59      -7.176
       16.38       -5.25
      -8.552       14.97
      -3.816      -16.86
       14.23       9.875
      -17.21       2.339
       11.13      -13.38
      0.8293       17.43
      -12.41      -12.32
       17.51      0.7017
      -13.42       11.34
        2.24      -17.46
       10.17       14.42
      -17.28      -3.776
       15.33      -8.909
      -5.296       16.96
      -7.568      -16.12
       16.51       6.789
      -16.79       6.157
       8.242      -15.92
       4.686       17.34
       -15.2      -9.644
       17.76      -3.166
      -10.98       14.37
      -1.608      -18.05
       13.41       12.25
       -18.2     0.02221
       13.43      -12.34
      -1.576       18.21
      -11.16      -14.52
       18.08       3.175
      -15.51       9.892
       4.764      -17.81
       8.533       16.38
      -17.39      -6.328
       17.14      -7.098
      -7.857       16.84
      -5.595      -17.76
       16.16       9.337
      -18.26       4.037
       10.76      -15.34
       2.434       18.62
       -14.4      -12.11
       18.83     -0.8006
      -13.37       13.34
      0.8523      -18.91
       12.17       14.55
      -18.83      -2.512
       15.61      -10.89
