      -1.029      0.5966
       1.643      0.3612
      -1.185      -1.686
     -0.3057        2.36
       2.034      -1.715
      -2.912     -0.1202
       2.232        2.22
     -0.1557      -3.362
      -2.287       2.741
       3.729      -0.502
      -3.239      -2.254
       0.905       4.021
       2.133      -3.722
      -4.241       1.354
       4.183       1.932
      -1.838       -4.39
       -1.66       4.616
       4.468      -2.349
      -5.015      -1.321
       2.878       4.475
      0.9228      -5.374
      -4.412       3.418
       5.687      0.4704
      -3.959      -4.278
     0.02987       5.949
       4.076      -4.494
      -6.156      0.5715
       5.016       3.805
      -1.148      -6.304
       -3.47       5.516
       6.389      -1.752
      -5.989      -3.072
       2.377       6.408
       2.615      -6.426
       -6.36       3.016
       6.822       2.102
      -3.661      -6.243
      -1.539       7.171
       6.057      -4.304
      -7.468     -0.9291
       4.939       5.801
      0.2794      -7.706
      -5.475       5.558
       7.882     -0.4048
      -6.154      -5.083
       1.117       7.992
       4.624       -6.72
      -8.033        1.85
       7.248       4.104
      -2.598      -8.002
      -3.524       7.732
       7.898      -3.353
      -8.166       -2.89
       4.107       7.719
       2.205      -8.544
      -7.464       4.854
       8.861       1.476
      -5.585      -7.136
     -0.7075       9.112
       6.733      -6.293
      -9.292     0.09332
       6.971       6.259
     -0.9202      -9.399
      -5.715       7.612
       9.429      -1.766
      -8.208      -5.106
       2.623       9.379
       4.434      -8.752
      -9.249       3.484
        9.24       3.705
      -4.341      -9.037
      -2.924       9.663
       8.744      -5.186
      -10.02      -2.097
       6.011       8.369
       1.229       -10.3
      -7.915       6.809
        10.5      0.3279
      -7.571      -7.383
      0.5991       10.63
       6.777      -8.291
      -10.66       1.545
        8.96         6.1
      -2.501      -10.61
      -5.357       9.573
       10.48       -3.46
      -10.12      -4.552
       4.413       10.25
       3.692       -10.6
      -9.938       5.353
          11       2.781
       -6.27      -9.536
      -1.828       11.33
       9.048      -7.156
      -11.57     -0.8398
       8.003       8.477
     -0.1763      -11.72
      -7.825       8.804
       11.78      -1.213
      -9.551      -7.096
        2.26       11.74
       6.296      -10.24
      -11.61        3.31
       10.85        5.43
      -4.355      -11.39
      -4.503       11.39
       11.07      -5.384
      -11.85      -3.522
        6.39       10.65
       2.495      -12.23
      -10.14       7.364
       12.51       1.429
      -8.296      -9.547
      -0.333        12.7
       8.863      -9.179
      -12.79      0.7853
       10.01       8.095
      -1.917      -12.78
      -7.251       10.77
       12.67      -3.053
      -11.45      -6.334
       4.183       12.46
       5.353      -12.06
      -12.14         5.3
       12.58       4.312
      -6.392      -11.73
      -3.221       13.02
       11.21      -7.451
      -13.35      -2.087
       8.468        10.6
      0.9183      -13.59
      -9.893       9.434
       13.72     -0.2756
      -10.34      -9.098
       1.485       13.74
        8.22      -11.18
      -13.66       2.701
       11.94       7.264
      -3.913      -13.47
      -6.236       12.62
       13.17      -5.113
      -13.21      -5.145
       6.289       12.76
       3.998      -13.71
      -12.25       7.432
        14.1       2.804
      -8.532      -11.63
      -1.571       14.39
       10.91      -9.582
      -14.57     -0.3086
       10.57        10.1
     -0.9727      -14.64
        -9.2       11.49
       14.59      -2.263
      -12.33      -8.214
       3.554       14.43
        7.15      -13.08
      -14.15       4.832
       13.74       6.017
      -6.089      -13.76
      -4.822       14.31
       13.26      -7.315
      -14.76      -3.575
       8.498       12.65
       2.284      -15.11
      -11.93        9.63
       15.35      0.9596
       -10.7      -11.11
       0.388       15.46
       10.19       -11.7
      -15.46       1.749
       12.62        9.18
      -3.112      -15.34
      -8.089       13.45
       15.09      -4.467
      -14.19      -6.921
       5.802       14.73
       5.686      -14.82
      -14.24       7.107
       15.35       4.393
      -8.372      -13.64
      -3.051       15.76
       12.93      -9.585
      -16.05      -1.671
       10.74       12.11
      0.2625      -16.22
      -11.18       11.82
       16.27      -1.164
      -12.82      -10.16
       2.596       16.19
       9.049      -13.73
      -15.99       4.022
       14.54       7.854
      -5.433      -15.66
      -6.587       15.25
        15.2      -6.816
      -15.85      -5.254
        8.16       14.62
       3.868      -16.33
      -13.92       9.454
       16.69       2.437
      -10.69       -13.1
     -0.9733       16.92
       12.18      -11.85
      -17.03      0.5137
       12.93       11.15
       -2.01         -17
      -10.03       13.93
       16.84      -3.505
      -14.82      -8.812
       4.988       16.55
       7.518      -15.61
      -16.12       6.446
       16.28       6.153
      -7.868      -15.57
      -4.727       16.84
       14.89      -9.242
      -17.26      -3.252
       10.56       14.09
       1.738      -17.56
      -13.17        11.8
       17.73      0.1969
      -12.97      -12.15
        1.36       17.76
       11.02      -14.04
      -17.65        2.92
       15.02       9.789
      -4.471       -17.4
      -8.476       15.89
       17.02      -6.001
      -16.64      -7.085
       7.499        16.5
       5.627      -17.27
      -15.85       8.952
       17.77       4.113
      -10.35      -15.07
      -2.554       18.14
       14.17      -11.67
      -18.37      -0.963
       12.92       13.15
     -0.6494      -18.46
      -12.02       14.08
       18.41       -2.27
      -15.14      -10.78
       3.887       18.21
       9.457      -16.09
      -17.88       5.486
       16.92       8.045
      -7.058       -17.4
      -6.561       17.63
       16.78      -8.586
      -18.21      -5.015
       10.06       16.03
       3.417      -18.65
      -15.15       11.47
       18.95        1.78
