       1.053     -0.5537
      -1.627     -0.4287
       1.115       1.733
      0.4028      -2.345
      -2.103       1.629
       2.905      0.2402
      -2.138      -2.311
      0.0169       3.365
       2.398      -2.644
      -3.746      0.3478
       3.144       2.385
     -0.7384      -4.055
      -2.284       3.631
       4.293      -1.177
        -4.1      -2.103
       1.655       4.462
       1.849      -4.544
      -4.561       2.163
       4.956       1.527
      -2.691       -4.59
      -1.144       5.331
       4.549      -3.233
      -5.663     -0.7045
       3.779       4.438
      0.2156      -5.945
      -4.258       4.322
       6.174     -0.3171
      -4.854      -4.009
      0.8868       6.346
       3.695      -5.368
      -6.456       1.487
       5.857       3.316
      -2.111      -6.501
      -2.878       6.313
       6.479      -2.751
       -6.73      -2.382
         3.4       6.389
       1.833      -7.102
      -6.229       4.051
       7.423       1.236
      -4.696      -5.999
      -0.597       7.688
         5.7      -5.328
      -7.892     0.07925
       5.939       5.332
     -0.7862      -8.031
      -4.898       6.523
       8.102      -1.517
      -7.072      -4.399
       2.266       8.102
        3.84       -7.58
      -8.029       3.024
        8.04       3.224
      -3.786      -7.881
      -2.556       8.446
       7.658      -4.542
      -8.792       -1.84
       5.286        7.36
       1.083      -9.075
      -6.987        6.01
       9.288      0.2901
      -6.707      -6.541
      0.5317       9.429
       6.024       -7.37
      -9.494       1.375
        7.99        5.44
      -2.234       -9.48
      -4.792       8.562
       9.385      -3.099
      -9.079      -4.083
       3.964       9.209
        3.32      -9.534
       -8.95       4.821
       9.923       2.508
      -5.661       -8.61
      -1.653       10.24
       8.189      -6.476
      -10.48     -0.7609
        7.26       7.689
     -0.1605      -10.64
      -7.114       8.004
       10.72      -1.104
      -8.701      -6.465
       2.061       10.71
       5.747      -9.343
      -10.61       3.025
       9.925       4.966
      -3.987      -10.43
      -4.126       10.44
       10.15      -4.938
      -10.88      -3.233
       5.871       9.787
       2.294      -11.24
      -9.335       6.777
       11.52       1.316
      -7.647      -8.799
     -0.3068       11.71
       8.181      -8.474
      -11.82      0.7258
        9.25       7.484
      -1.774      -11.83
      -6.713       9.967
       11.74      -2.828
      -10.62      -5.873
       3.881       11.56
       4.969       -11.2
      -11.28       4.923
        11.7       4.008
      -5.946      -10.91
      -2.997       12.11
       10.44      -6.939
      -12.44      -1.944
       7.896       9.881
      0.8563      -12.67
      -9.233       8.806
       12.81     -0.2574
      -9.663      -8.501
       1.388       12.85
       7.689      -10.46
      -12.79       2.528
       11.18       6.802
      -3.666      -12.62
      -5.846       11.83
       12.35      -4.795
       -12.4      -4.827
       5.903       11.98
       3.754      -12.87
      -11.51       6.983
       13.25       2.635
      -8.024      -10.94
      -1.478       13.54
       10.27      -9.018
      -13.72     -0.2906
       9.957       9.517
     -0.9167      -13.79
      -8.674       10.83
       13.76      -2.135
      -11.63       -7.75
       3.354       13.62
       6.751      -12.35
      -13.37       4.565
       12.99       5.685
      -5.757      -13.01
       -4.56       13.53
       12.55       -6.92
      -13.97      -3.383
       8.046       11.97
       2.163      -14.31
       -11.3       9.123
       14.54      0.9094
      -10.14      -10.53
       0.368       14.66
       9.666       -11.1
      -14.67       1.659
       11.98       8.715
      -2.956      -14.56
      -7.683       12.78
       14.34      -4.245
      -13.48      -6.578
       5.517          14
       5.408       -14.1
      -13.55       6.762
        14.6        4.18
      -7.969      -12.99
      -2.905          15
       12.32      -9.129
      -15.29      -1.592
       10.23       11.54
      0.2502      -15.47
      -10.66       11.27
       15.52      -1.109
      -12.23      -9.693
       2.477       15.45
       8.636      -13.11
      -15.26       3.841
       13.89         7.5
       -5.19      -14.95
      -6.293       14.57
       14.53      -6.514
      -15.15      -5.022
       7.802       13.98
       3.699      -15.62
      -13.31       9.044
       15.97       2.332
      -10.23      -12.54
     -0.9316        16.2
       11.66      -11.35
      -16.31      0.4919
       12.39       10.68
      -1.926      -16.29
      -9.607       13.35
       16.14       -3.36
      -14.21      -8.447
       4.783       15.87
        7.21      -14.97
      -15.47       6.183
       15.62       5.904
       -7.55      -14.94
      -4.538       16.16
        14.3      -8.872
      -16.58      -3.124
       10.14       13.53
       1.671      -16.87
      -12.66       11.34
       17.03      0.1893
      -12.46      -11.67
       1.307       17.07
       10.59       -13.5
      -16.97       2.808
       14.44       9.415
      -4.301      -16.74
      -8.155       15.28
       16.38      -5.775
      -16.01       -6.82
       7.219       15.88
       5.418      -16.63
      -15.26        8.62
       17.12       3.961
      -9.967      -14.52
      -2.461       17.48
       13.65      -11.25
       -17.7     -0.9281
       12.46       12.67
      -0.626       -17.8
      -11.59       13.58
       17.75      -2.189
       -14.6       -10.4
       3.749       17.57
       9.124      -15.52
      -17.25       5.294
       16.33       7.766
      -6.811      -16.79
      -6.334       17.02
        16.2       -8.29
      -17.59      -4.843
       9.716       15.48
       3.301      -18.02
      -14.64       11.08
       18.31        1.72
      -12.37      -13.67
     -0.1127       18.47
       12.59      -13.57
      -18.49       1.509
       14.68        11.4
      -3.132      -18.36
      -10.11       15.68
       18.09      -4.744
      -16.58      -8.737
       6.334       17.67
       7.283      -17.35
      -17.12       7.886
       17.99       5.762
       -9.39      -16.43
      -4.183        18.5
       15.61      -10.83
      -18.86       -2.56
