      0.9912      0.6582
      -1.662      0.2605
       1.286      -1.611
      0.1614       2.374
      -1.926      -1.835
       2.914     0.05737
      -2.363        2.08
      0.3602      -3.346
       2.116       2.875
      -3.691     -0.7282
       3.371      -2.052
      -1.148       3.958
      -1.902      -3.845
       4.151       1.609
      -4.293       1.674
       2.102       -4.27
       1.376       4.709
      -4.317      -2.617
       5.086      -1.014
      -3.146       4.292
     -0.5938       -5.42
       4.195        3.68
      -5.705      0.1231
       4.212      -4.029
     -0.3921       5.936
      -3.794      -4.734
        6.11      0.9455
      -5.238       3.493
        1.53      -6.222
       3.128       5.717
       -6.27      -2.138
       6.165      -2.702
      -2.763       6.252
      -2.219      -6.574
       6.165       3.397
      -6.938       1.683
       4.034      -6.009
       1.099       7.252
      -5.783      -4.665
        7.51     -0.4726
      -5.283       5.489
      0.1904      -7.709
       5.126       5.882
      -7.843     -0.8842
       6.452      -4.698
      -1.602       7.909
      -4.207      -6.989
       7.905       2.336
      -7.484       3.655
       3.081      -7.829
       3.047       7.932
      -7.679      -3.828
       8.327      -2.387
       -4.57       7.454
      -1.681      -8.662
       7.155         5.3
      -8.934      0.9335
       6.009      -6.782
      0.1512       9.138
      -6.337      -6.692
       9.269      0.6592
       -7.34       5.822
       1.491      -9.326
       5.241       7.946
      -9.304      -2.337
       8.503      -4.596
      -3.189       9.202
      -3.893      -9.006
        9.02        4.04
      -9.448       3.136
       4.883      -8.756
        2.33       9.823
      -8.412      -5.709
       10.13      -1.483
       -6.51       7.987
     -0.5993      -10.36
       7.486       7.278
       -10.5     -0.3124
       8.007      -6.909
      -1.245       10.57
       -6.26      -8.688
       10.55       2.191
      -9.315       5.544
       3.143      -10.44
       4.764       9.881
      -10.25      -4.092
       10.38      -3.928
       -5.03       9.964
       -3.04      -10.81
       9.593       5.948
      -11.15       2.106
       6.839      -9.136
       1.135       11.42
      -8.595      -7.694
        11.6     -0.1338
      -8.505       7.973
      0.8898      -11.68
       7.274       9.264
      -11.68      -1.927
       9.965      -6.502
      -2.971       11.58
      -5.661       -10.6
       11.39       4.012
      -11.16       4.759
       5.041       -11.1
       3.801       11.65
      -10.72      -6.049
       12.05      -2.793
      -7.027       10.24
      -1.746      -12.36
       9.677       7.968
      -12.57      0.6646
       8.862      -9.024
     -0.4412        12.7
      -8.287      -9.702
       12.72       1.563
      -10.48       7.471
       2.693      -12.64
       6.582       11.19
      -12.46       -3.82
       11.82      -5.625
      -4.935       12.18
      -4.608      -12.36
        11.8        6.03
      -12.82       3.537
       7.095      -11.32
       2.422       13.19
      -10.74       -8.12
       13.45      -1.269
      -9.098       10.06
    -0.08894      -13.62
         9.3       10.02
      -13.68      -1.111
       10.88      -8.451
       -2.32       13.63
      -7.524      -11.66
       13.47       3.528
      -12.36       6.523
       4.727      -13.21
       5.456       12.98
      -12.84      -5.905
        13.5      -4.331
      -7.054       12.36
      -3.156      -13.92
       11.77       8.164
      -14.25        1.94
       9.225      -11.09
      0.6916       14.46
      -10.31      -10.23
       14.56      0.5799
      -11.16        9.44
       1.863      -14.55
       8.483       12.03
      -14.43      -3.148
        12.8      -7.448
      -4.426       14.19
       -6.34      -13.49
       13.83       5.685
      -14.08       5.168
       6.916      -13.37
       3.942       14.57
      -12.79      -8.109
       14.95      -2.669
      -9.252       12.11
      -1.358      -15.22
       11.32       10.34
      -15.38     0.02251
       11.36      -10.43
       -1.33       15.41
      -9.458       -12.3
       15.33       2.688
      -13.15       8.395
       4.041      -15.12
       7.254       13.92
      -14.79      -5.378
       14.58      -6.044
      -6.688       14.35
      -4.773      -15.14
       13.78       7.962
      -15.59        3.45
       9.187      -13.11
       2.085       15.92
      -12.32      -10.35
       16.12     -0.6894
      -11.45       11.43
      0.7269      -16.21
       10.44       12.48
      -16.17      -2.153
       13.41      -9.361
      -3.577       16.01
      -8.195      -14.26
       15.71       4.989
         -15       6.954
       6.377       -15.3
       5.645       15.63
      -14.76      -7.729
       16.14      -4.278
      -9.035        14.1
      -2.865      -16.54
       13.32       10.28
      -16.81       1.415
       11.47      -12.43
    -0.06004       16.95
      -11.43      -12.57
       16.97       1.549
      -13.59       10.34
       3.041      -16.85
       9.159       14.51
       -16.6      -4.524
       15.33      -7.893
      -5.986       16.21
      -6.553      -16.04
        15.7       7.416
      -16.63        5.15
       8.801      -15.06
       3.693       17.09
       -14.3      -10.13
       17.43      -2.195
       -11.4       13.42
     -0.6656      -17.64
       12.43       12.58
      -17.71     -0.8827
       13.68      -11.33
      -2.438       17.64
      -10.14      -14.69
       17.44       3.989
      -15.59       8.857
       5.522       -17.1
       7.493       16.37
      -16.62      -7.026
       17.04      -6.059
      -8.489       16.01
      -4.565      -17.58
       15.27         9.9
      -17.99       3.023
       11.24      -14.41
       1.445       18.26
      -13.43      -12.51
       18.39      0.1572
       -13.7       12.33
       1.772      -18.39
       11.14       14.78
      -18.24      -3.387
       15.77      -9.841
      -4.988       17.94
      -8.459      -16.63
       17.51       6.565
      -17.38           7
       8.104      -16.94
       5.476          18
      -16.23      -9.592
       18.48      -3.897
      -11.02       15.39
      -2.275      -18.83
       14.42       12.37
      -19.03      0.6228
