     -0.9847     -0.6679
       1.665     -0.2442
      -1.301       1.598
     -0.1382      -2.376
       1.908       1.854
      -2.913    -0.08574
       2.383      -2.057
     -0.3927       3.342
      -2.087      -2.896
       3.684      0.7643
      -3.391       2.019
       1.187      -3.947
       1.864       3.864
      -4.135       -1.65
        4.31      -1.632
      -2.143       4.249
       -1.33      -4.722
       4.291       2.659
      -5.096      0.9638
       3.187      -4.261
       0.541       5.426
      -4.159      -3.721
       5.706    -0.06757
      -4.251       3.988
      0.4503      -5.932
       3.748       4.771
        -6.1      -1.005
       5.272      -3.442
       -1.59       6.207
      -3.072      -5.748
       6.249       2.199
      -6.191       2.641
       2.824      -6.224
       2.154       6.595
      -6.131      -3.457
       6.954      -1.615
      -4.092       5.969
      -1.028      -7.262
       5.737       4.722
      -7.515      0.3995
       5.337      -5.437
     -0.2659       7.706
      -5.069      -5.931
       7.834      0.9607
      -6.498       4.635
       1.679      -7.893
       4.138       7.029
      -7.882      -2.413
       7.519      -3.582
      -3.157       7.799
      -2.969      -7.961
       7.641       3.902
       -8.35       2.306
       4.643      -7.409
       1.596       8.678
      -7.103      -5.369
       8.943     -0.8465
      -6.076       6.723
    -0.06192      -9.139
       6.271       6.754
      -9.263     -0.7497
       7.396      -5.751
      -1.582       9.311
      -5.163      -7.997
        9.28       2.427
      -8.548       4.513
       3.279      -9.171
       3.805       9.044
       -8.98      -4.128
       9.478      -3.044
      -4.969       8.708
      -2.235      -9.846
       8.355       5.791
      -10.14       1.384
       6.587      -7.923
      0.4981       10.36
      -7.414      -7.351
        10.5      0.4149
      -8.074        6.83
       1.348      -10.56
       6.175       8.749
      -10.53      -2.294
       9.369      -5.452
      -3.245       10.41
      -4.668      -9.927
       10.21       4.192
      -10.42       3.826
       5.127      -9.914
       2.934       10.83
      -9.535      -6.042
       11.17      -1.997
      -6.928       9.069
      -1.023      -11.43
        8.52       7.777
       -11.6     0.02052
       8.582       -7.89
      -1.004       11.68
      -7.183      -9.335
       11.66       2.041
      -10.03       6.404
       3.084      -11.55
       5.557       10.65
      -11.35      -4.123
       11.21       -4.65
      -5.149       11.05
      -3.687      -11.68
       10.66       6.153
      -12.07       2.676
       7.127      -10.17
       1.625       12.37
      -9.599      -8.062
       12.58     -0.5417
       -8.95       8.937
      0.5652      -12.69
       8.192       9.783
       -12.7      -1.687
       10.55      -7.368
      -2.816       12.61
      -6.472      -11.25
       12.42       3.941
      -11.87        5.51
       5.054      -12.13
       4.487       12.41
      -11.74      -6.145
       12.86      -3.412
      -7.205       11.25
      -2.293      -13.21
       10.66       8.225
      -13.47       1.138
       9.196      -9.974
    -0.04407       13.62
      -9.201      -10.11
       13.67       1.245
      -10.96       8.345
       2.453      -13.61
        7.41       11.73
      -13.44       -3.66
       12.42      -6.402
      -4.856       13.16
      -5.329      -13.03
       12.78        6.03
      -13.54       4.199
       7.175      -12.29
        3.02       13.95
      -11.69      -8.279
       14.26      -1.801
      -9.333          11
     -0.5503      -14.46
       10.21       10.33
      -14.55      -0.722
       11.26      -9.331
      -2.005       14.53
      -8.366      -12.11
       14.39       3.289
      -12.88       7.322
       4.564      -14.14
       6.207       13.55
      -13.78       -5.82
       14.13       -5.03
      -7.047        13.3
      -3.799      -14.61
       12.71       8.233
      -14.98       2.523
        9.37      -12.02
        1.21       15.24
      -11.22      -10.45
       15.38      0.1277
      -11.46       10.32
        1.48       -15.4
       9.337       12.39
       -15.3      -2.837
       13.24      -8.266
      -4.188       15.08
      -7.118      -13.99
       14.74       5.522
      -14.64       5.901
       6.828      -14.28
       4.625       15.19
      -13.71      -8.096
       15.62      -3.298
      -9.315       13.02
       -1.93      -15.94
       12.22       10.47
      -16.13      0.5319
       11.57      -11.32
     -0.8851        16.2
      -10.32      -12.58
       16.15       2.311
       -13.5        9.23
       3.733      -15.97
       8.056       14.34
      -15.66      -5.142
       15.06      -6.807
      -6.526       15.23
      -5.492      -15.68
       14.68       7.873
      -16.18        4.12
       9.172      -14.01
       2.703       16.57
      -13.22      -10.41
       16.82      -1.251
      -11.59       12.32
      0.2256      -16.95
       11.31       12.68
      -16.95      -1.715
       13.69      -10.21
      -3.206       16.82
      -9.017       -14.6
       16.55       4.686
      -15.41       7.743
       6.144      -16.15
       6.396        16.1
      -15.63      -7.569
       16.68      -4.988
      -8.948       14.98
      -3.526      -17.13
        14.2       10.27
      -17.45       2.024
       11.53      -13.31
      0.4933       17.64
      -12.31       -12.7
        17.7       1.056
      -13.79        11.2
        2.61      -17.62
       9.995       14.79
       -17.4      -4.159
       15.67      -8.705
      -5.689       17.04
      -7.332      -16.45
       16.55       7.188
       -17.1       5.893
       8.645      -15.93
       4.393       17.62
      -15.18      -10.05
       18.02      -2.848
      -11.39        14.3
      -1.267      -18.27
       13.31       12.64
      -18.39     -0.3369
       13.82       -12.2
      -1.952       18.37
      -10.99      -14.89
        18.2       3.565
      -15.86       9.686
       5.163      -17.89
       8.298       16.72
      -17.44      -6.735
       17.45       -6.83
      -8.268       16.86
        -5.3      -18.05
       16.13       9.751
      -18.52       3.716
       11.17      -15.28
       2.091       18.85
       -14.3      -12.51
       19.03     -0.4369
