      -1.189    -0.04908
       1.193       1.187
    -0.09535      -2.059
      -1.525       1.827
       2.637      -0.355
      -2.393      -1.664
      0.6912       3.071
       1.673       -2.92
      -3.401       1.085
       3.416       1.578
      -1.524       -3.64
      -1.395       3.879
       3.797      -1.996
      -4.305      -1.134
       2.493       3.876
      0.8055      -4.691
      -3.878       3.004
       5.031      0.4161
      -3.522      -3.807
     0.02672       5.321
       3.663      -4.039
      -5.557      0.5159
       4.546       3.449
      -1.044      -5.735
      -3.168       5.036
       5.851      -1.605
      -5.501      -2.822
        2.19       5.903
       2.415      -5.935
      -5.889       2.792
       6.331       1.951
      -3.404      -5.806
      -1.434       6.683
       5.655      -4.019
      -6.985     -0.8691
       4.628       5.435
      0.2623      -7.233
      -5.147       5.225
       7.421     -0.3811
      -5.802      -4.792
       1.054       7.545
       4.372      -6.352
      -7.603       1.751
       6.868       3.889
      -2.465      -7.591
      -3.347       7.343
       7.508      -3.188
      -7.771       -2.75
       3.913       7.353
       2.103      -8.146
      -7.123       4.632
       8.463        1.41
      -5.339      -6.821
     -0.6769       8.717
       6.446      -6.026
      -8.903     0.08941
       6.684       6.001
     -0.8828      -9.018
      -5.487       7.308
       9.059      -1.697
      -7.891      -4.909
       2.523       9.023
       4.268      -8.424
      -8.908       3.355
       8.903       3.571
      -4.185      -8.713
      -2.821       9.322
       8.439      -5.005
      -9.674      -2.025
       5.807       8.085
       1.188      -9.955
      -7.654       6.584
       10.16      0.3174
      -7.328      -7.146
      0.5801       10.29
       6.565      -8.031
      -10.33       1.497
       8.686       5.914
      -2.426      -10.29
      -5.197       9.287
       10.17      -3.358
      -9.826       -4.42
       4.286       9.956
       3.586       -10.3
      -9.658       5.202
        10.7       2.704
      -6.097      -9.273
      -1.779       11.02
       8.804      -6.963
      -11.26     -0.8175
       7.792       8.253
     -0.1721      -11.41
      -7.622       8.577
       11.48      -1.182
      -9.309      -6.916
       2.203       11.45
        6.14      -9.981
      -11.33       3.229
       10.59       5.297
       -4.25      -11.11
      -4.395       11.12
       10.81      -5.257
      -11.58      -3.439
       6.242       10.41
       2.438      -11.95
      -9.914       7.196
       12.23       1.397
      -8.111      -9.333
     -0.3253       12.42
       8.667      -8.978
      -12.51      0.7686
       9.789        7.92
      -1.876      -12.51
      -7.097       10.54
        12.4      -2.989
      -11.21      -6.202
       4.097        12.2
       5.242      -11.81
       -11.9       5.192
       12.33       4.225
      -6.264      -11.49
      -3.157       12.76
       10.99      -7.304
      -13.09      -2.045
       8.304       10.39
      0.9002      -13.33
      -9.703       9.254
       13.46     -0.2703
      -10.15      -8.926
       1.457       13.49
       8.067      -10.97
      -13.41       2.651
       11.72        7.13
      -3.842      -13.23
      -6.124       12.39
       12.94      -5.021
      -12.98      -5.054
       6.178       12.54
       3.928      -13.47
      -12.04       7.303
       13.86       2.755
      -8.386      -11.43
      -1.544       14.14
       10.73      -9.419
      -14.32     -0.3035
       10.39       9.934
     -0.9565      -14.39
      -9.048        11.3
       14.35      -2.227
      -12.13       -8.08
       3.496        14.2
       7.035      -12.87
      -13.93       4.755
       13.53       5.921
      -5.993      -13.55
      -4.746       14.08
       13.05      -7.201
      -14.54      -3.519
       8.368       12.45
       2.249      -14.88
      -11.75       9.483
       15.11      0.9451
      -10.54      -10.94
      0.3823       15.23
       10.04      -11.53
      -15.23       1.723
       12.43       9.046
      -3.067      -15.11
      -7.972       13.26
       14.88      -4.402
      -13.98      -6.822
        5.72       14.52
       5.606      -14.61
      -14.04       7.008
       15.13       4.332
      -8.256      -13.45
      -3.009       15.54
       12.75      -9.453
      -15.83      -1.648
       10.59       11.94
      0.2584      -16.01
      -11.03       11.66
       16.05      -1.148
      -12.65      -10.03
       2.561       15.98
       8.929      -13.55
      -15.78        3.97
       14.35       7.752
      -5.363      -15.45
      -6.501       15.06
          15      -6.729
      -15.65      -5.187
       8.057       14.43
       3.819      -16.13
      -13.74       9.336
       16.48       2.407
      -10.56      -12.94
     -0.9602       16.71
       12.03      -11.71
      -16.82      0.5074
       12.78       11.02
      -1.986      -16.79
      -9.905       13.76
       16.64      -3.463
      -14.64      -8.706
       4.929       16.35
       7.428      -15.42
      -15.93        6.37
       16.09       6.081
      -7.776      -15.39
      -4.673       16.64
       14.72      -9.134
      -17.06      -3.214
       10.44       13.93
       1.719      -17.36
      -13.02       11.67
       17.53      0.1947
      -12.82      -12.01
       1.344       17.56
       10.89      -13.89
      -17.45       2.887
       14.85       9.681
      -4.422      -17.21
      -8.383       15.71
       16.83      -5.936
      -16.46      -7.008
       7.417       16.32
       5.567      -17.08
      -15.68       8.854
       17.58        4.07
      -10.24      -14.91
      -2.528       17.95
       14.02      -11.55
      -18.18     -0.9528
       12.79       13.01
     -0.6426      -18.27
      -11.89       13.93
       18.22      -2.247
      -14.98      -10.67
       3.847       18.03
        9.36      -15.92
      -17.69       5.431
       16.75       7.965
      -6.985      -17.22
      -6.496       17.45
       16.61      -8.499
      -18.03      -4.966
        9.96       15.87
       3.383      -18.47
         -15       11.36
       18.77       1.763
      -12.67         -14
     -0.1155       18.92
       12.89       -13.9
      -18.94       1.546
       15.04       11.67
