     -0.6727     -0.9814
     -0.2361       1.666
       1.592      -1.309
      -2.376     -0.1266
       1.863       1.899
    -0.09997      -2.913
      -2.046       2.393
        3.34      -0.409
      -2.906      -2.073
      0.7823        3.68
       2.002        -3.4
      -3.941       1.206
       3.873       1.845
       -1.67      -4.127
      -1.611       4.317
       4.239      -2.164
      -4.729      -1.306
        2.68       4.278
      0.9389      -5.101
      -4.245       3.208
       5.428      0.5145
      -3.741      -4.141
    -0.03971       5.706
       3.967      -4.271
       -5.93      0.4792
       4.789       3.724
      -1.035      -6.095
      -3.416       5.289
       6.199      -1.621
      -5.763      -3.044
        2.23       6.238
       2.611      -6.204
      -6.211       2.854
       6.605       2.122
      -3.487      -6.115
      -1.581       6.962
       5.949      -4.122
      -7.267     -0.9927
        4.75       5.714
      0.3628      -7.516
      -5.411       5.363
       7.705     -0.3035
      -5.956       -5.04
       0.999       7.829
       4.603       -6.52
      -7.885       1.717
        7.05       4.104
      -2.452       -7.87
      -3.545       7.537
       7.783      -3.195
      -7.976       -2.93
        3.94       7.622
       2.265      -8.361
      -7.386       4.679
       8.686       1.554
      -5.404      -7.076
     -0.8028       8.947
       6.693      -6.108
      -9.139    -0.01729
       6.784       6.238
     -0.7949      -9.259
      -5.714       7.424
       9.303      -1.627
      -8.022      -5.124
       2.473       9.268
       4.471       -8.57
      -9.154       3.324
       9.062       3.761
      -4.172       -8.96
      -2.997       9.493
       8.683      -5.011
      -9.856      -2.186
       5.831       8.327
       1.335      -10.15
      -7.891       6.626
       10.36      0.4475
      -7.387      -7.378
      0.4662        10.5
       6.791      -8.107
      -10.55         1.4
       8.779       6.132
      -2.346      -10.52
      -5.407       9.395
        10.4      -3.295
       -9.95      -4.619
       4.242       10.19
       3.775      -10.44
      -9.889       5.175
       10.85       2.881
      -6.088      -9.505
      -1.942       11.18
       9.035      -6.972
      -11.43     -0.9675
       7.819       8.482
    -0.03612       -11.6
      -7.848       8.621
       11.67      -1.061
       -9.37      -7.137
       2.098       11.65
       6.355      -10.06
      -11.54        3.14
       10.68       5.505
      -4.178      -11.33
      -4.595       11.23
       11.03      -5.203
       -11.7       -3.63
       6.205       10.63
       2.617      -12.09
      -10.14       7.177
       12.38       1.564
      -8.109       -9.56
     -0.4803       12.58
       8.893      -8.994
      -12.69      0.6271
       9.822       8.144
      -1.749      -12.69
      -7.317       10.59
        12.6      -2.878
      -11.28      -6.417
       4.002        12.4
       5.452       -11.9
      -12.11       5.113
       12.43       4.427
      -6.202      -11.71
      -3.349       12.87
       11.21       -7.26
      -13.22      -2.228
       8.277       10.62
       1.072      -13.47
      -9.928       9.245
       13.62     -0.1106
      -10.15      -9.152
       1.311       13.66
       8.291         -11
      -13.59       2.519
       11.77       7.352
      -3.725      -13.42
      -6.341       12.46
       13.14       -4.92
      -13.06      -5.265
       6.093       12.75
       4.133      -13.56
      -12.25       7.235
       13.97       2.952
      -8.336      -11.65
      -1.731       14.27
       10.95      -9.387
      -14.47     -0.4797
       10.38       10.16
     -0.7931      -14.55
      -9.276        11.3
       14.52      -2.076
      -12.15      -8.306
       3.359       14.38
       7.259      -12.91
      -14.12       4.633
       13.58       6.141
      -5.887      -13.75
      -4.961       14.16
       13.26      -7.111
      -14.63      -3.728
       8.295       12.67
       2.449      -14.99
      -11.97       9.429
       15.24       1.135
       -10.5      -11.17
      0.2028       15.37
       10.27      -11.51
      -15.39       1.555
       12.43       9.277
      -2.912      -15.28
      -8.201       13.28
       15.06      -4.262
      -14.02       -7.05
       5.594       14.71
        5.83      -14.67
      -14.25       6.898
       15.21       4.551
      -8.163      -13.67
      -3.222       15.63
       12.97      -9.378
      -15.94      -1.852
       10.53       12.17
      0.4531      -16.13
      -11.26       11.62
        16.2     -0.9643
      -12.63      -10.26
       2.389       16.14
       9.164      -13.55
      -15.95       3.811
       14.37       7.985
      -5.219      -15.64
      -6.734        15.1
        15.2        -6.6
      -15.71      -5.415
       7.944       14.64
       4.041       -16.2
      -13.96       9.241
       16.58       2.622
      -10.48      -13.17
      -1.169       16.83
       12.26      -11.65
      -16.95      0.3084
       12.74       11.25
      -1.798      -16.94
      -10.14       13.74
        16.8      -3.288
      -14.64      -8.946
       4.767       16.53
       7.666      -15.44
      -16.12       6.223
       16.13       6.319
      -7.645      -15.59
      -4.905        16.7
       14.93      -9.021
      -17.14      -3.442
       10.34       14.15
       1.939      -17.46
      -13.26       11.59
       17.64      0.4072
      -12.76      -12.25
       1.142       17.69
       11.13      -13.85
       -17.6       2.696
       14.83       9.923
      -4.244      -17.38
      -8.628       15.71
       17.01      -5.772
      -16.48      -7.251
       7.269       16.52
        5.81      -17.13
      -15.89       8.723
       17.64       4.307
      -10.12      -15.13
       -2.76       18.03
       14.24      -11.46
      -18.28      -1.178
       12.71       13.24
     -0.4267      -18.39
      -12.13       13.88
       18.36      -2.041
      -14.95      -10.92
       3.653       18.18
       9.608      -15.91
      -17.87       5.251
       16.76       8.216
       -6.82      -17.41
      -6.745       17.48
       16.82       -8.35
      -18.08      -5.211
       9.829       16.08
       3.625      -18.54
      -15.23       11.24
       18.86       1.999
      -12.58      -14.24
     -0.3439       19.03
