        1.19    -0.02339
      -1.263      -1.112
      0.2205       2.049
        1.41      -1.917
       -2.61      0.5149
       2.489       1.516
     -0.8769      -3.023
      -1.492       3.017
       3.328       -1.29
      -3.505      -1.367
       1.743       3.541
       1.156      -3.956
      -3.669       2.224
       4.366        0.87
      -2.724      -3.717
     -0.5184       4.731
       3.688      -3.235
      -5.047     -0.1091
       3.748       3.585
     -0.3506       -5.31
       -3.41       4.254
       5.515     -0.8533
      -4.747      -3.166
       1.391        5.66
       2.855      -5.219
      -5.742       1.958
       5.663       2.482
      -2.545      -5.759
      -2.049       6.071
       5.708      -3.145
      -6.438      -1.562
       3.751       5.588
       1.024      -6.758
        -5.4       4.356
       7.025      0.4423
      -4.951      -5.144
      0.1785       7.235
       4.819      -5.529
      -7.384      0.8322
       6.083        4.43
      -1.512      -7.467
      -3.977       6.606
       7.482      -2.211
      -7.092      -3.463
       2.923       7.427
       2.894      -7.533
        -7.3       3.639
       7.924       2.272
      -4.353      -7.101
      -1.603       8.259
       6.828      -5.057
      -8.533     -0.8919
       5.744       6.483
      0.1449      -8.742
      -6.068       6.407
       8.881     -0.6313
      -7.037      -5.583
        1.43       8.948
       5.032      -7.629
      -8.939       2.245
       8.175       4.419
      -3.068      -8.852
      -3.747       8.669
       8.687      -3.891
      -9.104      -3.022
       4.708       8.442
       2.248      -9.476
      -8.119       5.509
       9.779       1.432
      -6.289      -7.717
     -0.5799       10.01
       7.238      -7.038
      -10.16      0.3016
       7.749       6.686
      -1.206      -10.23
      -6.064       8.416
       10.22      -2.123
       -9.03      -5.374
       3.048       10.13
       4.622      -9.586
      -9.945       3.971
       10.08       3.813
      -4.884      -9.677
      -2.953        10.5
       9.323       -5.78
      -10.84      -2.048
        6.65       8.885
       1.105      -11.11
      -8.364       7.486
       11.29      0.1309
       -8.28      -7.763
      0.8665       11.38
       7.086      -9.025
      -11.38       1.878
       9.713       6.337
      -2.896      -11.29
      -5.521       10.34
       11.11      -3.913
      -10.89      -4.643
       4.918       10.83
        3.71      -11.37
      -10.47       5.906
       11.76       2.729
      -6.864      -10.01
      -1.706       12.07
       9.457      -7.786
      -12.29     -0.6503
       8.664       8.822
     -0.4314      -12.41
      -8.105       9.489
       12.44      -1.529
      -10.25       -7.31
       2.634       12.37
       6.442      -10.95
       -12.2       3.738
       11.57       5.508
      -4.833      -11.93
      -4.514       12.11
       11.56      -5.907
      -12.56      -3.467
       6.952       11.09
       2.374      -12.93
      -10.52        7.96
       13.19       1.245
      -8.922      -9.867
    -0.08723       13.36
       9.122      -9.828
      -13.42       1.089
       10.67       8.292
      -2.276      -13.37
      -7.384       11.44
       13.22      -3.463
      -12.14      -6.404
       4.641       12.97
       5.358      -12.74
      -12.61         5.8
       13.26       4.255
       -6.93      -12.14
      -3.101       13.68
       11.57      -8.022
         -14      -1.906
       9.067        10.9
      0.6798      -14.21
      -10.14       10.06
       14.32     -0.5692
      -10.98      -9.282
       1.831       14.31
       8.344      -11.83
      -14.19       3.097
        12.6       7.327
      -4.354      -13.96
      -6.239       13.28
       13.61      -5.595
      -13.86      -5.087
       6.807       13.16
        3.88      -14.35
      -12.59       7.983
       14.72       2.628
       -9.11      -11.92
      -1.339       14.99
       11.15      -10.18
      -15.14     -0.0231
       11.19       10.28
      -1.309      -15.18
      -9.318       12.11
        15.1      -2.648
      -12.96      -8.272
       3.982        14.9
        7.15      -13.72
      -14.58         5.3
       14.37       5.959
      -6.593      -14.14
      -4.706       14.93
       13.59       -7.85
      -15.37      -3.402
       9.059       12.93
       2.057       -15.7
      -12.15       10.21
        15.9       0.681
       -11.3      -11.28
       0.717       15.99
        10.3      -12.31
      -15.95       2.124
       13.23       9.237
       -3.53      -15.79
      -8.088       14.07
       15.51      -4.924
       -14.8      -6.863
       6.294        15.1
       5.572      -15.42
      -14.57        7.63
       15.94       4.225
       -8.92      -13.92
       -2.83       16.33
       13.15      -10.16
       -16.6      -1.399
       11.32       12.27
    -0.05929      -16.74
      -11.29       12.42
       16.76       -1.53
      -13.42      -10.22
       3.004       16.64
       9.049      -14.34
       -16.4        4.47
       15.15       7.798
      -5.915      -16.02
      -6.476       15.85
       15.52      -7.328
      -16.43       -5.09
       8.698       14.89
       3.651      -16.89
      -14.14       10.01
       17.23       2.169
      -11.26      -13.27
     -0.6591       17.43
       12.29      -12.44
      -17.51      0.8727
       13.53       11.21
      -2.411      -17.44
      -10.03       14.52
       17.24      -3.944
      -15.41      -8.759
       5.461       16.91
       7.411      -16.19
      -16.44        6.95
       16.85       5.993
      -8.397      -15.84
      -4.517       17.39
       15.11      -9.793
      -17.79      -2.992
       11.12       14.26
       1.431      -18.07
      -13.29       12.38
        18.2     -0.1556
      -13.55      -12.21
       1.754       18.19
       11.02      -14.63
      -18.05       3.352
        15.6        9.74
      -4.937      -17.76
      -8.373       16.46
       17.33      -6.498
       -17.2       -6.93
       8.021       16.77
       5.422      -17.82
      -16.07       9.495
        18.3       3.859
      -10.91      -15.24
      -2.252       18.64
       14.28      -12.25
      -18.84     -0.6167
        13.5       13.21
      -1.037       -18.9
      -12.02       14.66
       18.81      -2.696
      -15.72      -10.74
