       1.095      0.4648
      -1.586      0.5616
      0.9679      -1.819
       0.595       2.304
      -2.231       -1.45
       2.875     -0.4792
       -1.94       2.479
      -0.261      -3.355
       2.608       2.437
      -3.762    -0.03732
       2.936      -2.637
     -0.4011       4.102
      -2.576       -3.43
       4.376      0.8189
      -3.913       2.435
       1.281      -4.584
       2.218       4.376
      -4.724      -1.779
       4.813      -1.931
      -2.303       4.797
       -1.58      -5.219
         4.8       2.846
      -5.585        1.17
         3.4      -4.735
      0.7057       5.907
        -4.6      -3.956
       6.179     -0.1938
      -4.507       4.396
      0.3599      -6.397
       4.125       5.045
      -6.556      -0.949
       5.563      -3.789
      -1.567       6.653
      -3.389      -6.054
       6.684       2.206
       -6.51       2.929
       2.861      -6.648
       2.413       6.926
      -6.542      -3.523
       7.295      -1.845
      -4.185       6.367
       -1.23      -7.612
        6.12       4.839
      -7.872      0.5726
       5.479      -5.804
     -0.1204       8.069
      -5.419      -6.096
         8.2      0.8434
      -6.685       4.968
       1.589      -8.262
       4.453       7.237
      -8.252      -2.351
       7.746      -3.877
      -3.122       8.167
      -3.244      -8.206
       8.007       3.894
      -8.611        2.56
        4.66      -7.771
       1.828       8.954
      -7.459      -5.413
       9.233      -1.056
      -6.145       7.072
     -0.2484      -9.441
       6.612       6.847
      -9.575      -0.587
       7.514      -6.081
      -1.444       9.632
      -5.482      -8.137
       9.609       2.314
      -8.711       4.819
        3.19      -9.505
       4.096       9.228
      -9.318      -4.065
       9.682      -3.319
      -4.931       9.048
      -2.493      -10.07
       8.696       5.778
      -10.38       1.623
       6.601      -8.263
      0.7186       10.62
       -7.75       -7.39
       10.77      0.2151
      -8.138       7.161
        1.17      -10.84
       6.499       8.837
      -10.82      -2.138
       9.481      -5.768
      -3.112       10.72
      -4.974      -10.06
       10.52       4.083
      -10.58        4.12
       5.043      -10.24
       3.214       11.01
      -9.863      -5.983
       11.37      -2.263
      -6.894       9.401
      -1.273      -11.65
       8.853        7.77
      -11.84      0.2522
         8.6      -8.222
     -0.7914       11.93
      -7.513      -9.379
       11.93        1.85
       -10.1       6.729
       2.914      -11.84
       5.876       10.75
      -11.65      -3.975
       11.33       -4.96
      -5.025       11.36
      -3.987      -11.83
       10.98       6.054
      -12.24       2.964
       7.053       -10.5
         1.9       12.56
      -9.929      -8.014
       12.79     -0.8013
      -8.928        9.27
      0.3227      -12.92
       8.526       9.787
      -12.95      -1.463
       10.58      -7.702
      -2.611       12.88
      -6.802      -11.31
        12.7       3.759
      -11.96       5.834
       4.894      -12.43
       4.804       12.52
      -12.05      -6.009
       12.99       -3.72
      -7.094       11.56
       -2.59      -13.37
       10.98       8.139
      -13.65       1.422
       9.137      -10.31
      0.2253       13.82
      -9.538      -10.08
       13.89      0.9913
      -10.95       8.684
       2.218      -13.85
       7.748       11.75
       -13.7      -3.446
       12.47      -6.738
      -4.663       13.44
      -5.661      -13.11
       13.07       5.861
      -13.65       4.525
        7.03       -12.6
       3.337       14.08
      -12.02      -8.159
       14.42      -2.107
       -9.24       11.33
      -0.844      -14.64
       10.55       10.26
      -14.76     -0.4425
       11.22      -9.674
      -1.743       14.76
      -8.712       -12.1
       14.64       3.046
       -12.9       7.669
       4.342      -14.41
       6.553        13.6
      -14.06       -5.62
       14.21      -5.372
       -6.87        13.6
      -4.134      -14.71
       13.03       8.081
      -15.11       2.849
       9.244      -12.34
       1.526       15.39
      -11.56      -10.35
       15.56     -0.1757
      -11.39       10.67
       1.193       -15.6
       9.689       12.35
      -15.53      -2.567
       13.22      -8.621
      -3.937       15.33
      -7.474         -14
       15.01       5.292
      -14.69       6.256
       6.621      -14.57
       4.976       15.26
      -14.02      -7.914
       15.72      -3.642
      -9.158       13.34
      -2.266      -16.07
       12.56       10.35
      -16.29      0.8561
       11.47      -11.67
     -0.5746       16.39
      -10.68      -12.51
       16.36       2.016
      -13.46       9.592
       3.457      -16.21
       8.421       14.32
      -15.93      -4.885
       15.08      -7.173
      -6.291       15.52
      -5.857      -15.73
       14.98       7.661
      -16.26       4.482
       8.987      -14.33
       3.058       16.67
      -13.55      -10.26
       16.96      -1.595
      -11.46       12.66
     -0.1066      -17.12
       11.67       12.58
      -17.14      -1.397
       13.62      -10.58
      -2.904       17.04
      -9.389      -14.56
        16.8       4.404
       -15.4       8.118
       5.883      -16.42
       6.772       16.12
      -15.92      -7.331
       16.73      -5.361
      -8.735       15.29
      -3.896      -17.21
       14.53       10.08
      -17.57       2.387
       11.37      -13.66
      0.8454       17.79
      -12.67      -12.57
       17.87      0.7161
      -13.69       11.57
       2.286      -17.82
       10.37       14.72
      -17.63      -3.852
       15.63      -9.087
      -5.402        17.3
      -7.718      -16.44
       16.83       6.924
      -17.13       6.278
       8.405      -16.23
       4.777       17.68
       -15.5      -9.833
       18.11      -3.226
       -11.2       14.64
      -1.637       -18.4
       13.66       12.49
      -18.55     0.02263
       13.69      -12.57
      -1.606       18.55
      -11.37       -14.8
       18.42       3.235
       -15.8       10.08
       4.853      -18.14
        8.69       16.69
      -17.71      -6.446
       17.45      -7.227
      -8.002       17.15
      -5.696      -18.09
       16.45       9.508
      -18.59       4.109
