      0.6747     -0.9801
       -1.64      0.3775
       1.793       1.016
     -0.7346      -2.263
      -1.104       2.421
       2.683      -1.139
      -2.968      -1.051
       1.581       2.971
      0.8925      -3.456
      -3.154       2.051
       3.893      0.6488
       -2.54      -3.246
     -0.3326       4.277
       3.253       -3.04
      -4.608     0.04578
       3.541        3.18
     -0.4774      -4.882
      -3.031       4.036
       5.098     -0.9541
      -4.518      -2.811
       1.468       5.251
       2.523      -4.978
       -5.34       2.011
        5.41        2.17
      -2.575      -5.363
      -1.758       5.807
       5.318      -3.153
      -6.162       -1.29
       3.737       5.205
      0.7729      -6.471
      -5.023        4.32
       6.727      0.2108
      -4.893      -4.773
      0.3899       6.927
       4.456      -5.449
      -7.065       1.023
       5.982       4.074
      -1.681      -7.139
      -3.629       6.484
       7.146      -2.359
      -6.948      -3.126
       3.048       7.083
       2.567      -7.368
      -6.949       3.742
       7.738       1.957
      -4.432      -6.744
      -1.301       8.053
       6.466      -5.113
      -8.307     -0.6041
       5.775       6.118
     -0.1271      -8.496
        -5.7       6.413
       8.617     -0.8863
      -7.018      -5.215
       1.667       8.665
       4.666      -7.583
      -8.639       2.462
       8.103       4.056
      -3.263      -8.537
      -3.388       8.571
       8.357      -4.064
       -8.98      -2.669
       4.857       8.099
       1.904      -9.326
      -7.764       5.634
       9.604       1.098
      -6.388      -7.352
     -0.2581       9.808
       6.866       -7.11
      -9.936      0.6091
       7.793       6.307
      -1.496      -9.984
       -5.68       8.431
       9.951      -2.396
      -9.016      -4.988
       3.301       9.833
       4.236      -9.543
      -9.631       4.203
          10       3.429
      -5.093      -9.345
      -2.573       10.39
       8.974      -5.963
      -10.71      -1.675
       6.806        8.52
      0.7407      -10.94
      -7.986       7.614
        11.1     -0.2215
      -8.379      -7.374
       1.204       11.16
       6.688      -9.093
      -11.13         2.2
        9.75       5.932
        -3.2      -11.02
      -5.111       10.34
       10.81      -4.196
      -10.86      -4.231
       5.178       10.51
       3.299      -11.31
      -10.12        6.14
       11.67       2.322
      -7.072      -9.642
      -1.305       11.95
       9.076      -7.965
      -12.13     -0.2585
       8.813       8.425
     -0.8108      -12.22
      -7.695       9.606
       12.22      -1.895
      -10.34      -6.888
       2.983       12.12
       6.013         -11
      -11.92       4.067
       11.59       5.073
      -5.139      -11.62
      -4.076       12.09
       11.22      -6.189
      -12.51       -3.03
       7.207       10.73
       1.941      -12.83
      -10.14       8.186
       13.06      0.8184
      -9.116      -9.466
      0.3294       13.19
       8.703      -9.991
      -13.22       1.494
        10.8       7.858
      -2.665      -13.14
      -6.939       11.54
       12.96      -3.834
      -12.19      -5.949
        4.99       12.67
       4.898      -12.76
      -12.28       6.125
       13.24       3.792
      -7.229      -11.78
      -2.639       13.62
       11.19      -8.292
       -13.9      -1.449
       9.306        10.5
      0.2286      -14.08
      -9.711       10.26
       14.14       -1.01
      -11.15      -8.839
       2.258        14.1
       7.885      -11.96
      -13.94       3.506
       12.69       6.856
      -4.744      -13.68
      -5.759       13.33
        13.3      -5.961
      -13.88      -4.602
       7.148       12.81
       3.393      -14.32
      -12.22       8.295
       14.66       2.142
      -9.392      -11.52
     -0.8568       14.88
       10.72      -10.43
         -15      0.4505
        11.4       9.828
      -1.771      -14.99
      -8.849       12.29
       14.87      -3.094
       -13.1      -7.788
       4.409       14.63
       6.654      -13.81
      -14.28       5.706
       14.43       5.454
      -6.974      -13.81
      -4.196       14.94
       13.22      -8.202
      -15.33       -2.89
       9.382       12.53
       1.548      -15.62
      -11.72        10.5
       15.78      0.1773
      -11.55      -10.82
        1.21       15.83
       9.827      -12.52
      -15.75       2.604
       13.41       8.743
      -3.993      -15.55
      -7.579        14.2
       15.22      -5.366
      -14.89      -6.342
       6.712       14.77
       5.044      -15.47
      -14.21       8.022
       15.94        3.69
      -9.282      -13.52
      -2.295       16.28
       12.72      -10.48
      -16.51     -0.8674
       11.62       11.82
     -0.5821       -16.6
      -10.81       12.67
       16.57      -2.042
      -13.64      -9.715
       3.501       16.42
       8.528      -14.51
      -16.13       4.947
       15.27       7.264
       -6.37      -15.71
      -5.929       15.93
       15.17      -7.758
      -16.46      -4.536
       9.098        14.5
       3.094      -16.88
      -13.72       10.38
       17.17       1.614
       -11.6      -12.82
     -0.1079       17.32
       11.81      -12.73
      -17.35       1.414
       13.78        10.7
       -2.94      -17.24
      -9.498       14.73
       16.99      -4.456
      -15.58      -8.212
       5.952       16.61
        6.85      -16.31
       -16.1       7.415
       16.92       5.422
      -8.834      -15.46
       -3.94       17.41
        14.7       -10.2
      -17.76      -2.413
       11.49       13.81
      0.8548      -17.99
      -12.81       12.71
       18.07      -0.724
      -13.84       -11.7
       2.312       18.01
       10.49      -14.88
      -17.82       3.895
        15.8       9.184
      -5.461      -17.48
        -7.8       16.62
       17.01      -6.998
      -17.31      -6.344
       8.493        16.4
       4.827      -17.87
      -15.66       9.936
        18.3        3.26
      -11.31      -14.79
      -1.654       18.59
        13.8      -12.61
      -18.74    -0.02172
       13.83        12.7
      -1.623      -18.74
      -11.49       14.95
        18.6      -3.268
      -15.96      -10.18
       4.902       18.32
       8.777      -16.85
      -17.89        6.51
