     -0.3806       1.127
       1.474      -0.812
      -2.003      -0.486
       1.326       1.976
      0.3989       -2.63
      -2.269        1.83
       3.142      0.1981
      -2.334      -2.425
      0.0877       3.568
       2.473      -2.836
      -3.921      0.4415
       3.332       2.427
     -0.8509      -4.205
      -2.296       3.814
       4.419      -1.305
      -4.276      -2.089
       1.796       4.565
       1.811      -4.712
      -4.642       2.313
       5.115       1.467
      -2.849      -4.649
      -1.064       5.478
       4.586      -3.396
      -5.797     -0.6065
       3.945       4.453
      0.1013      -6.066
      -4.252       4.489
        6.28     -0.4458
      -5.019      -3.983
       1.028       6.435
       3.648       -5.53
      -6.528       1.639
       6.012       3.251
      -2.271      -6.556
      -2.794       6.461
       6.516      -2.918
      -6.869      -2.281
       3.572       6.406
       1.716       -7.23
      -6.227       4.225
       7.538       1.105
      -4.871      -5.978
     -0.4517       7.789
       5.659      -5.501
      -7.978      0.2363
       6.109       5.273
     -0.9534      -8.101
       -4.82       6.688
       8.155      -1.693
      -7.229      -4.304
       2.448       8.137
       3.727      -7.728
      -8.045       3.211
       8.177       3.095
      -3.975      -7.878
      -2.412       8.571
       7.635      -4.733
      -8.904      -1.683
       5.476       7.317
      0.9127      -9.171
      -6.925       6.197
       9.368      0.1092
      -6.889       -6.46
      0.7216       9.491
       5.925      -7.544
      -9.537       1.573
       8.156       5.323
      -2.436      -9.504
      -4.657       8.717
        9.39      -3.306
      -9.222      -3.933
       4.173       9.193
       3.155      -9.664
      -8.915       5.029
       10.04       2.329
      -5.867      -8.554
      -1.462       10.34
       8.113      -6.678
      -10.56     -0.5594
       7.456       7.594
     -0.3706       -10.7
      -6.999       8.192
       10.76      -1.321
      -8.879      -6.332
       2.283       10.73
       5.597      -9.509
      -10.61       3.251
       10.08       4.799
      -4.214       -10.4
      -3.943       10.58
       10.11      -5.164
         -11      -3.036
       6.094       9.722
       2.085      -11.35
       -9.25       6.995
       11.61       1.096
      -7.858      -8.693
    -0.07836       11.78
       8.055      -8.676
      -11.86      0.9613
       9.441       7.338
      -2.015      -11.85
      -6.549       10.15
       11.74      -3.073
      -10.78      -5.691
       4.126       11.53
       4.772      -11.35
      -11.23       5.167
       11.83       3.796
      -6.186      -10.84
      -2.772       12.23
       10.35      -7.174
      -12.53      -1.708
       8.123       9.768
      0.6112      -12.74
      -9.099       9.024
       12.86     -0.5105
      -9.869      -8.346
       1.647       12.87
       7.514      -10.65
      -12.79       2.789
       11.36       6.609
      -3.929       -12.6
      -5.635       11.99
        12.3      -5.055
      -12.54      -4.602
       6.161       11.91
       3.516      -12.99
      -11.41       7.234
       13.35       2.385
      -8.268      -10.82
      -1.218       13.62
       10.13      -9.252
      -13.77    -0.02185
       10.18       9.355
      -1.191      -13.82
      -8.492       11.04
       13.77      -2.413
      -11.82      -7.549
       3.633        13.6
       6.532      -12.53
      -13.33       4.843
       13.14        5.45
      -6.031      -12.94
       -4.31       13.66
       12.45      -7.189
      -14.08       -3.12
       8.306       11.85
       1.888       -14.4
      -11.16       9.373
       14.61      0.6263
      -10.38      -10.36
      0.6574        14.7
       9.478      -11.32
      -14.68       1.953
       12.19       8.506
       -3.25      -14.55
      -7.456       12.97
        14.3      -4.538
      -13.65      -6.333
       5.807       13.94
       5.147      -14.24
      -13.46       7.047
       14.73       3.906
      -8.246      -12.87
      -2.619        15.1
       12.17      -9.396
      -15.37      -1.296
       10.49       11.37
    -0.05305      -15.51
      -10.47       11.51
       15.54      -1.417
      -12.45      -9.479
       2.787       15.45
       8.403      -13.31
      -15.23        4.15
       14.07       7.248
      -5.496      -14.89
      -6.024       14.74
       14.44      -6.815
      -15.29      -4.738
       8.096       13.86
       3.401      -15.73
      -13.17       9.327
       16.06       2.024
       -10.5      -12.37
     -0.6156       16.26
       11.47       -11.6
      -16.34      0.8125
       12.63       10.46
      -2.249      -16.29
      -9.369       13.57
       16.11      -3.684
      -14.41      -8.189
       5.105       15.81
       6.934      -15.15
      -15.38       6.501
       15.77       5.611
       -7.86      -14.83
      -4.231       16.29
       14.16      -9.173
      -16.68      -2.805
       10.43       13.37
       1.343      -16.94
      -12.46       11.61
       17.08     -0.1439
      -12.72      -11.46
       1.644       17.08
       10.35      -13.74
      -16.95       3.146
       14.66       9.153
      -4.638      -16.69
      -7.873       15.48
        16.3      -6.108
      -16.18      -6.521
       7.546       15.77
       5.103      -16.77
      -15.12       8.937
       17.23       3.635
      -10.27      -14.35
      -2.124       17.56
       13.46      -11.54
      -17.76     -0.5834
       12.73       12.45
     -0.9757      -17.82
      -11.34       13.83
       17.75      -2.541
      -14.83      -10.14
       4.101       17.53
       8.838      -15.73
      -17.18       5.642
       16.52       7.461
      -7.155      -16.69
      -6.013       17.18
       16.07      -8.623
      -17.71      -4.508
       10.04       15.32
       2.954      -18.12
      -14.45       11.39
       18.38       1.365
      -12.66      -13.45
      0.2486       18.51
       12.34      -13.84
      -18.49       1.873
       14.93       11.13
      -3.497      -18.33
      -9.824       15.91
       18.03      -5.108
      -16.78      -8.428
       6.691       17.58
       6.957      -17.52
         -17       8.236
       18.13        5.42
      -9.729      -16.28
      -3.829       18.61
       15.43      -11.16
