     -0.3089      -1.149
     -0.7755       1.493
       1.936      -0.707
        -2.2     -0.9079
       1.128        2.41
      0.8721      -2.781
      -2.724       1.579
       3.287      0.7224
      -2.053       -2.92
     -0.4833       3.731
       3.017      -2.543
      -4.118       -0.17
       3.041       3.026
      -0.206      -4.447
      -2.952       3.538
       4.717      -0.635
      -4.027      -2.801
       1.108       4.925
       2.578        -4.5
      -5.069       1.618
        4.95       2.286
      -2.155      -5.148
      -1.931        5.37
       5.159      -2.712
      -5.753      -1.516
       3.282       5.103
       1.046      -6.093
      -4.977       3.856
       6.386      0.5282
      -4.426      -4.783
     0.03326       6.625
       4.522      -4.986
      -6.806      0.6317
       5.527       4.193
      -1.261      -6.925
      -3.801       6.043
        6.98      -1.914
      -6.526      -3.348
       2.584       6.967
       2.836       -6.97
      -6.884       3.264
       7.369        2.27
      -3.946      -6.731
      -1.656       7.717
       6.506      -4.623
      -8.008     -0.9964
       5.288        6.21
      0.2987      -8.238
      -5.845       5.933
       8.402     -0.4315
      -6.552      -5.411
       1.187       8.497
       4.911      -7.135
       -8.52       1.963
       7.678       4.348
       -2.75      -8.469
      -3.726       8.174
       8.341      -3.541
      -8.616      -3.049
        4.33       8.136
       2.323      -8.998
      -7.854       5.107
       9.316       1.552
      -5.867      -7.496
     -0.7428       9.564
       7.062      -6.601
      -9.739      0.0978
       7.301       6.555
     -0.9629      -9.836
      -5.977       7.961
       9.854      -1.845
      -8.573      -5.333
       2.738        9.79
       4.626       -9.13
      -9.643       3.632
       9.627       3.861
       -4.52      -9.411
      -3.044       10.06
       9.096      -5.395
      -10.42       -2.18
       6.247       8.698
       1.277       -10.7
      -8.218       7.069
        10.9      0.3404
      -7.853      -7.659
      0.6212       11.02
       7.024      -8.592
      -11.05         1.6
       9.278       6.317
      -2.589      -10.99
      -5.543       9.905
       10.84      -3.579
      -10.46      -4.707
       4.561        10.6
       3.814      -10.95
      -10.26       5.528
       11.36       2.872
      -6.471      -9.842
      -1.886       11.69
       9.332      -7.381
      -11.93      -0.866
        8.25       8.737
     -0.1821      -12.07
       -8.06        9.07
       12.13      -1.249
      -9.833      -7.306
       2.326       12.09
       6.478      -10.53
      -11.95       3.406
       11.16       5.584
      -4.478      -11.71
      -4.628       11.71
       11.37      -5.533
      -12.18      -3.618
       6.564       10.94
       2.562      -12.56
      -10.42        7.56
       12.84       1.467
      -8.514      -9.797
     -0.3413       13.03
       9.091      -9.416
      -13.12      0.8058
       10.26         8.3
      -1.966       -13.1
      -7.431       11.03
       12.98      -3.129
      -11.73      -6.489
       4.285       12.76
       5.481      -12.35
      -12.43       5.427
       12.88       4.414
      -6.543         -12
      -3.295       13.32
       11.47      -7.624
      -13.66      -2.134
       8.662       10.84
      0.9387      -13.89
      -10.11       9.647
       14.03     -0.2817
      -10.57      -9.299
       1.518       14.05
       8.399      -11.42
      -13.96        2.76
        12.2       7.419
      -3.997      -13.76
      -6.368       12.89
       13.45       -5.22
      -13.49      -5.253
        6.42       13.03
        4.08      -13.99
       -12.5       7.584
       14.39        2.86
      -8.705      -11.87
      -1.602       14.68
       11.13      -9.773
      -14.86     -0.3143
       10.78        10.3
     -0.9921      -14.92
      -9.378       11.71
       14.87      -2.307
      -12.56      -8.371
       3.621        14.7
       7.285      -13.33
      -14.42       4.923
          14       6.129
      -6.203      -14.02
      -4.911       14.57
        13.5      -7.449
      -15.03       -3.64
       8.652       12.88
       2.325      -15.38
      -12.14       9.802
       15.62      0.9762
      -10.89       -11.3
      0.3953       15.73
       10.37       -11.9
      -15.73        1.78
       12.84       9.339
      -3.166       -15.6
      -8.227       13.68
       15.35      -4.543
      -14.43      -7.038
         5.9       14.98
       5.781      -15.07
      -14.48       7.226
        15.6       4.466
       -8.51      -13.87
      -3.101       16.02
       13.14      -9.742
      -16.31      -1.697
       10.91        12.3
      0.2662      -16.48
      -11.36       12.01
       16.53      -1.182
      -13.02      -10.32
       2.636       16.45
       9.189      -13.94
      -16.24       4.085
       14.77       7.975
      -5.517       -15.9
      -6.687       15.49
       15.43       -6.92
      -16.09      -5.334
       8.283       14.84
       3.925      -16.58
      -14.13       9.596
       16.94       2.473
      -10.85       -13.3
     -0.9875       17.17
       12.36      -12.02
      -17.28      0.5201
       13.12       11.31
      -2.039      -17.24
      -10.17       14.13
       17.08      -3.554
      -15.03      -8.936
       5.058       16.78
       7.623      -15.83
      -16.35       6.536
       16.51       6.239
      -7.977      -15.79
      -4.793       17.07
        15.1      -9.368
       -17.5      -3.297
        10.7       14.28
       1.763       -17.8
      -13.35       11.96
       17.96      0.2007
      -13.14      -12.31
       1.377       17.99
       11.16      -14.23
      -17.88       2.957
       15.21       9.918
      -4.529      -17.63
      -8.586       16.09
       17.24      -6.079
      -16.85      -7.177
       7.595       16.71
         5.7      -17.49
      -16.05       9.065
          18       4.166
      -10.48      -15.26
      -2.588       18.37
       14.34      -11.82
       -18.6     -0.9761
       13.08       13.31
     -0.6562      -18.69
      -12.16       14.25
       18.63      -2.298
      -15.32      -10.91
       3.934       18.44
       9.571      -16.28
      -18.09       5.553
       17.13       8.143
      -7.141      -17.61
      -6.641       17.84
