     -0.8516      0.8309
     0.09435       -1.68
       1.305       1.595
      -2.355     -0.3406
       2.199      -1.498
     -0.6678       2.837
      -1.538      -2.747
       3.196       1.055
      -3.255       1.465
       1.487      -3.456
       1.299       3.726
      -3.629      -1.954
       4.159      -1.052
      -2.445       3.721
     -0.7353      -4.549
       3.734       2.951
      -4.893      0.3564
       3.465      -3.671
    -0.07693       5.186
      -3.536      -3.976
       5.424      0.5572
      -4.479       3.329
       1.077      -5.604
       3.055       4.964
      -5.722       -1.63
       5.425      -2.716
      -2.207       5.775
      -2.315      -5.855
       5.762       2.802
      -6.247       1.858
       3.407      -5.682
       1.347       6.594
      -5.532      -4.014
       6.893      -0.789
      -4.616       5.314
     -0.1887      -7.136
       5.028       5.206
      -7.321     -0.4479
       5.775      -4.675
      -1.114       7.442
      -4.258      -6.318
       7.497       1.805
      -6.827       3.778
       2.511      -7.482
       3.239       7.295
      -7.397      -3.226
       7.716      -2.646
      -3.944       7.239
      -2.002      -8.085
       7.008       4.656
      -8.395       1.314
       5.354      -6.704
       0.586       8.642
      -6.329      -6.033
       8.822      0.1751
      -6.683       5.883
      0.9627      -8.931
        5.37       7.299
      -8.966       -1.77
       7.873      -4.791
       -2.59       8.925
      -4.152      -8.399
       8.805       3.416
      -8.869       3.456
       4.238      -8.606
       2.709       9.279
      -8.328       -5.05
       9.623      -1.916
      -5.844       7.971
      -1.083      -9.896
       7.536       6.612
      -10.09      0.2163
       7.347      -7.026
     -0.6762       10.21
      -6.443      -8.041
       10.25       1.588
      -8.687       5.791
       2.511       -10.2
       5.074       9.279
      -10.07      -3.436
       9.809      -4.296
      -4.357       9.854
      -3.464      -10.27
        9.55       5.265
      -10.66       2.584
       6.152       -9.16
       1.661       10.97
      -8.686      -7.009
        11.2     -0.7032
      -7.829       8.131
      0.2823      -11.35
       7.497       8.604
       -11.4      -1.287
       9.327      -6.789
      -2.304       11.37
       -6.01      -9.989
       11.24       3.323
      -10.58       5.167
       4.337      -11.02
       4.265       11.11
       -10.7      -5.336
       11.55       -3.31
      -6.313       10.29
      -2.309      -11.91
       9.796       7.258
      -12.18       1.271
       8.164      -9.211
      0.2023       12.36
       -8.54      -9.021
       12.45      0.8875
      -9.822       7.789
        1.99      -12.43
       6.962       10.56
      -12.32      -3.097
       11.23      -6.065
      -4.198       12.11
      -5.105      -11.81
       11.79       5.286
      -12.32       4.087
        6.35      -11.38
       3.019       12.74
      -10.87      -7.382
       13.06       -1.91
      -8.372       10.27
     -0.7661      -13.28
       9.574       9.312
       -13.4      -0.401
       10.19      -8.792
      -1.584       13.42
      -7.928      -11.01
       13.33       2.772
      -11.75       6.989
       3.957      -13.14
        5.98       12.41
      -12.84      -5.129
       12.98      -4.908
      -6.277       12.43
      -3.782      -13.46
       11.92       7.394
      -13.83       2.609
       8.468      -11.31
         1.4       14.11
       -10.6      -9.491
       14.28     -0.1621
      -10.45       9.797
       1.094      -14.34
       8.907       11.35
      -14.28      -2.359
       12.17      -7.934
      -3.623       14.11
      -6.886       -12.9
       13.84       4.875
      -13.54        5.77
       6.106      -13.44
       4.594       14.08
      -12.94      -7.306
       14.52      -3.365
      -8.463       12.33
      -2.096      -14.86
       11.62       9.569
      -15.08       0.794
       10.61       -10.8
     -0.5303       15.18
      -9.894      -11.59
       15.17       1.867
      -12.48       8.897
       3.205      -15.04
       7.818       13.29
      -14.79      -4.535
       14.01      -6.665
      -5.844       14.42
      -5.446      -14.62
       13.93       7.125
      -15.13       4.171
       8.364      -13.33
       2.848       15.53
      -12.62      -9.551
        15.8      -1.488
      -10.68       11.81
     -0.1013      -15.96
       10.89       11.73
         -16      -1.302
       12.71      -9.874
       -2.71       15.91
      -8.773       -13.6
        15.7       4.113
      -14.39       7.591
         5.5      -15.36
       6.336       15.08
       -14.9      -6.858
       15.66       -5.02
      -8.177       14.32
      -3.651      -16.12
       13.62       9.446
      -16.46       2.239
       10.65       -12.8
      0.7949       16.68
      -11.88      -11.79
       16.77      0.6699
      -12.85       10.86
       2.144      -16.73
       9.745       13.82
      -16.56      -3.617
       14.69      -8.541
      -5.077       16.26
      -7.259      -15.46
       15.83        6.51
      -16.11       5.908
       7.908      -15.28
       4.499       16.65
       -14.6      -9.257
       17.06       -3.04
      -10.55        13.8
      -1.545      -17.34
       12.88       11.77
      -17.49      0.0224
       12.91      -11.86
      -1.513        17.5
      -10.73      -13.96
       17.38       3.052
      -14.91       9.513
        4.58      -17.13
        8.21       15.76
      -16.73      -6.087
       16.49      -6.831
      -7.561       16.21
      -5.387       -17.1
       15.56       8.988
      -17.58       3.889
       10.36      -14.77
       2.347       17.93
      -13.87      -11.66
       18.15     -0.7725
      -12.89       12.85
      0.8203      -18.22
       11.73       14.02
      -18.16       -2.42
       15.05       -10.5
      -4.015       17.95
      -9.184      -15.98
        17.6       5.593
      -16.79       7.784
        7.14      -17.12
       6.312       17.48
       -16.5      -8.644
       18.04      -4.779
      -10.09       15.74
      -3.195      -18.46
       14.86       11.48
      -18.75       1.575
       12.78      -13.85
    -0.07035       18.89
      -12.73         -14
       18.88       1.728
      -15.12        11.5
       3.386      -18.73
