      -1.129     -0.3751
      0.8191        1.47
      0.4762      -2.005
      -1.969       1.336
       2.632      0.3861
      -1.841       -2.26
     -0.1828       3.143
       2.413      -2.345
      -3.568      0.1052
       2.848       2.459
     -0.4607      -3.919
       -2.41       3.343
       4.201     -0.8715
      -3.825      -2.278
       1.327       4.413
       2.068      -4.286
      -4.556       1.818
       4.721       1.788
      -2.336      -4.631
      -1.442       5.122
       4.635      -2.872
      -5.484      -1.037
       3.418       4.569
      0.5783        -5.8
      -4.434       3.967
       6.067     0.07147
      -4.509       -4.23
      0.4765       6.278
       3.958      -5.039
       -6.43       1.059
       5.547       3.621
      -1.671       -6.52
      -3.222       6.028
       6.544      -2.303
      -6.474      -2.762
       2.949       6.501
       2.247       -6.88
      -6.389       3.603
       7.238       1.681
      -4.255      -6.206
      -1.068       7.543
       5.954        -4.9
      -7.791     -0.4137
       5.529       5.632
     -0.2752      -7.977
      -5.243       6.135
       8.096     -0.9929
      -6.711      -4.787
       1.733       8.147
       4.268       -7.25
      -8.125       2.488
       7.746        3.69
       -3.25      -8.029
      -3.055       8.192
       7.858      -4.014
      -8.583       -2.37
        4.77       7.612
       1.639      -8.912
       -7.29       5.511
       9.175      0.8679
      -6.231      -6.895
    -0.06347       9.368
       6.426       -6.92
      -9.488      0.7679
       7.573       5.888
      -1.619       -9.53
      -5.283       8.182
       9.492      -2.483
       -8.74      -4.615
       3.352       9.373
       3.888      -9.241
      -9.173       4.218
       9.679       3.108
      -5.072       -8.89
       -2.28       10.05
       8.525      -5.909
      -10.34      -1.411
       6.718        8.08
      0.5079      -10.56
      -7.557       7.493
        10.7     -0.4228
      -8.226      -6.959
       1.373       10.75
       6.288      -8.909
      -10.72       2.336
       9.537        5.55
      -3.303       -10.6
      -4.749        10.1
       10.38      -4.265
       -10.6      -3.892
       5.214       10.08
       2.982      -11.02
      -9.692       6.141
       11.36       2.029
       -7.04      -9.216
       -1.04       11.61
       8.655        -7.9
      -11.78    -0.02084
       8.715       8.012
      -1.019      -11.85
      -7.292       9.477
       11.84      -2.073
      -10.18      -6.499
        3.13       11.72
       5.639      -10.81
      -11.51       4.183
       11.37       4.716
      -5.222      -11.21
      -3.738       11.85
       10.81      -6.239
      -12.24      -2.713
       7.224       10.31
       1.647      -12.54
      -9.728        8.17
       12.75      0.5489
      -9.068      -9.055
      0.5733       12.86
       8.298      -9.909
      -12.87        1.71
       10.69       7.462
      -2.852      -12.77
      -6.553       11.39
       12.58       -3.99
      -12.02      -5.577
       5.115       12.28
       4.541      -12.56
      -11.88       6.219
       13.01       3.453
       -7.29      -11.38
       -2.32       13.37
       10.78      -8.321
      -13.62      -1.151
       9.302       10.09
    -0.04541      -13.77
      -9.305       10.22
       13.82      -1.259
      -11.08      -8.438
        2.48       13.76
       7.491      -11.86
      -13.58         3.7
       12.56        6.47
      -4.908       -13.3
      -5.385       13.17
       12.91      -6.094
      -13.68      -4.243
        7.25       12.42
       3.051       -14.1
      -11.81       8.364
       14.41       1.818
      -9.428      -11.11
      -0.555       14.61
       10.31      -10.43
       -14.7      0.7292
       11.37       9.423
      -2.025      -14.67
      -8.446       12.23
       14.53      -3.321
         -13      -7.392
       4.608       14.28
       6.266      -13.68
      -13.91       5.875
       14.27       5.078
      -7.112      -13.42
      -3.834       14.75
       12.83      -8.309
      -15.12      -2.545
       9.456       12.12
       1.221      -15.37
      -11.32       10.54
       15.51     -0.1288
      -11.56      -10.42
       1.493       15.53
       9.418       -12.5
      -15.43       2.862
       13.35       8.337
      -4.224      -15.21
      -7.179       14.11
       14.87      -5.569
      -14.76      -5.952
       6.886        14.4
       4.663      -15.31
      -13.82       8.163
       15.75       3.324
      -9.392      -13.13
      -1.945       16.07
       12.32      -10.56
      -16.26     -0.5362
       11.66       11.41
     -0.8923      -16.33
       -10.4       12.68
       16.28      -2.329
      -13.61      -9.303
       3.763        16.1
       8.119      -14.45
      -15.79       5.182
       15.18        6.86
      -6.576      -15.35
      -5.533        15.8
       14.79      -7.933
      -16.31      -4.152
       9.242       14.11
       2.724      -16.69
      -13.32       10.49
       16.95        1.26
      -11.67      -12.41
      0.2273       17.08
       11.39      -12.78
      -17.07       1.728
       13.79       10.28
      -3.229      -16.94
      -9.081        14.7
       16.67       -4.72
      -15.52      -7.797
       6.188       16.27
       6.442      -16.21
      -15.74       7.623
       16.79       5.022
      -9.011      -15.08
       -3.55       17.25
        14.3      -10.34
      -17.57      -2.038
        11.6        13.4
      0.4967      -17.76
      -12.39       12.79
       17.82      -1.063
      -13.88      -11.28
       2.628       17.73
       10.06      -14.88
      -17.51       4.186
       15.77       8.762
      -5.726      -17.15
      -7.379       16.55
       16.66      -7.235
      -17.21      -5.929
       8.703       16.03
       4.421      -17.74
      -15.27       10.11
       18.13       2.866
      -11.46      -14.39
      -1.275       18.39
       13.39      -12.72
      -18.51       0.339
        13.9       12.28
      -1.964      -18.48
      -11.06       14.98
       18.31      -3.587
      -15.96      -9.745
       5.195          18
       8.346      -16.82
      -17.55       6.778
       17.55       6.871
      -8.318      -16.96
      -5.331       18.16
       16.23      -9.809
      -18.63      -3.738
       11.23       15.37
