     -0.2952       1.153
     -0.7933      -1.484
       1.944      0.6839
      -2.189      0.9341
       1.099      -2.423
      0.9053        2.77
      -2.742      -1.546
       3.278     -0.7617
      -2.018       2.944
     -0.5277      -3.725
       3.047       2.507
      -4.116       0.219
       3.005      -3.062
      -0.153       4.449
      -2.994      -3.503
       4.724      0.5788
      -3.993       2.849
        1.05      -4.938
       2.632       4.469
      -5.088      -1.557
       4.922      -2.345
      -2.093       5.173
      -1.995      -5.346
       5.191       2.651
      -5.734       1.584
       3.221      -5.141
       1.119        6.08
      -5.023      -3.796
       6.379     -0.6042
      -4.369       4.836
    -0.04569      -6.625
       4.581       4.932
      -6.813     -0.5506
       5.477      -4.259
      -1.178        6.94
      -3.873      -5.997
       7.002       1.831
      -6.486       3.425
       2.501      -6.997
       2.919       6.936
      -6.922      -3.182
       7.342      -2.358
      -3.866       6.777
      -1.747      -7.697
       6.561       4.546
      -7.996       1.092
       5.214      -6.273
      0.3969       8.234
      -5.915      -5.863
       8.407      0.3312
      -6.487       5.489
       1.086      -8.511
       4.996       7.076
      -8.543      -1.861
       7.626      -4.439
      -2.649       8.501
      -3.823      -8.129
       8.382       3.442
      -8.579       3.151
       4.232      -8.187
       2.429        8.97
      -7.914      -5.013
       9.296      -1.663
      -5.777       7.565
     -0.8567      -9.554
        7.14       6.516
      -9.739     0.01842
       7.222      -6.641
     -0.8454       9.847
      -6.072      -7.889
       9.876       1.728
      -8.508       5.435
       2.621      -9.822
       4.735       9.074
      -9.685      -3.517
       9.581      -3.975
      -4.408       9.465
      -3.163      -10.02
        9.16       5.286
      -10.39       2.304
       6.143      -8.771
       1.404       10.68
      -8.301      -6.971
       10.89     -0.4705
      -7.761       7.752
      0.4902      -11.02
       7.126       8.508
      -11.06      -1.469
       9.202      -6.428
      -2.458       11.02
       -5.66      -9.838
       10.88       3.449
      -10.41       4.831
       4.435      -10.65
       3.944       10.91
      -10.33      -5.405
       11.33      -3.007
      -6.353       9.919
      -2.026      -11.66
        9.42       7.269
      -11.92       1.008
       8.145      -8.835
    -0.03834       12.08
      -8.168      -8.973
       12.14       1.104
      -9.745       7.423
       2.182      -12.11
       6.603       10.45
      -11.99      -3.263
       11.09      -5.716
      -4.338       11.76
      -4.768      -11.65
       11.44       5.397
      -12.13       3.764
       6.433      -11.02
       2.712       12.52
       -10.5      -7.435
       12.82      -1.619
      -8.396       9.898
     -0.4964      -13.02
       9.203       9.307
      -13.13     -0.6496
       10.16      -8.422
      -1.809       13.13
      -7.562      -10.94
       13.02       2.974
      -11.66       6.629
       4.133      -12.81
       5.628       12.29
       -12.5      -5.278
       12.83      -4.568
      -6.399       12.08
      -3.454      -13.28
       11.56       7.487
      -13.63       2.297
       8.532      -10.94
       1.104       13.88
      -10.23      -9.525
       14.03      0.1148
      -10.46       9.424
        1.35      -14.06
       8.534       11.32
      -13.99      -2.593
       12.11      -7.565
      -3.833       13.81
      -6.522      -12.81
       13.51       5.059
      -13.42       5.413
       6.263       -13.1
       4.246       13.94
      -12.59      -7.434
       14.35      -3.032
      -8.563       11.97
      -1.777      -14.66
       11.25       9.639
      -14.85      0.4916
       10.65      -10.43
      -0.814       14.93
      -9.517       -11.6
        14.9        2.13
      -12.46        8.52
       3.446      -14.75
       7.444       13.24
      -14.48      -4.751
       13.93      -6.295
      -6.035       14.09
      -5.084      -14.51
       13.59       7.287
      -14.99       3.818
       8.498      -12.98
       2.508       15.36
      -12.26      -9.657
       15.61      -1.163
      -10.75       11.43
      0.2076      -15.74
       10.51       11.78
      -15.75      -1.592
       12.72      -9.492
      -2.979       15.64
       -8.39      -13.58
        15.4       4.359
      -14.34       7.209
        5.72      -15.04
        5.96          15
      -14.57      -7.052
       15.55      -4.651
      -8.343       13.97
      -3.292      -15.98
       13.26       9.583
      -16.29       1.892
       10.76      -12.43
      0.4629       16.48
       -11.5      -11.87
       16.54      0.9848
       -12.9       10.47
        2.44      -16.48
       9.355       13.83
      -16.28      -3.891
       14.67       -8.15
      -5.326       15.96
      -6.871      -15.41
       15.51       6.735
      -16.03       5.525
       8.105      -14.94
       4.123       16.53
      -14.24      -9.427
       16.91      -2.675
      -10.69       13.43
      -1.192      -17.16
        12.5       11.88
      -17.28     -0.3144
       12.98      -11.47
      -1.833       17.27
      -10.34         -14
       17.12       3.351
      -14.92       9.115
       4.859      -16.84
       7.811       15.74
      -16.43       -6.34
       16.43      -6.435
      -7.789       15.88
      -4.996      -17.01
       15.21       9.187
      -17.46       3.506
       10.53      -14.41
       1.974       17.78
       -13.5       -11.8
       17.96     -0.4145
      -12.99       12.46
       1.162      -18.01
       11.33       14.09
      -17.91      -2.744
        15.1       -10.1
      -4.318       17.68
      -8.777      -15.99
       17.31       5.875
      -16.77       7.377
       7.394       -16.8
       5.907       17.42
      -16.16      -8.874
       17.94       -4.38
      -10.29       15.38
      -2.806      -18.33
       14.48       11.65
      -18.59       1.197
       12.92      -13.47
     -0.4338       18.69
      -12.33      -14.11
       18.66       2.075
      -15.19        11.1
       3.715      -18.48
       9.764       16.17
      -18.16      -5.336
       17.03      -8.346
      -6.932       17.69
      -6.853      -17.76
