      -1.036      0.5843
       1.639      0.3808
      -1.165        -1.7
     -0.3339       2.356
       2.055       -1.69
       -2.91     -0.1551
       2.205       2.247
     -0.1154      -3.363
      -2.319       2.713
       3.735     -0.4575
      -3.212      -2.292
       0.857       4.032
       2.177      -3.697
      -4.257       1.303
        4.16       1.982
      -1.785      -4.412
      -1.715       4.596
       4.496      -2.295
      -4.999      -1.381
       2.825       4.509
      0.9871      -5.362
      -4.452       3.365
       5.681      0.5384
      -3.908      -4.325
    -0.04103       5.949
       4.129      -4.445
      -6.162       0.498
        4.97       3.865
      -1.073      -6.317
      -3.536       5.474
       6.409      -1.676
      -5.952      -3.143
         2.3       6.436
       2.691      -6.395
      -6.396       2.939
       6.797       2.183
      -3.586      -6.287
      -1.624       7.152
       6.108      -4.232
      -7.456      -1.018
        4.87       5.859
      0.3712      -7.702
      -5.541       5.493
       7.886     -0.3107
      -6.093      -5.156
       1.021       8.005
       4.704      -6.664
      -8.055       1.754
       7.198        4.19
      -2.502      -8.033
      -3.616       7.689
       7.937      -3.258
      -8.131      -2.987
       4.015       7.767
       2.307      -8.517
      -7.522       4.765
       8.843       1.582
        -5.5      -7.202
     -0.8162       9.103
       6.808      -6.213
      -9.293    -0.01758
       6.896       6.342
     -0.8079      -9.409
      -5.806       7.543
       9.449      -1.653
      -8.146      -5.204
       2.511        9.41
       4.539      -8.699
       -9.29       3.373
       9.194       3.816
      -4.233      -9.088
       -3.04       9.628
       8.805      -5.081
      -9.992      -2.217
       5.911        8.44
       1.352      -10.28
      -7.996       6.714
        10.5      0.4534
      -7.483      -7.473
      0.4721       10.63
       6.876      -8.209
      -10.68       1.417
       8.887       6.207
      -2.374      -10.64
      -5.471       9.508
       10.52      -3.335
      -10.07      -4.673
       4.291        10.3
       3.818      -10.56
         -10       5.234
       10.97       2.912
      -6.155       -9.61
      -1.963       11.31
       9.133      -7.047
      -11.56     -0.9779
       7.902       8.572
    -0.03649      -11.72
      -7.929        8.71
       11.79      -1.072
      -9.465       -7.21
       2.119       11.77
       6.418      -10.16
      -11.65       3.172
       10.79       5.559
      -4.219      -11.44
      -4.639       11.34
       11.13      -5.252
      -11.81      -3.663
       6.263       10.73
       2.641       -12.2
      -10.23       7.242
       12.49       1.579
      -8.182      -9.645
     -0.4846       12.69
       8.971      -9.073
       -12.8      0.6326
       9.907       8.214
      -1.765       -12.8
      -7.379       10.68
       12.71      -2.902
      -11.38      -6.471
       4.035       12.51
       5.497         -12
      -12.21       5.155
       12.53       4.462
      -6.252       -11.8
      -3.376       12.98
        11.3      -7.317
      -13.33      -2.246
       8.341        10.7
        1.08      -13.58
         -10       9.316
       13.72     -0.1123
      -10.23      -9.221
       1.321       13.76
       8.353      -11.08
      -13.69       2.538
       11.85       7.406
      -3.752      -13.52
      -6.386       12.55
       13.23      -4.955
      -13.15      -5.302
       6.136       12.84
       4.162      -13.66
      -12.34       7.285
       14.07       2.972
      -8.393      -11.73
      -1.743       14.37
       11.03       -9.45
      -14.56      -0.482
       10.45       10.23
     -0.7984      -14.65
      -9.337       11.38
       14.62       -2.09
      -12.23      -8.361
       3.381       14.47
       7.305         -13
      -14.21       4.663
       13.67        6.18
      -5.925      -13.84
      -4.992       14.25
       13.35      -7.156
      -14.72      -3.751
       8.346       12.75
       2.463      -15.08
      -12.04       9.486
       15.33       1.142
      -10.57      -11.23
       0.204       15.47
       10.33      -11.58
      -15.48       1.565
       12.51        9.33
      -2.929      -15.37
      -8.249       13.35
       15.15      -4.286
       -14.1       -7.09
       5.626        14.8
       5.863      -14.75
      -14.33       6.937
       15.29       4.576
      -8.208      -13.74
      -3.239       15.72
       13.04       -9.43
      -16.03      -1.862
       10.59       12.24
      0.4556      -16.22
      -11.32       11.68
       16.29     -0.9694
       -12.7      -10.31
       2.402       16.22
       9.213      -13.62
      -16.04       3.831
       14.45       8.027
      -5.246      -15.72
      -6.769       15.17
       15.28      -6.634
      -15.79      -5.442
       7.985       14.72
       4.062      -16.29
      -14.03       9.287
       16.66       2.636
      -10.53      -13.23
      -1.175       16.91
       12.32      -11.71
      -17.03      0.3099
        12.8       11.31
      -1.807      -17.02
      -10.19       13.81
       16.88      -3.304
      -14.71      -8.989
        4.79       16.61
       7.703      -15.52
       -16.2       6.253
       16.21       6.348
      -7.681      -15.66
      -4.928       16.78
          15      -9.063
      -17.22      -3.458
       10.39       14.22
       1.948      -17.54
      -13.32       11.64
       17.72       0.409
      -12.82       -12.3
       1.147       17.77
       11.18      -13.91
      -17.68       2.708
        14.9       9.967
      -4.263      -17.45
      -8.666       15.78
       17.09      -5.797
      -16.55      -7.283
       7.301       16.59
       5.833       -17.2
      -15.95       8.762
       17.72       4.325
      -10.16      -15.19
      -2.771       18.11
        14.3       -11.5
      -18.36      -1.183
       12.76        13.3
     -0.4285      -18.47
      -12.18       13.94
       18.43       -2.05
      -15.01      -10.96
       3.668       18.26
       9.647      -15.97
      -17.94       5.272
       16.82       8.247
       -6.85      -17.48
      -6.772       17.55
       16.88      -8.384
      -18.15      -5.232
       9.869       16.15
        3.64      -18.61
      -15.29       11.29
       18.93       2.007
