      0.2749       1.158
      -1.393     -0.9445
       2.039     -0.2991
      -1.503       1.845
     -0.1545      -2.656
        2.09       2.031
      -3.147    -0.09261
       2.547      -2.199
     -0.4168       3.545
        -2.2      -3.052
       3.864      0.8016
      -3.541       2.109
       1.235      -4.108
       1.935        4.01
       -4.28      -1.708
       4.451      -1.685
      -2.209        4.38
      -1.368      -4.859
       4.409       2.732
      -5.228      0.9888
       3.266      -4.366
      0.5537       5.553
      -4.253      -3.804
       5.829    -0.06902
      -4.339        4.07
      0.4592       -6.05
       3.819       4.862
      -6.212      -1.024
       5.365      -3.502
      -1.618       6.313
      -3.122      -5.843
       6.349       2.234
      -6.287       2.682
       2.866      -6.318
       2.186       6.691
      -6.218      -3.507
        7.05      -1.637
      -4.147       6.049
      -1.042      -7.357
       5.811       4.782
      -7.608      0.4044
       5.402      -5.503
     -0.2691       7.798
      -5.127          -6
       7.922      0.9716
       -6.57       4.686
       1.697      -7.979
       4.182       7.104
      -7.964      -2.438
       7.596      -3.618
      -3.188       7.876
      -2.998      -8.039
       7.714        3.94
      -8.428       2.328
       4.686      -7.477
       1.611       8.757
      -7.166      -5.417
       9.021     -0.8539
      -6.128       6.781
    -0.06244      -9.216
       6.324        6.81
      -9.338     -0.7558
       7.456      -5.797
      -1.594       9.384
      -5.203      -8.059
       9.352       2.446
      -8.612       4.547
       3.303      -9.239
       3.833        9.11
      -9.045      -4.159
       9.546      -3.065
      -5.003       8.769
       -2.25      -9.914
       8.412        5.83
      -10.21       1.393
       6.631      -7.976
      0.5014       10.43
      -7.462      -7.399
       10.57      0.4176
      -8.125       6.873
       1.357      -10.62
       6.213       8.803
      -10.59      -2.308
       9.425      -5.485
      -3.264       10.47
      -4.695      -9.985
       10.27       4.216
      -10.48       3.848
       5.156      -9.971
        2.95        10.9
      -9.588      -6.075
       11.23      -2.008
      -6.965       9.118
      -1.029      -11.49
       8.565       7.819
      -11.66     0.02063
       8.627      -7.931
      -1.009       11.74
       -7.22      -9.382
       11.72       2.052
      -10.08       6.436
         3.1      -11.61
       5.585       10.71
       -11.4      -4.143
       11.26      -4.672
      -5.173        11.1
      -3.704      -11.74
       10.71       6.182
      -12.13       2.688
        7.16      -10.22
       1.632       12.43
      -9.642      -8.098
       12.64     -0.5441
       -8.99       8.976
      0.5676      -12.75
       8.227       9.825
      -12.76      -1.695
        10.6        -7.4
      -2.828       12.67
      -6.499       -11.3
       12.48       3.957
      -11.92       5.532
       5.074      -12.18
       4.505       12.46
      -11.79      -6.169
       12.91      -3.425
      -7.233       11.29
      -2.302      -13.26
        10.7       8.257
      -13.52       1.142
       9.231      -10.01
    -0.04424       13.67
      -9.236      -10.15
       13.72       1.249
         -11       8.376
       2.462      -13.66
       7.437       11.77
      -13.49      -3.673
       12.47      -6.425
      -4.873       13.21
      -5.348      -13.08
       12.82       6.052
      -13.59       4.213
         7.2      -12.33
        3.03          14
      -11.73      -8.307
       14.31      -1.807
      -9.365       11.04
     -0.5513      -14.51
       10.24       10.36
       -14.6     -0.7244
       11.29      -9.361
      -2.012       14.58
      -8.393      -12.15
       14.44         3.3
      -12.92       7.345
       4.579      -14.19
       6.227        13.6
      -13.82      -5.839
       14.18      -5.046
      -7.069       13.34
      -3.811      -14.66
       12.75       8.259
      -15.03        2.53
       9.399      -12.05
       1.213       15.28
      -11.25      -10.48
       15.42       0.128
      -11.49       10.35
       1.485      -15.44
       9.365       12.43
      -15.34      -2.846
       13.27       -8.29
        -4.2       15.12
      -7.138      -14.03
       14.78       5.538
      -14.68       5.918
       6.847      -14.32
       4.638       15.23
      -13.74      -8.118
       15.66      -3.306
      -9.341       13.05
      -1.935      -15.98
       12.25        10.5
      -16.17      0.5334
        11.6      -11.35
     -0.8875       16.25
      -10.35      -12.61
       16.19       2.317
      -13.54       9.254
       3.743      -16.01
       8.077       14.37
      -15.71      -5.156
        15.1      -6.825
      -6.542       15.27
      -5.506      -15.72
       14.72       7.893
      -16.22       4.131
       9.196      -14.04
        2.71       16.61
      -13.25      -10.44
       16.86      -1.254
      -11.62       12.35
      0.2262      -16.99
       11.34       12.71
      -16.99      -1.719
       13.72      -10.23
      -3.214       16.86
      -9.038      -14.64
       16.59       4.697
      -15.44       7.761
       6.159      -16.19
        6.41       16.14
      -15.67      -7.586
       16.71      -4.999
       -8.97       15.01
      -3.534      -17.17
       14.23        10.3
      -17.49       2.029
       11.55      -13.34
      0.4944       17.68
      -12.34      -12.73
       17.74       1.058
      -13.82       11.23
       2.616      -17.65
       10.02       14.82
      -17.44      -4.168
       15.71      -8.724
      -5.701       17.08
      -7.348      -16.48
       16.59       7.204
      -17.13       5.906
       8.666      -15.96
       4.402       17.66
      -15.21      -10.07
       18.05      -2.854
      -11.41       14.33
       -1.27      -18.31
       13.33       12.67
      -18.43     -0.3376
       13.85      -12.22
      -1.956       18.41
      -11.01      -14.92
       18.24       3.572
      -15.89       9.705
       5.174      -17.93
       8.314       16.75
      -17.48      -6.751
       17.48      -6.844
      -8.284       16.89
       -5.31      -18.09
       16.16        9.77
      -18.56       3.723
       11.19      -15.31
       2.095       18.88
      -14.33      -12.53
