       1.042      0.5741
      -1.635      0.3968
       1.148      -1.711
      0.3569       2.353
      -2.071       -1.67
       2.909     -0.1834
      -2.183       2.268
     0.08268      -3.364
       2.346        2.69
      -3.739     -0.4209
        3.19      -2.323
     -0.8175        4.04
      -2.213      -3.675
        4.27       1.261
      -4.141       2.023
       1.742      -4.429
        1.76       4.579
      -4.518      -2.251
       4.985       -1.43
       -2.78       4.537
      -1.039      -5.353
       4.485       3.321
      -5.675      0.5937
       3.865      -4.363
     0.09932       5.948
      -4.172      -4.405
       6.167      0.4378
      -4.932       3.913
       1.011      -6.327
       3.589        5.44
      -6.425      -1.613
       5.921      -3.201
      -2.237       6.458
      -2.754      -6.368
       6.424       2.877
      -6.775        2.25
       3.524      -6.322
       1.694       7.136
      -6.149      -4.172
       7.446      -1.091
      -4.812       5.906
     -0.4465      -7.698
       5.595       5.438
      -7.889     -0.2336
       6.042      -5.215
     -0.9432       8.014
      -4.769      -6.618
       8.071       1.676
      -7.157        4.26
       2.424      -8.057
       3.691       7.653
      -7.969      -3.181
       8.101      -3.067
      -3.939       7.806
       -2.39      -8.494
       7.568       4.691
      -8.827       1.668
       5.429      -7.255
      0.9051       9.094
      -6.868      -6.146
       9.292     -0.1083
      -6.834       6.409
      0.7159      -9.417
       5.879       7.486
      -9.465      -1.561
       8.095      -5.283
      -2.419       9.434
      -4.623      -8.654
       9.323       3.282
      -9.157       3.905
       4.144      -9.129
       3.134       9.597
      -8.854      -4.995
        9.97      -2.314
      -5.828       8.498
      -1.452      -10.27
       8.061       6.635
      -10.49      0.5559
       7.409      -7.546
     -0.3683       10.64
      -6.956      -8.142
       10.69       1.313
      -8.826       6.294
        2.27      -10.67
       5.564       9.454
      -10.55      -3.232
       10.02      -4.771
       -4.19       10.35
      -3.921      -10.52
       10.05       5.136
      -10.94       3.019
       6.061       -9.67
       2.074       11.29
      -9.201      -6.958
       11.55      -1.091
      -7.817       8.648
    -0.07796      -11.72
       8.014       8.632
       -11.8     -0.9565
       9.394      -7.302
      -2.004       11.79
      -6.517       -10.1
       11.68       3.058
      -10.73       5.664
       4.107      -11.48
       4.749       11.29
      -11.18      -5.143
       11.77      -3.778
      -6.158       10.79
       -2.76      -12.17
        10.3       7.142
      -12.48         1.7
       8.087      -9.725
      0.6085       12.69
       -9.06      -8.985
        12.8      0.5076
      -9.827       8.311
        1.64      -12.82
       7.483       10.61
      -12.73      -2.778
       11.31      -6.582
      -3.913       12.55
      -5.613      -11.94
       12.26       5.035
      -12.49       4.584
       6.136      -11.86
       3.502       12.94
      -11.37      -7.206
        13.3      -2.376
      -8.236       10.78
      -1.213      -13.56
        10.1       9.217
      -13.72     0.02177
       10.14       -9.32
      -1.187       13.77
      -8.461         -11
       13.72       2.404
      -11.78       7.521
        3.62      -13.55
       6.509       12.48
      -13.28      -4.826
        13.1      -5.431
       -6.01        12.9
      -4.295      -13.62
       12.41       7.164
      -14.04       3.109
       8.278      -11.81
       1.883       14.35
      -11.12      -9.342
       14.56     -0.6243
      -10.35       10.33
      0.6553      -14.65
       9.447       11.28
      -14.64      -1.947
       12.15       -8.48
       -3.24        14.5
      -7.432      -12.92
       14.26       4.524
      -13.61       6.313
       5.789      -13.89
       5.131        14.2
      -13.42      -7.025
       14.68      -3.894
      -8.221       12.83
      -2.611      -15.06
       12.13       9.368
      -15.32       1.292
       10.46      -11.34
    -0.05289       15.47
      -10.44      -11.47
       15.49       1.413
      -12.42       9.452
       2.779       -15.4
       8.379       13.27
      -15.19      -4.138
       14.03      -7.227
      -5.481       14.85
      -6.007      -14.69
        14.4       6.796
      -15.25       4.725
       8.074      -13.82
       3.392       15.69
      -13.14      -9.302
       16.01      -2.018
      -10.47       12.34
      -0.614      -16.22
       11.44       11.57
      -16.29     -0.8103
        12.6      -10.44
      -2.244       16.25
      -9.344      -13.53
       16.07       3.675
      -14.37       8.168
       5.092      -15.77
       6.916       15.11
      -15.34      -6.484
       15.73      -5.596
      -7.841       14.79
      -4.221      -16.25
       14.12        9.15
      -16.63       2.798
        10.4      -13.33
        1.34        16.9
      -12.43      -11.58
       17.04      0.1435
      -12.69       11.43
        1.64      -17.04
       10.33       13.71
      -16.91      -3.139
       14.63      -9.131
      -4.627       16.65
      -7.855      -15.44
       16.26       6.094
      -16.14       6.505
       7.527      -15.74
       5.092       16.73
      -15.09      -8.917
       17.19      -3.626
      -10.25       14.32
      -2.119      -17.52
       13.43       11.51
      -17.72      0.5821
        12.7      -12.43
     -0.9735       17.78
      -11.32       -13.8
       17.71       2.536
       -14.8       10.11
       4.092      -17.49
       8.819        15.7
      -17.14       -5.63
       16.48      -7.445
      -7.138       16.66
      -6.001      -17.14
       16.04       8.605
      -17.68       4.498
       10.02      -15.29
       2.948       18.08
      -14.42      -11.36
       18.34      -1.362
      -12.63       13.42
      0.2481      -18.47
       12.32       13.81
      -18.45       -1.87
        14.9      -11.11
       -3.49       18.29
      -9.804      -15.88
       17.99       5.097
      -16.74       8.411
       6.678      -17.55
       6.943       17.48
      -16.96      -8.219
        18.1      -5.409
      -9.709       16.24
      -3.821      -18.57
        15.4       11.14
      -18.91       2.192
