      0.7126     -0.9528
      0.1671       1.674
      -1.536      -1.374
       2.379    -0.02832
       -1.94        1.82
      0.2202      -2.906
       1.945       2.475
      -3.321     -0.5469
       2.989      -1.951
     -0.9337       3.645
       -1.86       -3.48
       3.888       1.368
      -3.946       1.684
       1.839      -4.054
       1.431        4.38
      -4.146      -2.337
       4.779       -1.11
      -2.854       4.164
     -0.7273      -5.135
       4.109       3.381
      -5.445      0.2898
       3.909      -3.983
     -0.1961       5.703
      -3.787      -4.431
       5.905      0.7238
      -4.939       3.523
       1.286      -6.047
       3.194       5.425
      -6.127      -1.875
       5.883      -2.803
      -2.485       6.141
      -2.352      -6.306
       6.087       3.108
      -6.687       1.847
       3.737      -5.965
       1.292       7.021
      -5.774      -4.364
       7.302     -0.6916
      -4.981       5.513
    -0.05144      -7.525
       5.185       5.582
      -7.686     -0.6216
       6.159      -4.789
      -1.322       7.781
       -4.33      -6.705
       7.807       2.042
      -7.213       3.809
       2.775      -7.762
        3.23       7.677
      -7.644      -3.514
        8.09      -2.598
      -4.251       7.453
      -1.918      -8.447
       7.187        4.98
      -8.743       1.193
       5.691      -6.847
      0.4319       8.973
      -6.436      -6.379
       9.132      0.3603
      -7.036       5.953
       1.177      -9.218
       5.403       7.654
      -9.228       -2.01
       8.227      -4.788
      -2.854       9.158
      -4.114      -8.747
       9.009       3.699
       -9.21       3.383
       4.539       -8.78
       2.602       9.609
      -8.469      -5.365
       9.938      -1.777
       -6.17       8.079
     -0.9135      -10.19
       7.611       6.946
      -10.37     0.01899
       7.686      -7.067
     -0.8995       10.47
       -6.45      -8.381
       10.48       1.834
      -9.025       5.764
       2.778      -10.41
       5.014       9.611
      -10.25      -3.722
       10.13      -4.204
      -4.658          10
       -3.34      -10.58
       9.667       5.579
      -10.96        2.43
       6.475      -9.246
       1.479       11.25
      -8.739      -7.339
       11.46     -0.4943
      -8.163       8.152
      0.5152      -11.59
       7.485       8.938
      -11.62      -1.542
       9.657      -6.744
      -2.578       11.55
      -5.934      -10.31
        11.4       3.614
       -10.9       5.059
       4.642      -11.15
       4.126       11.41
       -10.8      -5.653
       11.84      -3.143
      -6.638       10.36
      -2.115      -12.18
       9.834       7.589
      -12.43       1.052
       8.497      -9.216
    -0.03998       12.59
      -8.514      -9.353
       12.65       1.151
      -10.15       7.731
       2.272      -12.61
       6.872       10.88
      -12.47      -3.395
       11.54      -5.945
       -4.51       12.23
      -4.955      -12.11
       11.89       5.608
       -12.6       3.909
        6.68      -11.44
       2.814          13
       -10.9      -7.717
        13.3       -1.68
      -8.708       10.27
     -0.5146       -13.5
       9.538       9.647
       -13.6     -0.6731
       10.52      -8.724
      -1.874       13.59
      -7.829      -11.33
       13.48       3.078
      -12.06       6.859
       4.276      -13.25
        5.82       12.71
      -12.92      -5.458
       13.26      -4.721
      -6.614       12.48
      -3.569      -13.72
       11.94       7.735
      -14.08       2.372
        8.81       -11.3
        1.14       14.33
      -10.56      -9.831
       14.47      0.1184
      -10.79       9.722
       1.393      -14.51
         8.8       11.68
      -14.42      -2.673
       12.48      -7.797
       -3.95       14.23
      -6.719       -13.2
       13.92       5.213
      -13.83       5.575
        6.45      -13.49
       4.372       14.35
      -12.96      -7.653
       14.77       -3.12
      -8.812       12.32
      -1.828      -15.08
       11.57       9.915
      -15.28      0.5056
       10.96      -10.72
     -0.8368       15.35
      -9.782      -11.92
       15.31       2.189
      -12.81       8.754
        3.54      -15.15
       7.645        13.6
      -14.87       -4.88
        14.3      -6.464
      -6.197       14.47
      -5.219       -14.9
       13.95       7.481
      -15.38       3.919
        8.72      -13.32
       2.573       15.75
      -12.57      -9.907
       16.01      -1.192
      -11.03       11.72
      0.2128      -16.14
       10.77       12.08
      -16.14      -1.632
       13.04      -9.728
      -3.054       16.03
      -8.596      -13.92
       15.78       4.467
      -14.69       7.385
        5.86      -15.41
       6.104       15.36
      -14.92      -7.222
       15.92      -4.762
      -8.542        14.3
      -3.369      -16.36
       13.57        9.81
      -16.67       1.936
       11.01      -12.72
      0.4736       16.86
      -11.77      -12.14
       16.92       1.007
      -13.19       10.71
       2.495      -16.85
       9.566       14.15
      -16.65       -3.98
          15      -8.333
      -5.445       16.32
      -7.023      -15.75
       15.85       6.885
      -16.38       5.646
       8.284      -15.26
       4.212       16.89
      -14.55      -9.631
       17.27      -2.732
      -10.92       13.71
      -1.215      -17.53
       12.76       12.13
      -17.65      -0.321
       13.26      -11.71
      -1.873       17.63
      -10.55       -14.3
       17.48        3.42
      -15.23       9.303
       4.959      -17.19
       7.971       16.06
      -16.76      -6.469
       16.77      -6.565
      -7.946        16.2
      -5.096      -17.35
       15.51       9.371
      -17.81       3.573
       10.74       -14.7
       2.013       18.13
      -13.76      -12.03
       18.31     -0.4204
      -13.25       12.71
       1.185      -18.36
       11.55       14.37
      -18.26      -2.799
       15.38      -10.29
      -4.401       18.02
      -8.944      -16.29
       17.64       5.986
      -17.08       7.516
       7.533      -17.12
       6.016       17.75
      -16.46      -9.039
       18.28      -4.461
      -10.48       15.67
      -2.855      -18.67
       14.75       11.86
      -18.92       1.219
       13.16      -13.71
     -0.4439       19.03
