    -0.07831       1.187
      -1.052      -1.313
       2.037      0.3149
       -1.98        1.32
      0.6349      -2.584
       1.399       2.557
       -2.98      -1.016
       3.082      -1.351
      -1.443       3.265
      -1.203      -3.565
       3.456       1.904
      -4.005      0.9718
       2.391      -3.562
      0.6674       4.402
      -3.587      -2.893
        4.75     -0.2993
      -3.402       3.535
      0.1242      -5.046
       3.408       3.909
      -5.288     -0.5955
       4.407       -3.21
      -1.107        5.47
      -2.943      -4.889
        5.59       1.651
      -5.345       2.611
       2.221      -5.646
       2.217       5.771
      -5.635      -2.808
       6.159      -1.766
      -3.406       5.556
      -1.262      -6.503
       5.409       4.006
      -6.798      0.7109
       4.601      -5.193
      0.1173       7.038
      -4.909      -5.183
       7.219      0.5125
      -5.746       4.559
       1.172      -7.337
       4.144       6.281
      -7.389      -1.855
       6.783      -3.667
      -2.554       7.372
      -3.132      -7.244
       7.284       3.262
      -7.659       2.543
       3.972      -7.124
       1.903       8.021
      -6.892      -4.676
       8.324       -1.22
      -5.367       6.587
     -0.4968      -8.566
       6.211       6.038
       -8.74     -0.2594
        6.68      -5.765
      -1.041       8.843
      -5.252      -7.288
       8.872       1.842
      -7.853       4.674
       2.656      -8.825
       4.037        8.37
      -8.701      -3.473
       8.833      -3.343
      -4.288       8.498
      -2.598      -9.234
       8.216       5.093
       -9.57       1.808
       5.879      -7.856
      0.9788       9.835
      -7.418      -6.638
       10.02     -0.1163
      -7.364       6.906
      0.7713      -10.14
       6.322        8.05
      -10.17      -1.677
       8.687      -5.668
      -2.593       10.11
      -4.951      -9.269
       9.975       3.512
      -9.789       4.174
       4.426      -9.751
       3.344       10.24
      -9.441      -5.326
       10.62      -2.465
      -6.204       9.046
      -1.544      -10.93
       8.568       7.053
      -11.15      0.5898
       7.864      -8.009
     -0.3913       11.28
      -7.372       -8.63
       11.33       1.391
      -9.343       6.662
       2.402      -11.28
       5.881       9.995
      -11.15      -3.415
       10.58      -5.037
      -4.422       10.92
      -4.135      -11.09
        10.6       5.414
      -11.53       3.181
       6.382      -10.18
       2.182       11.88
      -9.678      -7.318
       12.14      -1.146
      -8.214       9.088
    -0.08113      -12.31
       8.412       9.062
      -12.38      -1.004
       9.853      -7.658
      -2.102       12.36
      -6.828      -10.58
       12.24       3.203
      -11.24       5.929
       4.298      -12.01
       4.968       11.81
      -11.69      -5.378
       12.31      -3.949
      -6.434       11.27
      -2.882      -12.71
       10.76       7.457
      -13.02       1.774
       8.437      -10.15
      0.6338       13.23
      -9.445      -9.368
       13.35      0.5298
      -10.24       8.658
       1.708      -13.35
        7.79       11.04
      -13.25      -2.891
       11.77      -6.848
       -4.07       13.05
      -5.836      -12.42
       12.74       5.234
      -12.98       4.763
       6.375      -12.32
       3.637       13.44
      -11.81      -7.483
       13.81      -2.465
      -8.548       11.19
      -1.258      -14.07
       10.47       9.561
      -14.23     0.02257
       10.51      -9.661
       -1.23       14.27
      -8.765       -11.4
       14.21        2.49
       -12.2       7.788
       3.748      -14.03
       6.736       12.92
      -13.74      -4.994
       13.55      -5.618
      -6.217       13.34
       -4.44      -14.08
       12.83       7.407
      -14.51       3.213
       8.556      -12.21
       1.945       14.83
      -11.49      -9.651
       15.04     -0.6447
      -10.69       10.67
      0.6765      -15.13
       9.751       11.65
       -15.1      -2.009
       12.53      -8.747
      -3.342       14.96
      -7.664      -13.33
        14.7       4.665
      -14.03       6.508
       5.967      -14.32
       5.287       14.63
      -13.82      -7.239
       15.13      -4.011
      -8.469       13.21
      -2.689      -15.51
       12.49       9.647
      -15.77        1.33
       10.76      -11.67
    -0.05443       15.92
      -10.74      -11.81
       15.94       1.454
      -12.77       9.722
       2.858      -15.84
       8.615       13.65
      -15.61      -4.255
       14.43      -7.429
      -5.634       15.26
      -6.172       -15.1
       14.79       6.985
      -15.67       4.854
       8.295       -14.2
       3.484       16.11
      -13.49      -9.554
       16.44      -2.072
      -10.75       12.67
     -0.6303      -16.65
       11.74       11.88
      -16.72     -0.8316
       12.92      -10.71
      -2.302       16.67
      -9.585      -13.88
       16.49       3.769
      -14.74       8.376
       5.222      -16.17
        7.09       15.49
      -15.73      -6.649
       16.13      -5.737
      -8.037       15.16
      -4.325      -16.65
       14.47       9.377
      -17.04       2.867
       10.66      -13.66
       1.372       17.31
      -12.73      -11.87
       17.45       0.147
      -12.99        11.7
        1.68      -17.45
       10.57       14.03
      -17.31      -3.214
       14.97      -9.345
      -4.737       17.04
      -8.037       -15.8
       16.64       6.237
      -16.52       6.655
       7.701       -16.1
       5.208       17.11
      -15.43       -9.12
       17.58      -3.709
      -10.48       14.64
      -2.167      -17.91
       13.73       11.77
      -18.11      0.5951
       12.98       -12.7
     -0.9961       18.17
      -11.57       -14.1
       18.09       2.592
      -15.12       10.33
       4.182      -17.87
       9.008       16.04
      -17.51      -5.752
       16.83      -7.604
      -7.291       17.01
      -6.128      -17.51
       16.38       8.787
      -18.05       4.593
       10.23      -15.61
        3.01       18.46
      -14.71       -11.6
       18.72      -1.389
      -12.89        13.7
      0.2543      -18.85
       12.57        14.1
      -18.83      -1.909
        15.2      -11.33
      -3.562       18.66
         -10       -16.2
