      0.0292       1.189
       1.106      -1.268
      -2.048      0.2305
       1.923       1.401
     -0.5276      -2.608
      -1.503       2.497
       3.019     -0.8917
      -3.024      -1.477
       1.306       3.322
        1.35      -3.512
      -3.532        1.76
       3.962       1.136
      -2.242      -3.658
     -0.8487        4.37
       3.703      -2.742
      -4.733     -0.4953
       3.253       3.672
     0.08443      -5.047
      -3.567       3.765
       5.308     -0.3765
      -4.271      -3.389
      0.8802       5.511
       3.143      -4.763
      -5.654       1.419
       5.233        2.83
      -1.986      -5.733
      -2.454       5.675
       5.746      -2.573
      -6.081      -2.019
       3.173       5.692
        1.53      -6.446
       -5.57       3.779
       6.763      0.9912
      -4.382      -5.379
      -0.408       7.027
       5.119      -4.976
      -7.234      0.2138
       5.552       4.793
      -0.868       -7.38
        -4.4       6.105
        7.46      -1.548
      -6.626      -3.944
       2.248       7.471
       3.429      -7.109
      -7.413       2.959
       7.547       2.857
      -3.675      -7.283
      -2.233       7.935
       7.079      -4.388
      -8.267      -1.562
       5.091       6.803
      0.8502      -8.538
      -6.455       5.776
       8.743      0.1025
      -6.437      -6.036
      0.6744       8.878
       5.548      -7.065
      -8.941       1.474
       7.654       4.995
      -2.289      -8.928
      -4.379       8.196
       8.837      -3.111
      -8.687      -3.705
       3.934       8.668
       2.977      -9.119
      -8.419       4.749
       9.487       2.202
      -5.549      -8.092
      -1.384       9.786
       7.686      -6.327
      -10.01      -0.531
       7.073       7.204
     -0.3512      -10.16
      -6.649       7.782
       10.23      -1.256
      -8.445      -6.022
       2.173       10.21
        5.33      -9.056
      -10.11       3.097
       9.608       4.575
      -4.019      -9.926
      -3.764        10.1
       9.653      -4.931
      -10.51      -2.902
       5.825       9.295
       1.995      -10.85
      -8.852       6.694
       11.11        1.05
      -7.527      -8.327
    -0.07579       11.29
       7.722      -8.318
      -11.38      0.9221
       9.059       7.042
      -1.934      -11.37
      -6.289       9.743
       11.28      -2.951
      -10.36       -5.47
       3.967       11.09
        4.59      -10.91
      -10.81       4.971
       11.39       3.655
      -5.957      -10.44
      -2.671       11.78
       9.972      -6.913
      -12.08      -1.647
       7.833       9.419
      0.5903      -12.29
       -8.78       8.707
       12.41      -0.492
      -9.528      -8.058
        1.59       12.43
        7.26      -10.29
      -12.36       2.695
       10.98       6.389
      -3.798      -12.18
      -5.451        11.6
        11.9      -4.891
      -12.13      -4.454
       5.963       11.53
       3.405      -12.58
      -11.05       7.007
       12.94       2.311
      -8.012      -10.49
       -1.18        13.2
       9.824       -8.97
      -13.36      -0.022
       9.872       9.074
      -1.155      -13.41
       -8.24       10.71
       13.36      -2.341
      -11.48      -7.328
       3.527       13.21
       6.344      -12.17
      -12.94       4.704
       12.77       5.296
      -5.861      -12.58
       -4.19       13.28
        12.1      -6.989
       -13.7      -3.035
       8.079       11.53
       1.838      -14.01
      -10.86        9.12
       14.22      0.6104
       -10.1      -10.09
      0.6391       14.31
       9.229      -11.02
       -14.3       1.901
       11.87       8.286
      -3.166      -14.17
      -7.265       12.63
       13.94      -4.423
      -13.31      -6.174
       5.661       13.58
       5.019      -13.89
      -13.12       6.872
       14.36        3.81
      -8.044      -12.55
      -2.556       14.74
       11.88      -9.168
         -15      -1.265
       10.24        11.1
    -0.05086      -15.14
      -10.22       11.24
       15.17      -1.383
      -12.16      -9.258
       2.722       15.09
       8.209         -13
      -14.88       4.055
       13.75       7.083
      -5.372      -14.55
      -5.888        14.4
       14.11      -6.662
      -14.95      -4.633
       7.916       13.55
       3.327      -15.38
      -12.88       9.122
       15.71       1.981
      -10.27       -12.1
     -0.6033       15.91
       11.22      -11.35
      -15.99      0.7951
       12.36       10.24
      -2.202      -15.94
      -9.172       13.28
       15.78      -3.607
      -14.11       -8.02
       4.999       15.48
       6.791      -14.83
      -15.07       6.367
       15.45       5.497
      -7.701      -14.53
      -4.147       15.96
       13.87      -8.988
      -16.34       -2.75
       10.22        13.1
       1.317      -16.61
      -12.22       11.38
       16.74     -0.1411
      -12.47      -11.23
       1.612       16.75
       10.15      -13.47
      -16.63       3.086
       14.38       8.979
       -4.55      -16.37
      -7.724       15.18
       15.99      -5.993
      -15.88      -6.398
       7.404       15.48
        5.01      -16.46
      -14.84       8.771
       16.91       3.569
      -10.08      -14.09
      -2.085       17.24
       13.21      -11.33
      -17.44     -0.5739
        12.5       12.23
     -0.9582       -17.5
      -11.14       13.58
       17.43      -2.496
      -14.57      -9.956
       4.029       17.22
       8.683      -15.46
      -16.88       5.544
       16.23       7.331
       -7.03       -16.4
      -5.911       16.88
        15.8      -8.474
      -17.41      -4.432
       9.866       15.06
       2.905      -17.81
       -14.2       11.19
       18.07       1.343
      -12.45      -13.23
      0.2444        18.2
       12.14      -13.61
      -18.19       1.842
       14.68       10.95
       -3.44      -18.03
      -9.663       15.65
       17.73      -5.024
       -16.5      -8.293
       6.582        17.3
       6.846      -17.24
      -16.73       8.103
       17.84       5.335
      -9.573      -16.02
      -3.769       18.32
       15.18      -10.98
      -18.65      -2.161
       12.32       14.22
      0.5246      -18.84
      -13.14       13.57
       18.89      -1.129
      -14.72      -11.95
       2.787       18.79
       10.66      -15.77
