       1.189    -0.03742
      -1.204       1.175
      0.1156      -2.058
       1.507       1.842
      -2.633     -0.3808
       2.409      -1.641
     -0.7213       3.064
      -1.644      -2.936
        3.39       1.119
      -3.431       1.544
        1.56      -3.625
       1.356       3.892
      -3.777      -2.033
       4.316      -1.092
      -2.531       3.851
     -0.7595      -4.698
       3.849       3.042
      -5.035      0.3667
        3.56      -3.772
    -0.07893        5.32
      -3.623      -4.075
       5.552      0.5703
      -4.579       3.404
         1.1      -5.724
       3.118       5.067
      -5.835      -1.662
       5.528      -2.768
      -2.247       5.881
      -2.356      -5.958
       5.861        2.85
       -6.35       1.888
       3.461      -5.773
       1.368       6.697
      -5.615      -4.074
       6.993     -0.8005
      -4.681        5.39
     -0.1913      -7.235
       5.096       5.275
      -7.417     -0.4538
       5.849      -4.735
      -1.128       7.535
      -4.309      -6.395
       7.586       1.826
      -6.906       3.821
       2.539      -7.567
       3.275       7.375
      -7.477      -3.261
       7.798      -2.674
      -3.985       7.314
      -2.023      -8.167
       7.078       4.702
      -8.477       1.327
       5.406      -6.768
      0.5915       8.723
      -6.387      -6.088
       8.902      0.1766
      -6.743       5.935
      0.9711      -9.009
       5.415       7.362
      -9.042      -1.785
       7.938      -4.831
      -2.612       8.997
      -4.185      -8.466
       8.874       3.443
      -8.938       3.483
        4.27      -8.672
       2.729       9.349
      -8.389      -5.088
       9.693       -1.93
      -5.886       8.028
       -1.09      -9.966
       7.589       6.659
      -10.16      0.2178
       7.397      -7.074
      -0.681       10.28
      -6.486      -8.095
       10.32       1.598
      -8.744       5.828
       2.527      -10.27
       5.106       9.337
      -10.13      -3.458
       9.869      -4.323
      -4.384       9.914
      -3.485      -10.33
       9.606       5.296
      -10.72       2.599
       6.187      -9.213
       1.671       11.04
      -8.736      -7.049
       11.27     -0.7072
      -7.873       8.176
      0.2839      -11.41
       7.538       8.651
      -11.46      -1.294
       9.376      -6.825
      -2.316       11.43
      -6.041      -10.04
        11.3        3.34
      -10.64       5.193
       4.359      -11.07
       4.286       11.16
      -10.75      -5.363
       11.61      -3.326
      -6.344       10.34
       -2.32      -11.97
       9.843       7.293
      -12.24       1.277
       8.202      -9.253
      0.2032       12.42
      -8.579      -9.063
        12.5      0.8915
      -9.866       7.824
       1.999      -12.49
       6.993       10.61
      -12.37       -3.11
       11.27      -6.092
      -4.217       12.16
      -5.126      -11.86
       11.84       5.308
      -12.37       4.104
       6.376      -11.43
       3.031       12.79
      -10.92      -7.412
       13.11      -1.917
      -8.406       10.31
     -0.7692      -13.33
       9.612       9.349
      -13.46     -0.4026
       10.23      -8.826
       -1.59       13.47
      -7.959      -11.05
       13.38       2.783
      -11.79       7.015
       3.972      -13.19
       6.002       12.45
      -12.89      -5.148
       13.03      -4.926
        -6.3       12.48
      -3.796       -13.5
       11.96       7.421
      -13.88       2.619
       8.498      -11.35
       1.405       14.16
      -10.64      -9.524
       14.33     -0.1627
      -10.49       9.831
       1.098      -14.38
       8.937       11.39
      -14.33      -2.367
       12.21       -7.96
      -3.635       14.16
      -6.908      -12.94
       13.88       4.891
      -13.58       5.788
       6.126      -13.49
       4.607       14.13
      -12.98      -7.329
       14.57      -3.376
       -8.49       12.37
      -2.103       -14.9
       11.65       9.598
      -15.12      0.7965
       10.65      -10.84
     -0.5319       15.23
      -9.924      -11.62
       15.22       1.873
      -12.52       8.924
       3.215      -15.08
       7.841       13.33
      -14.83      -4.548
       14.05      -6.685
      -5.862       14.46
      -5.462      -14.67
       13.97       7.145
      -15.17       4.183
       8.387      -13.37
       2.856       15.57
      -12.66      -9.578
       15.85      -1.492
      -10.71       11.84
     -0.1016      -16.01
       10.92       11.77
      -16.04      -1.305
       12.75      -9.901
      -2.718       15.95
      -8.796      -13.64
       15.74       4.124
      -14.43        7.61
       5.515       -15.4
       6.353       15.12
      -14.94      -6.876
        15.7      -5.033
      -8.198       14.35
       -3.66      -16.16
       13.65        9.47
      -16.51       2.244
       10.68      -12.84
      0.7969       16.72
      -11.91      -11.82
       16.81      0.6716
      -12.88       10.89
        2.15      -16.77
       9.769       13.85
       -16.6      -3.627
       14.73      -8.562
      -5.089        16.3
      -7.276       -15.5
       15.87       6.526
      -16.15       5.922
       7.926      -15.31
       4.509       16.68
      -14.63      -9.279
        17.1      -3.048
      -10.57       13.83
      -1.549      -17.38
       12.91        11.8
      -17.53     0.02246
       12.94      -11.88
      -1.517       17.54
      -10.76      -13.99
       17.42       3.059
      -14.95       9.534
       4.591      -17.16
       8.228       15.79
      -16.77      -6.101
       16.53      -6.846
      -7.577       16.25
      -5.399      -17.14
       15.59       9.008
      -17.62       3.897
       10.38      -14.81
       2.352       17.97
       -13.9      -11.69
       18.18     -0.7742
      -12.91       12.88
      0.8221      -18.26
       11.75       14.05
      -18.19      -2.426
       15.09      -10.52
      -4.024       17.99
      -9.203      -16.02
       17.64       5.604
      -16.83         7.8
       7.154      -17.15
       6.325       17.52
      -16.53      -8.662
       18.08      -4.788
      -10.12       15.77
      -3.201       -18.5
       14.89        11.5
      -18.78       1.578
       12.81      -13.88
    -0.07049       18.93
      -12.76      -14.03
       18.92       1.732
      -15.15       11.53
