      0.4137      -1.116
      0.6342       1.559
      -1.862     -0.8828
       2.274     -0.7008
      -1.346       2.295
     -0.6115       -2.85
       2.566       1.823
       -3.34      0.4157
       2.314      -2.718
      0.1365        3.76
      -2.769      -2.811
       4.116      0.2111
      -3.308       2.732
      0.6159      -4.409
       2.613       3.796
      -4.638      -1.068
       4.269      -2.418
      -1.559       4.801
      -2.151      -4.719
       4.898       2.079
       -5.14       1.819
       2.621      -4.927
       1.426       5.525
      -4.887      -3.177
       5.868     -0.9778
      -3.739       4.778
      -0.479      -6.164
         4.6       4.299
      -6.407    -0.06395
       4.849      -4.354
     -0.6451       6.593
      -4.042      -5.382
       6.718       1.258
      -5.891       3.665
       1.895      -6.779
       3.227       6.368
      -6.773      -2.551
       6.807      -2.731
      -3.217       6.698
       -2.18      -7.202
       6.553       3.886
      -7.547        1.58
       4.551      -6.337
      0.9356       7.837
      -6.051      -5.205
       8.066     -0.2524
       -5.84       5.695
      0.4636       -8.23
       5.272       6.448
      -8.326      -1.206
       7.023      -4.782
      -1.967       8.351
      -4.231      -7.559
       8.303       2.741
      -8.047        3.62
        3.52      -8.178
       2.955       8.483
      -7.978      -4.296
        8.86       -2.24
      -5.063       7.701
      -1.481      -9.174
       7.349       5.811
      -9.419      0.6844
       6.534      -6.921
      -0.144       9.592
      -6.422      -7.225
       9.688       0.997
      -7.875       5.852
       1.867      -9.705
       5.216       8.479
      -9.642      -2.748
       9.029      -4.518
       -3.63       9.496
      -3.763      -9.519
       9.266       4.507
      -9.943       2.955
        5.37      -8.954
       2.101        10.3
      -8.559      -6.212
       10.57      -1.208
      -7.024       8.083
     -0.2828      -10.77
       7.529       7.798
      -10.88     -0.6679
       8.527      -6.901
      -1.636       10.91
        -6.2      -9.204
       10.85       2.614
      -9.822       5.433
       3.593       -10.7
       4.604       10.37
      -10.46      -4.564
       10.85       -3.72
      -5.521       10.13
      -2.786      -11.26
       9.709       6.453
      -11.58        1.81
       7.352      -9.202
      0.7987       11.81
      -8.611      -8.211
       11.96      0.2394
      -9.021       7.938
       1.296      -12.01
       7.188       9.775
      -11.96      -2.364
       10.47      -6.367
      -3.432       11.82
      -5.478      -11.09
       11.58       4.495
      -11.63       4.529
        5.54      -11.24
       3.526       12.09
      -10.81       -6.56
       12.46      -2.478
      -7.547       10.29
      -1.391      -12.74
       9.672        8.49
      -12.92      0.2745
       9.382      -8.969
     -0.8634       13.01
      -8.182      -10.22
       12.99       2.014
      -10.98       7.317
       3.168      -12.87
        6.38       11.67
      -12.64      -4.315
       12.28      -5.378
      -5.446       12.31
      -4.317      -12.81
       11.88       6.552
      -13.24       3.205
       7.623      -11.35
       2.051       13.57
      -10.72      -8.651
        13.8     -0.8636
      -9.626       9.994
      0.3485      -13.92
       9.181       10.54
      -13.94      -1.576
       11.38      -8.283
      -2.809       13.85
      -7.307      -12.15
       13.64       4.037
      -12.83       6.261
       5.251      -13.33
        5.15       13.42
      -12.91       -6.44
       13.92      -3.984
      -7.595       12.38
      -2.771      -14.31
       11.75       8.706
      -14.59        1.52
       9.764      -11.01
      0.2397       14.76
      -10.18      -10.76
       14.82        1.06
      -11.68       9.261
       2.366      -14.77
       8.256       12.53
       -14.6      -3.672
       13.28      -7.174
      -4.964       14.31
      -6.022      -13.95
        13.9       6.234
      -14.51       4.809
       7.471      -13.39
       3.544       14.96
      -12.76      -8.664
       15.31      -2.236
      -9.804       12.02
     -0.8942      -15.53
       11.18       10.88
      -15.64     -0.4709
       11.89      -10.25
      -1.847       15.63
      -9.223      -12.81
        15.5       3.225
      -13.64       8.113
       4.593      -15.24
       6.928       14.38
      -14.86      -5.941
       15.01      -5.675
      -7.258       14.37
      -4.365      -15.54
       13.75       8.532
      -15.95       3.006
       9.754      -13.02
       1.608       16.23
      -12.18      -10.91
        16.4     -0.1832
         -12       11.24
       1.258      -16.44
        10.2          13
      -16.35      -2.704
       13.92      -9.074
      -4.144       16.13
      -7.862      -14.73
       15.79       5.567
      -15.44       6.577
       6.961      -15.32
       5.228       16.04
      -14.73      -8.315
       16.52      -3.825
      -9.619       14.01
      -2.377      -16.87
       13.18       10.86
       -17.1      0.8972
       12.03      -12.24
     -0.6037       17.19
      -11.19      -13.11
       17.15       2.114
      -14.11       10.05
       3.623      -16.98
       8.821          15
      -16.68      -5.118
       15.79      -7.509
      -6.588       16.24
      -6.128      -16.46
       15.68       8.019
      -17.01       4.686
       9.401      -14.98
       3.195       17.44
      -14.17      -10.72
       17.73      -1.666
      -11.97       13.23
     -0.1103      -17.89
       12.19       13.14
      -17.91       -1.46
       14.22      -11.04
      -3.033       17.79
        -9.8       -15.2
       17.53       4.597
      -16.07       8.469
       6.139      -17.13
       7.062       16.82
       -16.6      -7.646
       17.44      -5.589
      -9.107       15.94
      -4.059      -17.94
       15.14       10.51
       -18.3       2.485
       11.84      -14.23
      0.8794       18.53
      -13.19      -13.09
       18.61      0.7467
      -14.25       12.04
        2.38      -18.55
       10.79       15.32
      -18.34       -4.01
       16.27      -9.452
      -5.621       17.99
      -8.025       -17.1
        17.5       7.201
       -17.8       6.526
       8.738      -16.87
       4.963       18.38
