     -0.6958     -0.9651
       1.648      0.3417
      -1.771       1.054
      0.6851      -2.279
       1.156       2.396
      -2.707       -1.08
       2.944      -1.115
      -1.515       3.005
     -0.9674      -3.436
       3.198       1.982
      -3.877      0.7333
       2.469        -3.3
      0.4256       4.269
      -3.318      -2.968
       4.608    -0.05457
      -3.471       3.256
       0.371      -4.892
       3.119       3.969
      -5.117     -0.8428
       4.456      -2.909
      -1.353       5.282
      -2.631      -4.922
       5.383       1.894
      -5.361       2.287
       2.458      -5.418
       1.884       5.767
      -5.385      -3.037
       6.133      -1.424
      -3.623       5.285
     -0.9136      -6.453
       5.115       4.209
      -6.721      0.3573
       4.788      -4.878
     -0.2388       6.934
      -4.573      -5.351
       7.086      0.8686
      -5.892       4.203
       1.525      -7.174
        3.77       6.403
      -7.196      -2.203
       6.878      -3.276
      -2.893       7.148
      -2.727       -7.31
       7.029        3.59
      -7.694       2.125
       4.285      -6.838
       1.476       8.022
      -6.576      -4.971
       8.292     -0.7849
      -5.641       6.242
    -0.05809      -8.497
       5.839       6.287
      -8.634     -0.6983
       6.903      -5.367
      -1.478       8.699
       -4.83       -7.48
       8.691       2.273
      -8.013       4.231
       3.077      -8.606
       3.574       8.495
      -8.443      -3.882
        8.92      -2.864
       -4.68       8.203
      -2.107      -9.283
       7.885       5.464
      -9.577       1.307
       6.226      -7.489
      0.4718         9.8
      -7.019      -6.958
       9.947      0.3925
      -7.654       6.475
       1.278      -10.01
       5.862       8.306
         -10      -2.179
       8.906      -5.183
      -3.086       9.903
      -4.443      -9.448
       9.721       3.992
      -9.927       3.646
       4.888      -9.453
       2.799       10.34
      -9.101      -5.766
       10.67      -1.908
      -6.619       8.666
      -0.979      -10.93
       8.149       7.439
       -11.1     0.02031
       8.217      -7.554
     -0.9609       11.18
      -6.884      -8.946
       11.18       1.957
      -9.618       6.142
       2.959      -11.09
       5.335       10.23
       -10.9      -3.959
       10.77      -4.467
      -4.948       10.62
      -3.545      -11.23
       10.25       5.918
      -11.62       2.575
        6.86      -9.794
       1.565       11.91
      -9.247      -7.766
       12.12     -0.5228
      -8.627       8.615
      0.5442      -12.24
       7.902       9.436
      -12.26      -1.628
       10.18      -7.112
      -2.718       12.18
      -6.251      -10.87
          12       3.807
      -11.47       5.324
       4.884      -11.73
       4.339          12
      -11.35      -5.943
       12.44      -3.302
      -6.972       10.88
       -2.22      -12.79
       10.32       7.964
      -13.04       1.103
       8.909      -9.662
     -0.0419        13.2
      -8.918      -9.799
       13.25       1.206
      -10.63       8.092
       2.378       -13.2
       7.188       11.38
      -13.04       -3.55
       12.06      -6.214
      -4.713       12.78
      -5.175      -12.65
       12.41       5.857
      -13.16        4.08
       6.971      -11.94
       2.935       13.56
      -11.37      -8.047
       13.87      -1.751
      -9.076        10.7
     -0.5353      -14.07
       9.933       10.05
      -14.16     -0.7017
       10.95       -9.08
      -1.951       14.14
      -8.144      -11.79
       14.02       3.202
      -12.54       7.131
       4.445      -13.78
       6.048        13.2
      -13.42      -5.671
       13.77      -4.903
      -6.868       12.96
      -3.704      -14.24
       12.39       8.027
      -14.61       2.461
       9.139      -11.72
       1.181       14.86
      -10.94      -10.19
          15      0.1237
      -11.18       10.07
       1.444      -15.03
       9.115       12.09
      -14.94      -2.769
       12.92      -8.072
       -4.09       14.73
      -6.953      -13.66
        14.4       5.394
       -14.3       5.767
       6.672      -13.95
       4.521       14.84
       -13.4      -7.913
       15.27      -3.224
      -9.107       12.73
      -1.888      -15.58
       11.95       10.24
      -15.78      0.5212
       11.31      -11.07
     -0.8649       15.85
       -10.1      -12.31
        15.8        2.26
      -13.22       9.033
       3.654      -15.63
       7.886       14.03
      -15.33      -5.034
       14.75      -6.665
       -6.39       14.92
      -5.379      -15.36
       14.38        7.71
      -15.85       4.037
       8.985      -13.72
       2.649       16.23
      -12.95       -10.2
       16.48      -1.227
      -11.36       12.07
      0.2201      -16.61
       11.09       12.43
      -16.62      -1.681
       13.42      -10.01
      -3.143       16.49
      -8.842      -14.32
       16.23       4.596
      -15.11       7.595
       6.027      -15.84
       6.275       15.79
      -15.33      -7.425
       16.36      -4.894
       -8.78        14.7
      -3.461      -16.81
       13.94       10.08
      -17.13       1.987
       11.31      -13.07
      0.4864       17.32
      -12.08      -12.47
       17.37       1.036
      -13.54          11
       2.563       -17.3
       9.816       14.52
      -17.09      -4.085
       15.39       -8.55
      -5.588       16.74
      -7.202      -16.16
       16.26       7.062
       -16.8        5.79
       8.495      -15.65
       4.317       17.32
      -14.91      -9.874
       17.71      -2.801
      -11.19       14.06
      -1.245      -17.96
       13.08       12.43
      -18.08      -0.329
       13.58         -12
      -1.919       18.06
      -10.81      -14.64
        17.9       3.505
       -15.6       9.526
       5.078       -17.6
       8.162       16.44
      -17.16      -6.625
       17.16      -6.719
      -8.134       16.58
      -5.216      -17.76
       15.87       9.592
      -18.22       3.656
       10.99      -15.04
        2.06       18.55
      -14.08      -12.31
       18.73       -0.43
      -13.55          13
       1.214      -18.77
       11.81       14.69
      -18.67      -2.862
       15.73      -10.52
      -4.501       18.42
      -9.141      -16.66
       18.03       6.118
