      0.5792       1.039
      0.3888      -1.637
      -1.706       1.157
       2.354      0.3454
       -1.68      -2.063
     -0.1693        2.91
       2.258      -2.194
      -3.364     0.09901
       2.702       2.333
     -0.4393      -3.737
      -2.308       3.201
       4.036     -0.8373
      -3.686      -2.195
       1.282       4.263
       2.002       -4.15
       -4.42       1.764
       4.588       1.737
      -2.273      -4.507
      -1.406       4.992
       4.523      -2.803
      -5.357      -1.013
       3.343       4.469
      0.5661      -5.678
      -4.344       3.886
       5.949     0.07008
      -4.425      -4.151
      0.4679       6.165
       3.889      -4.951
      -6.322       1.042
       5.457       3.562
      -1.644      -6.417
      -3.172       5.936
       6.447      -2.269
      -6.381      -2.723
       2.908        6.41
       2.217      -6.786
      -6.304       3.555
       7.144       1.659
      -4.202      -6.128
      -1.055       7.451
       5.883      -4.841
        -7.7     -0.4089
       5.466       5.568
     -0.2722      -7.888
      -5.185       6.068
        8.01     -0.9823
      -6.641      -4.737
       1.715       8.063
       4.225      -7.177
      -8.045       2.463
       7.671       3.654
      -3.219      -7.953
      -3.027       8.116
       7.786      -3.977
      -8.506      -2.349
       4.728       7.545
       1.625      -8.835
      -7.228       5.464
       9.099      0.8607
      -6.179      -6.838
    -0.06296       9.293
       6.375      -6.865
      -9.413      0.7619
       7.515       5.843
      -1.607      -9.457
      -5.243       8.121
       9.422      -2.465
      -8.676      -4.581
       3.327       9.306
       3.861      -9.176
      -9.109       4.188
       9.613       3.087
      -5.038       -8.83
      -2.265       9.981
       8.469       -5.87
      -10.28      -1.402
       6.675       8.028
      0.5046       -10.5
       -7.51       7.446
       10.63     -0.4202
      -8.176      -6.916
       1.365       10.69
       6.251      -8.856
      -10.65       2.322
       9.481       5.518
      -3.284      -10.53
      -4.722       10.04
       10.32       -4.24
      -10.54       -3.87
       5.185       10.03
       2.966      -10.96
       -9.64       6.108
        11.3       2.019
      -7.003      -9.167
      -1.034       11.55
        8.61       -7.86
      -11.72    -0.02074
       8.671       7.972
      -1.014       -11.8
      -7.256        9.43
       11.78      -2.062
      -10.13      -6.468
       3.115       11.67
       5.612      -10.76
      -11.46       4.163
       11.31       4.694
      -5.198      -11.16
      -3.721       11.79
       10.76       -6.21
      -12.18        -2.7
       7.192       10.27
        1.64      -12.48
      -9.685       8.134
       12.69      0.5465
      -9.029      -9.016
      0.5701        12.8
       8.263      -9.867
      -12.81       1.702
       10.64       7.431
       -2.84      -12.72
      -6.526       11.34
       12.53      -3.974
      -11.97      -5.555
       5.095       12.23
       4.523      -12.51
      -11.83       6.194
       12.96       3.439
      -7.262      -11.33
      -2.311       13.31
       10.74      -8.289
      -13.57      -1.147
       9.267       10.05
    -0.04525      -13.72
      -9.271       10.19
       13.77      -1.254
      -11.04      -8.407
       2.471       13.71
       7.464      -11.82
      -13.53       3.686
       12.52       6.448
       -4.89      -13.26
      -5.367       13.12
       12.87      -6.073
      -13.64      -4.228
       7.225       12.37
       3.041      -14.05
      -11.77       8.336
       14.36       1.813
      -9.396      -11.07
     -0.5532       14.56
       10.28       -10.4
      -14.65      0.7268
       11.33       9.392
      -2.018      -14.63
       -8.42       12.19
       14.49       -3.31
      -12.96      -7.369
       4.593       14.23
       6.247      -13.64
      -13.86       5.857
       14.22       5.062
       -7.09      -13.38
      -3.823        14.7
       12.79      -8.284
      -15.07      -2.537
       9.427       12.09
       1.217      -15.33
      -11.29       10.51
       15.47     -0.1284
      -11.53      -10.38
       1.489       15.49
       9.391      -12.46
      -15.39       2.854
       13.31       8.314
      -4.212      -15.17
      -7.159       14.07
       14.82      -5.553
      -14.72      -5.935
       6.867       14.36
       4.651      -15.27
      -13.78       8.141
       15.71       3.315
      -9.366      -13.09
       -1.94       16.02
       12.29      -10.53
      -16.22     -0.5348
       11.63       11.38
     -0.8899      -16.29
      -10.37       12.65
       16.24      -2.323
      -13.58      -9.278
       3.753       16.05
       8.098      -14.41
      -15.75       5.169
       15.14       6.842
      -6.559      -15.31
      -5.519       15.76
       14.75      -7.913
      -16.27      -4.141
       9.219       14.08
       2.717      -16.65
      -13.28       10.47
       16.91       1.257
      -11.65      -12.38
      0.2267       17.03
       11.37      -12.74
      -17.03       1.723
       13.76       10.26
      -3.221       -16.9
       -9.06       14.67
       16.63      -4.709
      -15.48      -7.779
       6.173       16.23
       6.427      -16.18
       -15.7       7.604
       16.75        5.01
       -8.99      -15.05
      -3.542       17.21
       14.27      -10.32
      -17.53      -2.034
       11.58       13.37
      0.4956      -17.72
      -12.36       12.76
       17.78       -1.06
      -13.85      -11.25
       2.622       17.69
       10.04      -14.85
      -17.47       4.177
       15.74       8.743
      -5.714      -17.12
      -7.364       16.52
       16.62      -7.219
      -17.17      -5.917
       8.684          16
       4.412       -17.7
      -15.24       10.09
       18.09        2.86
      -11.43      -14.36
      -1.272       18.35
       13.36       -12.7
      -18.47      0.3383
       13.88       12.25
       -1.96      -18.44
      -11.04       14.95
       18.28      -3.579
      -15.93      -9.725
       5.184       17.97
       8.329      -16.78
      -17.51       6.765
       17.52       6.857
      -8.301      -16.92
      -5.321       18.12
        16.2       -9.79
      -18.59      -3.731
       11.21       15.34
       2.099      -18.92
