     -0.7623      0.9136
       1.668     -0.2245
      -1.692      -1.177
      0.5225       2.322
       1.323      -2.309
      -2.777      0.8861
       2.858        1.32
        -1.3      -3.104
      -1.208       3.359
        3.33      -1.751
      -3.816      -1.005
        2.23       3.467
      0.7261      -4.228
      -3.519       2.726
       4.592      0.3799
      -3.232      -3.493
     0.02463       4.906
       3.391      -3.739
      -5.164      0.4794
       4.239       3.216
     -0.9768      -5.364
      -2.972       4.724
       5.503      -1.509
      -5.186       -2.66
       2.069       5.578
       2.287       -5.62
      -5.586       2.649
       6.017       1.854
      -3.241      -5.527
      -1.367       6.372
         5.4      -3.838
      -6.679      -0.831
       4.431       5.204
      0.2514      -6.933
       -4.94       5.015
        7.13     -0.3661
       -5.58      -4.609
       1.015       7.264
       4.213      -6.121
      -7.333       1.689
        6.63       3.754
      -2.381      -7.334
      -3.236       7.099
       7.265      -3.084
      -7.524      -2.663
       3.791       7.124
       2.039      -7.898
      -6.911       4.494
       8.216       1.368
      -5.186      -6.625
     -0.6578       8.472
       6.268      -5.859
      -8.662     0.08698
       6.506       5.841
     -0.8598      -8.782
      -5.346        7.12
       8.829      -1.654
      -7.694      -4.786
       2.461       8.802
       4.165      -8.221
      -8.696       3.276
       8.696       3.487
      -4.089      -8.513
      -2.757       9.111
       8.251      -4.893
      -9.461       -1.98
       5.681        7.91
       1.163      -9.742
      -7.493       6.445
        9.95      0.3106
      -7.178          -7
      0.5684       10.08
       6.434      -7.871
      -10.13       1.467
       8.518       5.799
      -2.379       -10.1
      -5.099       9.111
       9.978      -3.295
      -9.645      -4.338
       4.208       9.775
       3.522      -10.11
      -9.486       5.109
       10.51       2.656
      -5.991      -9.112
      -1.748       10.83
       8.654      -6.845
      -11.07     -0.8036
       7.663       8.116
     -0.1689      -11.22
      -7.499       8.437
       11.29      -1.163
      -9.161      -6.806
       2.169       11.27
       6.044      -9.826
      -11.15       3.179
       10.43       5.217
      -4.185      -10.95
       -4.33       10.95
       10.65      -5.179
      -11.41      -3.389
       6.151       10.25
       2.403      -11.77
      -9.772       7.093
       12.06       1.377
      -7.997      -9.203
     -0.3211       12.25
       8.549      -8.854
      -12.34      0.7581
       9.657       7.814
      -1.851      -12.34
      -7.003        10.4
       12.24      -2.949
      -11.07      -6.121
       4.044       12.04
       5.176      -11.66
      -11.75       5.126
       12.18       4.172
      -6.186      -11.35
      -3.118        12.6
       10.85      -7.215
      -12.93      -2.021
       8.204       10.27
      0.8898      -13.17
      -9.588       9.144
        13.3     -0.2672
      -10.03      -8.822
        1.44       13.33
       7.974      -10.85
      -13.26       2.621
       11.59        7.05
      -3.799      -13.08
      -6.056       12.26
       12.79      -4.965
      -12.83      -4.998
        6.11        12.4
       3.886      -13.32
      -11.91       7.224
       13.71       2.726
      -8.297      -11.31
      -1.528          14
       10.62      -9.321
      -14.18     -0.3003
       10.29       9.831
     -0.9467      -14.25
      -8.956       11.18
       14.21      -2.204
      -12.01      -7.999
       3.461       14.06
       6.965      -12.74
      -13.79       4.708
       13.39       5.863
      -5.935      -13.41
      -4.701       13.95
       12.93      -7.132
       -14.4      -3.486
       8.288       12.33
       2.228      -14.74
      -11.64       9.395
       14.97      0.9363
      -10.44      -10.84
      0.3787       15.09
       9.946      -11.42
      -15.09       1.707
       12.32       8.965
      -3.039      -14.98
        -7.9       13.14
       14.74      -4.363
      -13.86      -6.762
       5.669       14.39
       5.557      -14.48
      -13.92       6.947
          15       4.294
      -8.185      -13.34
      -2.983       15.41
       12.64      -9.373
       -15.7      -1.634
        10.5       11.84
      0.2568      -15.87
      -10.94       11.56
       15.92      -1.138
      -12.54      -9.943
        2.54       15.85
       8.857      -13.44
      -15.65       3.938
       14.24        7.69
       -5.32      -15.33
       -6.45       14.94
       14.89      -6.676
      -15.53      -5.146
       7.994       14.32
       3.789         -16
      -13.64       9.263
       16.36       2.388
      -10.47      -12.84
     -0.9539       16.59
       11.94      -11.62
      -16.69      0.5035
       12.68       10.93
      -1.971      -16.67
      -9.831       13.66
       16.51      -3.438
      -14.54      -8.642
       4.893       16.23
       7.374      -15.31
      -15.82       6.324
       15.97       6.037
       -7.72      -15.28
       -4.64       16.52
       14.62       -9.07
      -16.94      -3.193
       10.36       13.83
       1.707      -17.24
      -12.93       11.59
        17.4      0.1944
      -12.73      -11.93
       1.335       17.44
       10.82      -13.79
      -17.33       2.868
       14.75       9.615
      -4.392      -17.09
      -8.326       15.61
       16.72      -5.896
      -16.35      -6.961
       7.368       16.21
        5.53      -16.97
      -15.57       8.796
       17.46       4.043
      -10.17      -14.81
      -2.512       17.83
       13.93      -11.47
      -18.06     -0.9478
        12.7       12.93
     -0.6385      -18.15
      -11.82       13.84
        18.1      -2.232
      -14.89       -10.6
       3.823       17.91
       9.301      -15.82
      -17.58       5.397
       16.65       7.915
      -6.942      -17.12
      -6.457       17.35
       16.51      -8.447
      -17.92      -4.935
       9.899       15.78
       3.364      -18.36
      -14.91       11.29
       18.66       1.752
       -12.6      -13.92
     -0.1148       18.81
       12.82      -13.82
      -18.83       1.536
       14.95       11.61
      -3.189      -18.69
       -10.3       15.97
       18.41       -4.83
