      0.4269      -1.111
      -1.506      0.7504
       1.981      0.5683
      -1.243      -2.029
     -0.5072       2.612
       2.342      -1.734
      -3.131     -0.3277
       2.231       2.519
     0.05981      -3.569
      -2.588       2.731
       3.936     -0.2791
      -3.229      -2.562
      0.6765       4.236
       2.452      -3.716
       -4.47       1.122
       4.186       2.264
      -1.606      -4.636
      -2.004       4.633
       4.734      -2.119
       -5.05      -1.677
       2.655       4.763
       1.289       -5.43
      -4.722       3.203
       5.767      0.8455
      -3.757      -4.612
     -0.3516       6.057
       4.433      -4.309
      -6.293       0.186
        4.85       4.187
     -0.7613      -6.472
      -3.874       5.374
        6.59      -1.368
      -5.873      -3.497
       1.998       6.644
       3.058       -6.34
       -6.63       2.646
       6.769       2.563
      -3.304      -6.548
      -2.013       7.153
       6.397      -3.964
      -7.486      -1.415
        4.62       6.174
      0.7732      -7.764
      -5.882       5.263
       7.981     0.09354
      -5.886       -5.52
      0.6179       8.134
       5.092      -6.483
      -8.218       1.355
       7.045       4.599
       -2.11      -8.231
      -4.044       7.567
       8.171      -2.876
      -8.042       -3.43
       3.646       8.035
       2.764      -8.464
      -7.824       4.413
       8.827       2.049
      -5.169      -7.537
      -1.291       9.126
       7.175      -5.906
      -9.356     -0.4962
       6.616       6.739
     -0.3288      -9.513
      -6.232       7.293
       9.594      -1.177
      -7.929      -5.655
       2.042       9.597
       5.013      -8.517
      -9.518       2.915
       9.052        4.31
      -3.789      -9.358
      -3.551       9.525
       9.115      -4.656
      -9.933      -2.742
       5.508       8.789
       1.888      -10.27
      -8.382       6.337
       10.53      0.9953
      -7.136      -7.895
     -0.0719       10.71
       7.331      -7.896
       -10.8      0.8752
       8.609       6.693
      -1.838      -10.81
      -5.984        9.27
       10.74      -2.809
      -9.871       -5.21
        3.78       10.57
       4.376       -10.4
      -10.31       4.742
       10.87       3.488
      -5.687      -9.966
      -2.552       11.25
       9.531      -6.607
      -11.55      -1.575
       7.492       9.011
      0.5649      -11.77
      -8.406       8.336
       11.89     -0.4705
       -9.13      -7.722
       1.523       11.92
       6.962      -9.867
      -11.86       2.584
       10.54       6.131
      -3.646      -11.69
      -5.236       11.14
       11.44      -4.698
      -11.66      -4.281
       5.733       11.08
       3.275       -12.1
      -10.64        6.74
       12.45       2.224
      -7.712      -10.09
      -1.137       12.71
       9.464       -8.64
      -12.87    -0.02199
       9.516       8.746
      -1.113      -12.93
      -7.947       10.33
       12.89      -2.258
      -11.08      -7.072
       3.404       12.75
       6.126      -11.75
       -12.5       4.543
       12.34       5.116
      -5.663      -12.15
       -4.05       12.84
        11.7      -6.757
      -13.24      -2.935
       7.814       11.15
       1.779      -13.55
      -10.51       8.826
       13.76      0.5917
      -9.784      -9.767
      0.6181       13.86
        8.94      -10.68
      -13.86       1.841
        11.5        8.03
      -3.068      -13.74
      -7.044       12.25
       13.51      -4.288
      -12.91      -5.988
       5.491       13.18
        4.87      -13.47
      -12.74       6.668
       13.94       3.699
      -7.809      -12.19
      -2.483       14.31
       11.53      -8.905
      -14.57       -1.23
       9.945       10.78
    -0.04853      -14.72
      -9.937       10.92
       14.75      -1.344
      -11.82      -9.002
       2.646       14.67
       7.985      -12.65
      -14.48       3.944
       13.38       6.892
      -5.227      -14.16
      -5.731       14.02
       13.74      -6.485
      -14.55      -4.511
       7.709        13.2
       3.241      -14.98
      -12.55       8.886
        15.3        1.93
      -10.01      -11.79
     -0.5889        15.5
       10.94      -11.07
      -15.59      0.7741
       12.05       9.986
      -2.146      -15.55
      -8.945       12.95
       15.39      -3.517
      -13.76      -7.823
       4.876       15.11
       6.627      -14.47
       -14.7       6.213
       15.08       5.366
      -7.517      -14.18
      -4.049       15.58
       13.54      -8.776
      -15.96      -2.686
       9.981       12.79
       1.288      -16.22
      -11.94       11.12
       16.36     -0.1368
      -12.19      -10.98
       1.575       16.37
       9.921      -13.17
      -16.25       3.015
       14.06       8.778
      -4.447      -16.01
      -7.554       14.85
       15.64      -5.861
      -15.53      -6.258
       7.242       15.14
       4.901       -16.1
      -14.52       8.581
       16.55       3.493
      -9.866      -13.79
      -2.042       16.87
       12.93      -11.09
      -17.07     -0.5618
       12.24       11.97
     -0.9371      -17.13
      -10.91        13.3
       17.07      -2.443
      -14.27      -9.751
       3.945       16.87
       8.506      -15.14
      -16.54        5.43
        15.9       7.184
      -6.888      -16.07
      -5.792       16.54
       15.48      -8.305
      -17.06      -4.343
        9.67       14.76
       2.848      -17.46
      -13.92       10.97
       17.72       1.317
       -12.2      -12.97
      0.2386       17.85
       11.91      -13.35
      -17.84       1.806
        14.4       10.74
      -3.373      -17.69
      -9.481       15.35
        17.4      -4.928
      -16.19      -8.137
       6.459       16.97
       6.718      -16.92
      -16.41       7.952
       17.51       5.236
      -9.396      -15.72
        -3.7       17.98
        14.9      -10.78
      -18.31      -2.124
       12.09       13.96
      0.5151       -18.5
      -12.91       13.32
       18.55      -1.107
      -14.46      -11.74
       2.738       18.46
       10.47      -15.49
      -18.22       4.359
       16.42       9.113
      -5.959      -17.84
      -7.676       17.22
       17.32      -7.526
      -17.89      -6.163
       9.048       16.66
       4.596      -18.44
      -15.87       10.51
