      0.8166      0.8654
    -0.02486      -1.682
      -1.369        1.54
       2.367      -0.243
      -2.135      -1.587
        0.55       2.862
        1.65      -2.681
      -3.237      0.9216
       3.192       1.598
      -1.343      -3.515
      -1.452        3.67
       3.707      -1.802
      -4.112      -1.223
       2.289       3.818
      0.9227      -4.515
      -3.852       2.795
       4.874      0.5582
       -3.31      -3.811
     -0.1374       5.185
       3.697      -3.827
      -5.442      0.3326
       4.337       3.512
     -0.8447      -5.643
      -3.258       4.834
       5.784      -1.392
      -5.308      -2.938
       1.966       5.861
       2.555      -5.754
      -5.873       2.561
       6.164       2.114
      -3.169      -5.818
      -1.618       6.533
       5.693      -3.782
      -6.854      -1.073
       4.393         5.5
      0.4834      -7.123
      -5.239       4.993
       7.333     -0.1451
      -5.577       -4.91
       0.806       7.482
       4.515      -6.137
      -7.565       1.493
       6.665       4.056
      -2.199       -7.58
      -3.538       7.155
       7.524      -2.918
        -7.6      -2.962
       3.641       7.396
       2.335      -7.995
      -7.194       4.362
       8.333       1.659
      -5.073       -6.92
     -0.9425       8.611
       6.573      -5.766
      -8.822     -0.1896
       6.435       6.154
     -0.5929      -8.963
      -5.667       7.071
       9.032      -1.398
      -7.668      -5.112
       2.219       9.024
       4.495       -8.22
      -8.938       3.049
       8.719        3.82
      -3.879      -8.774
       -3.09       9.159
       8.529      -4.702
      -9.535      -2.312
        5.51       8.205
        1.49      -9.843
      -7.803       6.295
       10.08      0.6331
      -7.051      -7.324
      0.2537       10.23
        6.77      -7.768
      -10.31       1.163
       8.441       6.145
      -2.087       -10.3
      -5.453       9.061
       10.21      -3.017
      -9.623      -4.698
       3.946       10.03
       3.886      -10.12
      -9.759       4.866
       10.55       3.022
      -5.768      -9.406
      -2.113       10.89
       8.969      -6.644
      -11.16      -1.165
       7.487       8.448
      0.1867      -11.35
      -7.846       8.287
       11.45      -0.815
      -9.038      -7.168
       1.832       11.45
       6.418      -9.732
      -11.37       2.856
       10.36         5.6
      -3.878      -11.19
       -4.72       10.92
       10.91       -4.89
      -11.41      -3.784
       5.882       10.55
         2.8      -11.81
      -10.09       6.847
       12.12       1.773
      -7.776       -9.54
     -0.7129       12.34
       8.905      -8.661
      -12.47      0.3725
       9.492       8.188
      -1.475      -12.51
      -7.393       10.26
       12.44      -2.585
      -10.97      -6.524
       3.695       12.27
       5.588      -11.59
         -12       4.794
       12.14       4.592
      -5.874      -11.64
      -3.543        12.6
       11.17      -6.926
      -12.97      -2.447
       7.941       10.61
       1.314      -13.24
       -9.95       8.909
       13.41      0.1531
      -9.822      -9.206
       1.028       13.47
       8.376      -10.67
      -13.44       2.219
       11.45       7.468
      -3.411      -13.29
      -6.487       12.15
       13.04      -4.594
      -12.76       -5.44
       5.758       12.68
       4.335      -13.29
      -12.22       6.895
       13.71       3.179
      -7.994      -11.65
      -1.982       14.04
       10.98      -9.045
      -14.26     -0.7518
       10.04       10.22
      -0.501      -14.37
      -9.368       10.97
       14.37      -1.767
      -11.83       -8.43
       3.037       14.25
       7.413       -12.6
      -14.02         4.3
       13.29       6.324
      -5.545      -13.68
      -5.171       13.88
       13.23      -6.765
      -14.37      -3.963
       7.946       12.67
       2.708      -14.76
         -12        9.08
       15.03       1.416
      -10.16      -11.23
    -0.09736       15.19
       10.36      -11.17
      -15.23       1.239
       12.11       9.405
      -2.581      -15.16
      -8.361       12.96
       14.96       -3.92
      -13.72      -7.238
       5.244       14.65
       6.045      -14.39
      -14.22       6.543
       14.95       4.792
      -7.806      -13.67
      -3.487       15.39
       13.01      -9.022
      -15.73       -2.14
       10.18       12.24
      0.7608      -15.95
      -11.36       11.27
       16.04     -0.6397
      -12.29      -10.39
       2.051       16.01
       9.327      -13.23
      -15.85       3.461
       14.07       8.179
      -4.861      -15.57
      -6.954       14.81
       15.17      -6.236
      -15.44      -5.663
       7.578       14.64
       4.314      -15.96
         -14       8.875
       16.36       2.917
      -10.12      -13.23
      -1.483       16.63
       12.36      -11.29
      -16.78    -0.02355
       12.39       11.38
      -1.451      -16.81
      -10.31       13.41
        16.7      -2.929
      -14.33       -9.14
         4.4       16.46
       7.891      -15.14
      -16.09       5.851
       15.85       6.569
       -7.27      -15.59
      -5.182       16.44
       14.97      -8.646
      -16.92      -3.743
       9.968       14.22
        2.26      -17.26
      -13.36       11.23
       17.47      0.7449
      -12.41      -12.38
       0.789       17.55
        11.3       -13.5
      -17.49       2.331
       14.51       10.12
      -3.869       -17.3
      -8.854        15.4
       16.97      -5.391
      -16.19      -7.506
       6.884       16.51
       6.089      -16.86
      -15.91       8.338
        17.4       4.612
       -9.74      -15.19
      -3.086       17.82
       14.34      -11.08
       -18.1      -1.522
       12.34       13.38
    -0.06682      -18.24
       -12.3       13.52
       18.24      -1.668
      -14.61      -11.11
        3.27        18.1
       9.836      -15.59
      -17.82       4.861
       16.46       8.471
      -6.426       -17.4
      -7.028       17.21
       16.84      -7.955
      -17.83       -5.52
       9.435       16.14
       3.955      -18.32
      -15.32       10.86
       18.67       2.348
       -12.2      -14.37
     -0.7101       18.87
        13.3      -13.46
      -18.94      0.9465
       14.63       12.12
      -2.609      -18.86
