      0.2975      -1.152
      -1.411      0.9171
       2.033      0.3389
      -1.466      -1.874
     -0.2064       2.653
       2.129       -1.99
      -3.148     0.03118
       2.504       2.249
     -0.3473      -3.553
       -2.26       3.009
       3.879     -0.7259
      -3.499      -2.178
       1.155       4.132
       2.013      -3.971
      -4.313       1.624
       4.417       1.772
      -2.123      -4.422
      -1.463       4.831
       4.461      -2.645
      -5.208      -1.091
        3.18       4.429
      0.6621      -5.541
      -4.326       3.721
       5.826      0.1828
      -4.259      -4.154
      0.3407       6.057
       3.914      -4.786
      -6.231      0.9018
       5.296       3.607
      -1.494      -6.343
      -3.236       5.781
       6.391       -2.11
      -6.233      -2.805
       2.742       6.373
       2.316      -6.647
      -6.286       3.384
       7.017       1.775
      -4.028      -6.129
      -1.185       7.335
       5.903      -4.667
      -7.599     -0.5528
       5.293       5.607
     -0.1164      -7.801
      -5.244       5.899
        7.94     -0.8164
      -6.477      -4.814
       1.541        8.01
        4.32      -7.021
       -8.01       2.282
       7.524       3.766
      -3.034      -7.937
      -3.155       7.979
        7.79      -3.788
      -8.381      -2.492
       4.538       7.568
       1.782      -8.724
      -7.271       5.276
       9.003        1.03
      -5.994      -6.899
     -0.2427       9.213
       6.456      -6.685
      -9.351      0.5733
       7.341       5.941
      -1.411      -9.413
       -5.36       7.956
       9.398      -2.263
      -8.522      -4.715
       3.122       9.302
        4.01      -9.033
      -9.124       3.981
       9.484       3.251
      -4.831      -8.865
      -2.443       9.868
       8.525      -5.664
      -10.18      -1.592
       6.474       8.104
      0.7053      -10.42
      -7.605       7.251
       10.57     -0.2111
      -7.989      -7.031
       1.149       10.65
       6.384       -8.68
      -10.63       2.101
       9.316       5.668
      -3.059      -10.53
      -4.889       9.892
       10.35      -4.014
       -10.4      -4.052
        4.96       10.07
       3.163      -10.84
      -9.705       5.886
       11.19       2.227
      -6.786      -9.253
      -1.253       11.47
       8.716       -7.65
      -11.66     -0.2483
        8.47       8.098
     -0.7796      -11.75
      -7.402        9.24
       11.76      -1.822
       -9.95      -6.631
       2.872       11.67
       5.793       -10.6
      -11.48       3.919
       11.17       4.891
      -4.955       -11.2
      -3.933       11.66
       10.83      -5.971
      -12.07      -2.924
       6.959       10.36
       1.875      -12.39
      -9.799       7.909
       12.62      0.7909
      -8.813       -9.15
      0.3185       12.76
       8.418      -9.662
      -12.79       1.445
       10.45       7.605
      -2.579      -12.72
      -6.719       11.17
       12.55      -3.712
      -11.81      -5.764
       4.835       12.28
       4.747      -12.37
       -11.9       5.938
       12.84       3.677
      -7.011      -11.43
       -2.56       13.22
       10.86      -8.046
      -13.49      -1.406
       9.034       10.19
      0.2228      -13.67
      -9.433       9.966
       13.74     -0.9804
      -10.83      -8.589
       2.194        13.7
       7.665      -11.63
      -13.56       3.408
       12.34       6.668
      -4.614       -13.3
      -5.602       12.97
       12.94        -5.8
      -13.51      -4.478
       6.958       12.47
       3.303      -13.94
      -11.89       8.076
       14.27       2.086
      -9.147      -11.22
     -0.8356        14.5
       10.45      -10.16
      -14.61      0.4382
       11.11        9.58
      -1.725      -14.62
      -8.629       11.98
        14.5      -3.016
      -12.77      -7.596
       4.301       14.27
       6.492      -13.47
      -13.93       5.568
       14.08       5.322
      -6.807      -13.48
      -4.096       14.58
       12.91      -8.008
      -14.97      -2.823
       9.162       12.23
       1.513      -15.26
      -11.45       10.26
       15.42      0.1742
      -11.29      -10.58
       1.182       15.47
       9.606      -12.24
       -15.4       2.545
       13.11       8.547
      -3.904       -15.2
      -7.411       13.89
       14.89      -5.248
      -14.56      -6.204
       6.566       14.45
       4.935      -15.13
       -13.9       7.848
       15.59       3.612
      -9.084      -13.23
      -2.248       15.94
       12.46      -10.26
      -16.16     -0.8502
       11.37       11.57
      -0.569      -16.26
      -10.59       12.41
       16.23          -2
      -13.36      -9.517
        3.43       16.08
       8.356      -14.21
       -15.8       4.848
       14.97       7.118
      -6.243       -15.4
      -5.812       15.61
       14.87      -7.604
      -16.14      -4.448
        8.92       14.22
       3.035      -16.55
      -13.45       10.18
       16.84       1.584
      -11.37      -12.57
     -0.1058       16.99
       11.59      -12.49
      -17.02       1.387
       13.52        10.5
      -2.884      -16.92
      -9.322       14.46
       16.68      -4.372
      -15.29      -8.061
       5.841       16.31
       6.725      -16.01
      -15.81       7.279
       16.61       5.325
      -8.675      -15.18
      -3.869       17.09
       14.43      -10.01
      -17.45       -2.37
       11.29       13.56
      0.8397      -17.67
      -12.58       12.49
       17.75     -0.7113
       -13.6      -11.49
       2.271        17.7
       10.31      -14.62
      -17.51       3.827
       15.53       9.028
      -5.367      -17.19
      -7.669       16.33
       16.72      -6.879
      -17.02      -6.239
       8.351       16.13
       4.746      -17.57
       -15.4       9.771
          18       3.206
      -11.13      -14.55
      -1.627       18.28
       13.58      -12.41
      -18.43    -0.02249
        13.6       12.49
      -1.596      -18.44
       -11.3       14.71
       18.31      -3.215
       -15.7      -10.02
       4.823       18.03
       8.639      -16.58
      -17.61       6.407
       17.35       7.184
      -7.954      -17.05
      -5.662       17.98
       16.35      -9.452
      -18.48      -4.085
       10.89       15.53
       2.463      -18.84
      -14.57       12.25
