     -0.8081      0.8733
     0.00841      -1.683
       1.384       1.527
      -2.369     -0.2199
       2.119      -1.608
      -0.522       2.867
      -1.676      -2.665
       3.246        0.89
      -3.176       1.629
       1.308      -3.528
       1.487       3.655
      -3.724      -1.766
         4.1      -1.263
      -2.252       3.841
     -0.9667      -4.506
        3.88       2.757
      -4.868      0.6059
       3.273      -3.843
       0.188       5.183
      -3.734      -3.791
       5.445      0.2795
      -4.303       3.554
      0.7897      -5.651
       3.305       4.802
      -5.797      -1.335
       5.279      -2.989
      -1.909        5.88
      -2.611      -5.729
       5.898       2.504
      -6.144       2.174
       3.112      -5.848
       1.682       6.517
       -5.73      -3.726
       6.844       -1.14
      -4.339       5.543
     -0.5529      -7.118
       5.287       4.942
      -7.334    -0.07343
       5.529      -4.964
      -0.733       7.489
      -4.575      -6.092
       7.579       1.419
      -6.625       4.121
       2.125      -7.601
       3.607        7.12
      -7.552      -2.844
       7.571      -3.036
      -3.569       7.431
      -2.413      -7.972
       7.236       4.292
      -8.317       1.741
       5.005      -6.969
       1.027       8.601
      -6.628      -5.702
        8.82     -0.2756
      -6.374       6.217
      0.5055      -8.969
       5.735       7.015
      -9.045       -1.31
       7.618      -5.187
      -2.131       9.045
      -4.575      -8.175
       8.968       2.961
      -8.681       3.905
       3.793      -8.811
       3.179       9.128
      -8.575      -4.618
       9.512      -2.405
      -5.429       8.259
      -1.586      -9.828
       7.864       6.219
      -10.07      0.7314
       6.979      -7.392
     -0.1537       10.23
      -6.845      -7.702
       10.32       1.062
       -8.38       6.227
       1.986      -10.32
       5.541       9.008
      -10.23      -2.917
       9.577      -4.792
      -3.848       10.06
      -3.984      -10.08
       9.806        4.77
      -10.52       3.125
       5.676      -9.462
       2.219       10.87
      -9.033      -6.556
       11.15      -1.274
      -7.404        8.52
     -0.2975      -11.35
       7.927        8.21
      -11.45     -0.7032
       8.968      -7.256
       -1.72       11.47
      -6.513      -9.669
       11.39       2.745
      -10.31       5.701
       3.769      -11.22
       4.826       10.88
      -10.96      -4.783
       11.37      -3.895
      -5.779        10.6
      -2.915      -11.78
       10.15       6.748
       -12.1       1.892
       7.683      -9.615
      0.8334       12.34
      -8.989      -8.573
       12.48      0.2506
      -9.412        8.28
       1.353      -12.52
       7.492       10.19
      -12.46      -2.464
        10.9      -6.631
      -3.575       12.31
      -5.701      -11.54
       12.05       4.677
      -12.09        4.71
        5.76      -11.69
       3.665       12.56
      -11.24      -6.817
       12.94      -2.574
      -7.837       10.68
      -1.443      -13.22
       10.04       8.811
      -13.41       0.284
       9.731      -9.301
     -0.8961       13.48
       -8.48      -10.59
       13.46       2.087
      -11.38        7.58
       3.281      -13.32
       6.606       12.09
      -13.08      -4.466
       12.71      -5.565
      -5.634       12.74
      -4.465      -13.25
       12.28       6.775
      -13.68       3.313
        7.88      -11.73
       2.119       14.02
      -11.07      -8.938
       14.25      -0.891
       -9.94       10.32
      0.3607      -14.37
       9.475       10.88
      -14.38      -1.627
       11.74      -8.545
      -2.897       14.28
      -7.535      -12.53
       14.07       4.162
      -13.23       6.454
       5.411      -13.74
       5.307       13.83
       -13.3      -6.635
       14.33      -4.103
      -7.822       12.75
      -2.852      -14.73
       12.09       8.963
      -15.02       1.563
       10.05      -11.33
      0.2457       15.19
      -10.47      -11.07
       15.24        1.09
      -12.01       9.523
       2.433      -15.18
       8.487       12.88
         -15      -3.773
       13.65      -7.372
        -5.1        14.7
      -6.186      -14.33
       14.28       6.404
       -14.9       4.938
       7.672      -13.74
       3.637       15.36
      -13.09      -8.894
       15.71      -2.293
      -10.06       12.34
     -0.9165      -15.94
       11.47       11.16
      -16.04      -0.483
       12.19      -10.51
      -1.894       16.03
      -9.456      -13.13
       15.89       3.306
      -13.98       8.316
       4.708      -15.62
       7.098       14.74
      -15.23      -6.088
       15.38      -5.813
      -7.435       14.72
      -4.469      -15.91
       14.08       8.738
      -16.33       3.077
       9.987      -13.33
       1.646       16.62
      -12.47      -11.17
       16.78     -0.1875
      -12.28        11.5
       1.287      -16.82
       10.44        13.3
      -16.73      -2.766
       14.24       -9.28
       -4.24        16.5
      -8.039      -15.07
       16.14       5.693
      -15.79       6.723
       7.117      -15.66
       5.343       16.39
      -15.05      -8.499
       16.88      -3.908
      -9.829       14.32
      -2.428      -17.24
       13.46       11.09
      -17.46      0.9155
       12.29       -12.5
     -0.6176       17.56
      -11.43      -13.39
       17.52        2.16
      -14.41       10.26
         3.7      -17.34
       9.004       15.32
      -17.02      -5.225
       16.12      -7.664
      -6.723       16.58
      -6.253       -16.8
       15.99       8.182
      -17.36       4.781
       9.591      -15.28
        3.26       17.79
      -14.45      -10.94
       18.08      -1.698
      -12.21        13.5
     -0.1113      -18.24
       12.43        13.4
      -18.26       -1.49
        14.5      -11.26
      -3.093       18.13
      -9.988      -15.49
       17.87       4.686
      -16.37       8.631
       6.256      -17.46
       7.196       17.14
      -16.92      -7.791
       17.77      -5.694
      -9.277       16.24
      -4.134      -18.28
       15.42       10.71
      -18.64        2.53
       12.06      -14.49
      0.8944       18.87
      -13.43      -13.33
       18.95      0.7615
      -14.51       12.26
       2.425      -18.88
