      0.6237       1.013
      -1.618     -0.4608
       1.843     -0.9227
     -0.8492       2.223
     -0.9786      -2.474
       2.621       1.274
      -3.017      0.8976
        1.73      -2.886
      0.7147       3.497
      -3.046      -2.209
       3.921     -0.4491
      -2.703       3.112
     -0.1136      -4.288
       3.093       3.202
        -4.6     -0.2811
       3.699      -2.995
     -0.7262       4.852
      -2.821      -4.186
       5.042       1.213
      -4.656       2.577
       1.734      -5.169
       2.265         5.1
       -5.23      -2.281
       5.514      -1.891
      -2.846       5.224
      -1.459      -5.889
        5.15       3.421
       -6.22      0.9738
       3.998      -5.007
      0.4412       6.502
      -4.795      -4.571
       6.729      0.1331
       -5.13       4.516
      0.7431      -6.898
       4.172        5.67
      -7.004      -1.382
       6.182      -3.763
      -2.044       7.044
      -3.293      -6.661
       7.016       2.721
      -7.098       2.767
       3.406      -6.918
       2.187       7.489
      -6.749      -4.092
       7.828      -1.559
      -4.771       6.508
     -0.8876      -8.109
       6.197       5.436
      -8.327      0.1789
        6.08      -5.815
     -0.5608       8.479
      -5.365      -6.695
        8.56       1.325
      -7.275        4.85
       2.107      -8.569
       4.272       7.812
      -8.502        -2.9
         8.3      -3.636
      -3.695       8.359
      -2.946      -8.733
       8.138       4.486
      -9.105       2.207
       5.265       -7.84
       1.425       9.411
      -7.466      -6.023
       9.647     -0.6062
      -6.755       7.016
      0.2432      -9.809
       6.494       7.451
      -9.892      -1.116
       8.105      -5.901
      -2.005       9.895
      -5.242       -8.71
       9.815       2.902
       -9.26       4.521
       3.799      -9.652
       3.743       9.747
      -9.404      -4.689
       10.17      -2.913
      -5.563       9.072
      -2.039      -10.51
       8.657       6.414
      -10.78       1.126
       7.233      -8.161
      0.1808       10.97
      -7.586      -8.012
       11.07      0.7883
      -8.745       6.936
       1.773      -11.08
       6.214       9.423
      -11.01      -2.766
       10.04      -5.426
      -3.759       10.84
      -4.576      -10.59
       10.58       4.742
      -11.06       3.671
       5.708      -10.23
       2.718       11.46
      -9.795      -6.649
       11.77      -1.723
      -7.555       9.269
     -0.6935         -12
       8.657       8.419
      -12.13     -0.3614
       9.232      -7.964
      -1.434       12.17
      -7.194      -9.987
       12.11       2.516
      -10.68       6.352
       3.598      -11.95
       5.443       11.29
      -11.69      -4.671
       11.83      -4.475
      -5.726       11.34
      -3.454      -12.28
       10.89       6.754
      -12.65       2.387
       7.746      -10.35
       1.283       12.92
      -9.711      -8.694
       13.09     -0.1502
      -9.589       8.987
       1.003      -13.16
       8.181       10.42
      -13.12      -2.167
       11.19      -7.297
      -3.333       12.99
       -6.34      -11.87
       12.75       4.491
      -12.48       5.319
       5.631       -12.4
        4.24          13
      -11.95      -6.745
       13.42      -3.111
      -7.822        11.4
       -1.94      -13.74
       10.75       8.853
      -13.96      0.7368
        9.83      -10.01
     -0.4906       14.07
      -9.175      -10.74
       14.07       1.731
      -11.59       8.258
       2.975      -13.96
       7.264       12.35
      -13.75      -4.214
       13.03      -6.199
      -5.436       13.42
       -5.07      -13.61
       12.97       6.633
      -14.09       3.887
       7.794      -12.43
       2.657       14.48
      -11.78      -8.909
       14.75      -1.391
      -9.968       11.02
    -0.09555      -14.91
       10.17       10.96
      -14.95      -1.216
       11.88      -9.234
      -2.534       14.88
       -8.21      -12.73
       14.69       3.849
      -13.48       7.109
       5.152      -14.39
        5.94       14.13
      -13.97      -6.429
       14.69       -4.71
      -7.671       13.43
      -3.428      -15.13
       12.78       8.867
      -15.46       2.103
       10.01      -12.03
       0.748       15.68
      -11.17      -11.09
       15.77      0.6291
      -12.09       10.22
       2.017      -15.75
       9.174       13.01
       -15.6      -3.405
       13.84      -8.047
      -4.782       15.32
      -6.843      -14.57
       14.93       6.137
      -15.19       5.574
       7.459      -14.41
       4.247       15.71
      -13.78      -8.737
        16.1      -2.872
       -9.96       13.03
      -1.461      -16.38
       12.17       11.12
      -16.53     0.02319
        12.2      -11.21
      -1.429       16.55
      -10.15      -13.21
       16.45       2.887
      -14.11       9.006
       4.336      -16.21
       7.776       14.92
      -15.85      -5.765
       15.62      -6.474
      -7.165       15.36
      -5.108      -16.21
       14.75       8.522
      -16.67       3.689
       9.827      -14.02
       2.228       17.01
      -13.17      -11.07
       17.23     -0.7355
      -12.23       12.21
       0.777      -17.31
       11.14       13.32
      -17.25      -2.298
       14.31      -9.983
      -3.816       17.07
      -8.734       -15.2
       16.74       5.318
      -15.97       7.406
       6.792      -16.29
       6.008       16.64
       -15.7      -8.228
       17.18      -4.551
      -9.612       14.99
      -3.045      -17.59
       14.16       10.93
      -17.86       1.503
       12.18       -13.2
    -0.06486       18.01
      -12.14      -13.35
       18.01       1.646
      -14.42       10.97
       3.229      -17.87
       9.713       15.39
       -17.6        -4.8
       16.25      -8.365
      -6.346       17.18
      -6.942      -16.99
       16.63       7.857
      -17.61       5.452
        9.32      -15.95
       3.908       18.09
      -15.13      -10.72
       18.44      -2.321
      -12.05        14.2
     -0.7027      -18.65
       13.14        13.3
      -18.71     -0.9353
       14.46      -11.98
      -2.578       18.64
      -10.71      -15.51
       18.41       4.214
      -16.46       9.348
       5.831      -18.04
       7.905       17.28
      -17.53      -7.415
