      -0.932     -0.7397
      0.2652       1.662
       1.135       -1.72
      -2.308      0.5791
        2.34       1.266
     -0.9538      -2.754
       -1.25       2.889
       3.072      -1.375
      -3.387      -1.125
       1.832       3.287
      0.9118      -3.839
      -3.411       2.314
       4.245      0.6224
      -2.812      -3.452
     -0.2674         4.6
       3.413      -3.317
      -4.904      0.1446
       3.821       3.299
     -0.6055      -5.151
      -3.112       4.316
       5.339      -1.108
      -4.795      -2.855
       1.643       5.465
       2.533       -5.25
      -5.525       2.205
       5.674       2.148
      -2.785       -5.52
      -1.706        6.06
       5.446      -3.375
      -6.404      -1.211
       3.968       5.304
      0.6674      -6.698
      -5.094       4.557
       6.937     0.08173
      -5.134      -4.816
      0.5403       7.118
       4.471      -5.691
      -7.237       1.192
       6.222       4.062
      -1.868       -7.29
      -3.591       6.719
       7.274       -2.56
      -7.177      -3.061
       3.261       7.187
       2.478      -7.587
      -7.029       3.964
       7.946       1.845
      -4.662      -6.799
      -1.167       8.247
       6.496      -5.346
      -8.485     -0.4505
        6.01       6.123
     -0.2987      -8.657
       -5.68       6.647
       8.758      -1.075
      -7.249      -5.171
       1.869       8.786
       4.597      -7.809
      -8.739       2.676
       8.321       3.963
      -3.487      -8.614
      -3.273       8.778
        8.41      -4.296
      -9.175      -2.533
       5.094       8.129
       1.748      -9.507
      -7.769       5.873
       9.768       0.924
      -6.627      -7.333
    -0.06684       9.955
       6.822      -7.347
      -10.06      0.8151
       8.026        6.24
      -1.715      -10.09
      -5.589       8.657
       10.03      -2.625
      -9.233      -4.874
       3.538       9.895
       4.101      -9.748
      -9.669       4.446
        10.2       3.273
       -5.34      -9.358
      -2.399       10.57
       8.963      -6.212
      -10.87      -1.483
       7.054       8.485
      0.5323      -11.09
      -7.926       7.859
       11.22     -0.4439
      -8.618       -7.29
       1.439       11.26
        6.58      -9.324
      -11.21       2.444
       9.971       5.802
      -3.451      -11.07
       -4.96       10.55
       10.84      -4.452
      -11.06       -4.06
       5.438       10.52
       3.109      -11.48
       -10.1         6.4
       11.83       2.113
       -7.33      -9.596
      -1.081       12.09
       9.005       -8.22
      -12.25    -0.02093
       9.061        8.33
       -1.06      -12.32
      -7.575       9.845
       12.29      -2.153
      -10.57      -6.746
       3.248       12.17
       5.849      -11.21
      -11.94       4.338
       11.79       4.889
      -5.412      -11.62
      -3.872       12.27
       11.19      -6.462
      -12.67      -2.808
       7.478       10.68
       1.703      -12.98
      -10.06       8.452
       13.18      0.5669
      -9.376      -9.361
      0.5926       13.29
       8.574      -10.24
      -13.29       1.766
       11.04       7.706
      -2.944      -13.19
      -6.764       11.76
       12.98      -4.118
       -12.4      -5.754
       5.277       12.67
       4.682      -12.95
      -12.25       6.411
       13.41       3.558
      -7.513      -11.73
      -2.389       13.77
        11.1      -8.571
      -14.03      -1.185
       9.578       10.39
    -0.04675      -14.18
      -9.576       10.52
       14.22      -1.295
       -11.4       -8.68
       2.551       14.15
       7.703       -12.2
      -13.97       3.804
       12.91       6.651
      -5.044      -13.67
      -5.533       13.53
       13.27      -6.261
      -14.06      -4.357
       7.446       12.75
       3.132      -14.48
      -12.13       8.588
       14.79       1.866
      -9.677       -11.4
     -0.5695       14.99
       10.58       -10.7
      -15.08       0.748
       11.66       9.664
      -2.076      -15.05
       -8.66       12.54
        14.9      -3.405
      -13.33      -7.576
       4.723       14.63
        6.42      -14.02
      -14.25       6.019
       14.62       5.201
      -7.285      -13.75
      -3.926        15.1
       13.13      -8.509
      -15.48      -2.605
        9.68       12.41
       1.249      -15.74
      -11.58       10.79
       15.87     -0.1318
      -11.83      -10.66
       1.528       15.89
       9.633      -12.78
      -15.78       2.927
       13.65       8.525
      -4.319      -15.55
      -7.339       14.42
        15.2      -5.693
      -15.09      -6.082
       7.038       14.72
       4.765      -15.65
      -14.12       8.342
       16.09       3.396
      -9.594      -13.41
      -1.987       16.41
       12.58      -10.79
      -16.61     -0.5476
       11.91       11.65
     -0.9109      -16.68
      -10.62       12.94
       16.62      -2.377
      -13.89      -9.493
        3.84       16.43
       8.284      -14.74
      -16.11       5.287
       15.49       6.997
      -6.709      -15.66
      -5.644       16.12
       15.09      -8.092
      -16.63      -4.234
       9.425       14.39
       2.777      -17.02
      -13.57        10.7
       17.28       1.285
       -11.9      -12.65
      0.2316        17.4
       11.61      -13.02
       -17.4       1.762
       14.05       10.48
      -3.291      -17.26
      -9.251       14.98
       16.98      -4.809
       -15.8      -7.942
       6.304       16.57
       6.559      -16.51
      -16.03       7.763
        17.1       5.113
      -9.175      -15.35
      -3.615       17.56
       14.56      -10.53
      -17.89      -2.075
       11.81       13.64
      0.5055      -18.08
      -12.61       13.02
       18.13      -1.081
      -14.13      -11.47
       2.676       18.04
       10.24      -15.14
      -17.82       4.259
       16.05       8.911
      -5.827      -17.45
      -7.506       16.84
       16.94      -7.358
       -17.5       -6.03
        8.85        16.3
       4.495      -18.03
      -15.53       10.28
       18.43       2.913
      -11.65      -14.63
      -1.296       18.69
       13.61      -12.93
      -18.81      0.3468
       14.13       12.48
      -1.996      -18.78
      -11.24       15.23
       18.61      -3.647
      -16.22      -9.902
       5.278       18.29
