      0.7351      0.9356
       -1.66     -0.2733
       1.726      -1.127
     -0.5904       2.305
      -1.254      -2.346
       2.749      0.9671
      -2.895       1.236
        1.39      -3.065
       1.109       3.393
      -3.278      -1.848
       3.844     -0.8929
       -2.33         3.4
     -0.6016      -4.248
       3.438       2.829
      -4.602      0.2449
       3.334      -3.397
     -0.1686       4.903
       -3.28      -3.837
       5.148      0.6307
      -4.332       3.091
       1.134      -5.333
       2.832       4.809
      -5.456       -1.67
       5.262      -2.507
      -2.232       5.515
       -2.12      -5.684
       5.506       2.812
      -6.069       1.676
       3.402       -5.43
       1.179       6.409
      -5.285      -3.994
       6.701     -0.6347
      -4.582       5.072
    -0.04785      -6.938
       4.791       5.158
      -7.116     -0.5751
       5.713      -4.443
      -1.228       7.231
      -4.031      -6.242
        7.28       1.904
      -6.737       3.558
       2.596      -7.261
       3.026       7.191
      -7.171      -3.296
       7.599      -2.441
      -3.998        7.01
      -1.806      -7.955
       6.776       4.695
      -8.252       1.127
       5.378       -6.47
      0.4091       8.487
      -6.094       -6.04
       8.655       0.341
      -6.675       5.648
       1.117      -8.753
       5.135       7.274
      -8.777      -1.912
       7.831      -4.559
      -2.719       8.725
      -3.922       -8.34
       8.596       3.529
      -8.794        3.23
       4.337      -8.389
       2.488       9.188
      -8.104      -5.133
       9.515      -1.702
      -5.911        7.74
     -0.8763      -9.772
         7.3       6.662
      -9.955     0.01822
        7.38      -6.786
     -0.8642       10.06
      -6.201      -8.056
       10.08       1.764
      -8.684       5.546
       2.674      -10.02
       4.829       9.257
      -9.877      -3.587
       9.768      -4.053
      -4.493       9.647
      -3.224      -10.21
       9.332       5.385
      -10.58       2.347
       6.255      -8.932
        1.43       10.88
       -8.45      -7.095
       11.09     -0.4781
      -7.897       7.888
      0.4987      -11.21
       7.248       8.653
      -11.25      -1.494
       9.356      -6.535
      -2.499        11.2
      -5.753      -9.999
       11.05       3.505
      -10.57       4.908
       4.505      -10.82
       4.006       11.08
      -10.49      -5.489
        11.5      -3.053
      -6.449       10.07
      -2.056      -11.84
        9.56       7.377
      -12.09       1.022
       8.264      -8.964
     -0.0389       12.25
      -8.285      -9.101
       12.31        1.12
      -9.882       7.527
       2.213      -12.28
       6.695        10.6
      -12.15      -3.308
       11.24      -5.794
      -4.396       11.92
      -4.831      -11.81
       11.59       5.468
      -12.29       3.812
       6.516      -11.16
       2.746       12.69
      -10.64       -7.53
       12.98       -1.64
      -8.501       10.02
     -0.5025      -13.19
       9.315       9.422
      -13.29     -0.6575
       10.28      -8.524
      -1.831       13.28
      -7.652      -11.07
       13.17       3.009
      -11.79       6.707
       4.181      -12.96
       5.693       12.43
      -12.64      -5.338
       12.98      -4.619
      -6.471       12.22
      -3.492      -13.43
       11.69        7.57
      -13.78       2.322
       8.625      -11.06
       1.116       14.03
      -10.34      -9.629
       14.18       0.116
      -10.57       9.525
       1.365      -14.21
       8.624       11.44
      -14.14       -2.62
       12.23      -7.643
      -3.872       13.95
      -6.588      -12.94
       13.65       5.111
      -13.56       5.467
       6.326      -13.24
       4.289       14.08
      -12.71      -7.508
       14.49      -3.061
      -8.647       12.09
      -1.794       -14.8
       11.36       9.732
      -14.99      0.4963
       10.76      -10.53
     -0.8217       15.07
      -9.607      -11.71
       15.04        2.15
      -12.58       8.599
       3.477      -14.88
       7.511       13.36
      -14.61      -4.794
       14.05      -6.352
      -6.089       14.22
      -5.129      -14.64
       13.71       7.352
      -15.12       3.852
       8.573      -13.09
        2.53       15.49
      -12.36      -9.741
       15.74      -1.173
      -10.85       11.53
      0.2093      -15.87
        10.6       11.88
      -15.88      -1.605
       12.83       -9.57
      -3.004       15.77
      -8.458      -13.69
       15.53       4.395
      -14.46       7.268
       5.767      -15.17
       6.008       15.12
      -14.68       -7.11
       15.67      -4.688
      -8.411       14.08
      -3.318      -16.11
       13.36       9.659
      -16.42       1.907
       10.85      -12.53
      0.4665       16.61
      -11.59      -11.96
       16.67      0.9924
         -13       10.55
       2.458       -16.6
       9.426       13.94
      -16.41       -3.92
       14.78      -8.212
      -5.366       16.08
      -6.922      -15.52
       15.63       6.786
      -16.14       5.565
       8.164      -15.05
       4.153       16.65
      -14.34      -9.496
       17.03      -2.694
      -10.76       13.52
        -1.2      -17.28
       12.59       11.96
       -17.4     -0.3166
       13.08      -11.55
      -1.848       17.39
      -10.41       -14.1
       17.24       3.374
      -15.03       9.178
       4.893      -16.96
       7.865       15.84
      -16.54      -6.383
       16.54      -6.479
      -7.842       15.99
       -5.03      -17.12
       15.31       9.249
      -17.58       3.529
        10.6      -14.51
       1.988        17.9
      -13.58      -11.88
       18.08     -0.4172
      -13.08       12.55
        1.17      -18.12
        11.4       14.19
      -18.03      -2.764
       15.19      -10.16
      -4.346       17.79
      -8.833      -16.09
       17.42       5.912
      -16.87       7.423
       7.441      -16.91
       5.944       17.53
      -16.26      -8.929
       18.06      -4.407
      -10.36       15.48
      -2.823      -18.45
       14.57       11.72
       -18.7       1.205
          13      -13.55
     -0.4387       18.81
      -12.41      -14.19
       18.77       2.087
      -15.28       11.16
       3.737      -18.59
       9.822       16.26
      -18.26      -5.367
