     -0.2131       1.171
      -0.896      -1.424
       1.987       0.545
      -2.117       1.086
      0.9252      -2.494
       1.099         2.7
      -2.844      -1.349
       3.216     -0.9911
      -1.805       3.079
     -0.7894      -3.679
       3.217       2.286
       -4.09      0.5091
       2.781      -3.266
      0.1615       4.449
      -3.234      -3.283
       4.753      0.2439
      -3.782       3.124
      0.6985      -4.999
        2.94       4.272
      -5.185      -1.194
       4.745      -2.687
      -1.723       5.308
      -2.367      -5.192
       5.366       2.278
      -5.608       1.985
        2.85      -5.356
       1.545       5.986
      -5.278      -3.432
        6.32      -1.053
      -4.017       5.132
     -0.5132      -6.605
       4.917       4.596
      -6.835    -0.06832
       5.162      -4.635
     -0.6856       7.006
      -4.287      -5.709
       7.114       1.332
      -6.228       3.875
       2.001      -7.156
       3.401       6.713
       -7.13      -2.685
       7.157       -2.87
      -3.378       7.033
      -2.286      -7.554
       6.865       4.071
      -7.899       1.653
       4.758      -6.625
      0.9771       8.185
      -6.314      -5.431
       8.409     -0.2629
      -6.083       5.933
      0.4827      -8.566
       5.483       6.706
      -8.653      -1.253
       7.294      -4.966
      -2.042       8.667
      -4.387      -7.839
       8.605       2.841
      -8.335       3.749
       3.644      -8.465
       3.057       8.776
      -8.249      -4.442
       9.156      -2.315
      -5.229       7.954
      -1.529       -9.47
       7.582       5.996
      -9.714      0.7057
       6.736      -7.134
     -0.1484       9.882
      -6.613      -7.441
       9.973       1.026
      -8.104       6.022
       1.921      -9.983
       5.363       8.718
       -9.91      -2.824
       9.276      -4.642
      -3.729       9.752
      -3.863      -9.773
        9.51       4.626
       -10.2       3.032
       5.508      -9.183
       2.155       10.56
      -8.773      -6.367
       10.83      -1.238
      -7.195        8.28
     -0.2896      -11.03
       7.709       7.984
      -11.14     -0.6837
       8.726      -7.061
      -1.674       11.16
      -6.341      -9.414
        11.1       2.673
      -10.04       5.554
       3.672      -10.94
       4.704        10.6
      -10.68      -4.663
       11.09      -3.799
      -5.637       10.34
      -2.844      -11.49
       9.909       6.586
      -11.81       1.847
       7.501      -9.388
      0.8147       12.05
      -8.781      -8.374
       12.19      0.2441
      -9.197       8.092
       1.321      -12.24
       7.325       9.962
      -12.19      -2.409
       10.66      -6.485
      -3.497       12.04
      -5.578      -11.29
       11.79       4.576
      -11.84        4.61
       5.639      -11.45
       3.589        12.3
         -11      -6.675
       12.68      -2.521
      -7.677       10.47
      -1.415      -12.96
       9.836       8.634
      -13.14      0.2792
       9.539      -9.118
     -0.8785       13.22
      -8.316      -10.38
        13.2       2.047
      -11.16       7.435
       3.219      -13.07
       6.481       11.86
      -12.84      -4.383
       12.48      -5.462
       -5.53        12.5
      -4.383         -13
       12.06       6.652
      -13.44       3.254
       7.738      -11.52
       2.082       13.77
      -10.88      -8.779
          14     -0.8763
      -9.767       10.14
      0.3544      -14.12
       9.312       10.69
      -14.14      -1.599
       11.55        -8.4
      -2.849       14.04
       -7.41      -12.32
       13.83       4.093
      -13.01       6.347
       5.323      -13.51
        5.22       13.61
      -13.08      -6.527
        14.1      -4.038
      -7.697       12.54
      -2.808       -14.5
        11.9       8.821
      -14.78       1.539
       9.891      -11.15
      0.2419       14.95
      -10.31       -10.9
       15.01       1.073
      -11.83       9.378
       2.396      -14.95
        8.36       12.68
      -14.78      -3.717
       13.45      -7.263
      -5.025       14.48
      -6.096      -14.12
       14.07        6.31
      -14.68       4.867
        7.56      -13.55
       3.586       15.14
      -12.91      -8.768
       15.49      -2.261
       -9.92       12.16
     -0.9036      -15.71
       11.31       11.01
      -15.82     -0.4763
       12.02      -10.37
      -1.868       15.81
      -9.327      -12.95
       15.67       3.261
       -13.8       8.204
       4.644      -15.41
       7.004       14.54
      -15.03      -6.006
       15.18      -5.737
      -7.337       14.52
      -4.411      -15.71
        13.9       8.625
      -16.12       3.037
       9.859      -13.16
       1.625       16.41
      -12.31      -11.03
       16.57     -0.1851
      -12.13       11.36
       1.271      -16.61
       10.31       13.14
      -16.52      -2.732
       14.06      -9.166
      -4.187        16.3
      -7.942      -14.88
       15.95       5.623
       -15.6       6.643
       7.031      -15.47
       5.279        16.2
      -14.87      -8.398
       16.68      -3.861
      -9.713       14.15
        -2.4      -17.03
       13.31       10.96
      -17.26      0.9059
       12.14      -12.36
     -0.6094       17.35
       -11.3      -13.24
       17.32       2.134
      -14.24       10.15
       3.658      -17.14
       8.902       15.15
      -16.83      -5.166
       15.94      -7.578
      -6.648       16.39
      -6.184      -16.61
       15.82       8.092
      -17.17       4.729
       9.486      -15.12
       3.224       17.59
      -14.29      -10.82
       17.89      -1.681
      -12.08       13.35
     -0.1112      -18.04
        12.3       13.26
      -18.06      -1.473
       14.35      -11.14
      -3.061       17.94
      -9.883      -15.33
       17.68       4.637
       -16.2       8.542
       6.191      -17.28
       7.122       16.96
      -16.74      -7.711
       17.59      -5.636
      -9.183       16.07
      -4.093      -18.09
       15.27        10.6
      -18.45       2.506
       11.94      -14.34
      0.8866       18.68
       -13.3       -13.2
       18.76       0.754
      -14.37       12.14
       2.401       -18.7
       10.88       15.44
      -18.49      -4.042
        16.4      -9.527
      -5.665       18.14
      -8.089      -17.23
