      -1.185      0.1099
        1.34       1.017
     -0.3691      -2.028
      -1.267       2.014
       2.566     -0.7035
      -2.593       -1.33
       1.095       2.952
       1.268      -3.117
      -3.225       1.529
       3.596       1.108
      -1.996      -3.404
     -0.8647        4.03
       3.497      -2.485
      -4.418     -0.5498
       2.987       3.509
      0.1726      -4.756
      -3.443       3.495
       5.041     -0.2587
      -3.999      -3.303
      0.7363        5.27
       3.091      -4.491
      -5.438       1.252
       4.965       2.812
        -1.8      -5.544
      -2.468       5.413
       5.585      -2.371
      -5.828      -2.063
       2.957       5.558
       1.602      -6.204
      -5.464       3.553
       6.535       1.089
      -4.148        -5.3
     -0.5295       6.814
       5.069      -4.737
      -7.039     0.07047
       5.312       4.769
     -0.7049      -7.203
      -4.404       5.865
       7.304      -1.368
       -6.39      -3.975
       2.051       7.337
       3.485      -6.878
      -7.302        2.75
       7.325       2.938
      -3.455      -7.195
      -2.338       7.724
       7.016      -4.161
      -8.068      -1.689
       4.858       6.765
      0.9971      -8.354
      -6.442       5.541
       8.576      0.2681
      -6.201      -6.048
       0.492        8.73
       5.585      -6.832
      -8.812       1.276
       7.425       5.056
      -2.078       -8.82
      -4.463       7.975
       8.752       -2.89
      -8.475      -3.812
       3.704       8.605
       3.106      -8.919
      -8.381       4.513
         9.3       2.351
       -5.31      -8.077
      -1.552       9.615
       7.696      -6.086
      -9.857     -0.7161
       6.834       7.239
     -0.1506      -10.02
      -6.707       7.546
       10.11      -1.041
      -8.215      -6.105
       1.947       10.12
       5.435      -8.835
      -10.04       2.862
       9.398       4.702
      -3.777      -9.878
      -3.912       9.897
       9.629      -4.684
      -10.33      -3.069
       5.576       9.296
       2.181      -10.68
      -8.878       6.444
       10.96       1.253
      -7.279      -8.377
     -0.2929       11.16
       7.797      -8.075
      -11.27      0.6914
       8.823        7.14
      -1.693      -11.29
       -6.41       9.517
       11.21      -2.702
      -10.15      -5.613
       3.711       11.05
       4.753      -10.71
       -10.8       4.711
        11.2       3.838
      -5.694      -10.45
      -2.872       11.61
       10.01      -6.651
      -11.93      -1.865
       7.574        9.48
      0.8225      -12.16
      -8.865       8.454
       12.31     -0.2464
      -9.283      -8.168
       1.334       12.35
       7.392      -10.05
       -12.3       2.431
       10.76       6.544
      -3.528      -12.15
      -5.628       11.39
       11.89      -4.617
      -11.94      -4.651
       5.688       11.54
        3.62      -12.41
       -11.1       6.732
       12.78       2.542
      -7.741      -10.55
      -1.427       13.06
       9.917      -8.705
      -13.25     -0.2806
       9.616       9.192
     -0.8856      -13.33
      -8.382       10.47
        13.3      -2.063
      -11.25      -7.493
       3.244       13.17
       6.531      -11.95
      -12.94       4.416
       12.57       5.503
      -5.572       -12.6
      -4.416        13.1
       12.15      -6.702
      -13.54      -3.278
       7.795        11.6
       2.097      -13.87
      -10.95       8.843
        14.1      0.8817
      -9.837      -10.21
      0.3569       14.22
       9.377      -10.77
      -14.24        1.61
       11.63       8.458
      -2.868      -14.14
       -7.46        12.4
       13.93      -4.121
       -13.1       -6.39
       5.358        13.6
       5.255       -13.7
      -13.17        6.57
        14.2       4.064
      -7.747      -12.63
      -2.825       14.59
       11.98      -8.878
      -14.88      -1.548
       9.954       11.23
      0.2434      -15.05
      -10.38       10.97
       15.11       -1.08
       -11.9      -9.436
       2.411       15.05
       8.411      -12.76
      -14.87        3.74
       13.53       7.307
      -5.055      -14.57
      -6.132        14.2
       14.16      -6.347
      -14.77      -4.896
       7.606       13.63
       3.606      -15.23
      -12.98       8.819
       15.57       2.274
      -9.977      -12.23
     -0.9088        15.8
       11.38      -11.07
      -15.91       0.479
       12.09       10.42
      -1.879       -15.9
      -9.379       13.03
       15.76      -3.279
      -13.87      -8.249
        4.67        15.5
       7.042      -14.62
      -15.11       6.039
       15.26       5.767
      -7.377       -14.6
      -4.434       15.79
       13.97       -8.67
       -16.2      -3.053
        9.91       13.23
       1.633      -16.49
      -12.38       11.09
       16.66      0.1861
      -12.19      -11.42
       1.277       16.69
       10.36      -13.21
       -16.6       2.746
       14.13       9.212
      -4.207      -16.38
      -7.981       14.96
       16.03      -5.652
      -15.67      -6.675
       7.066       15.55
       5.304      -16.28
      -14.94       8.439
       16.76        3.88
      -9.759      -14.21
      -2.411       17.11
       13.37      -11.02
      -17.34     -0.9101
        12.2       12.41
     -0.6123      -17.44
      -11.35        13.3
        17.4      -2.145
      -14.31      -10.19
       3.675       17.22
       8.943      -15.21
      -16.91        5.19
       16.01       7.613
      -6.678      -16.47
      -6.212       16.69
       15.89      -8.128
      -17.24       -4.75
       9.528       15.18
       3.238      -17.67
      -14.36       10.87
       17.97       1.688
      -12.13      -13.41
     -0.1117       18.12
       12.35      -13.32
      -18.14       1.481
       14.41       11.19
      -3.074      -18.02
      -9.925       15.39
       17.76      -4.657
      -16.27      -8.578
       6.217       17.35
       7.152      -17.03
      -16.81       7.743
       17.66       5.659
      -9.221      -16.14
       -4.11       18.16
       15.33      -10.64
      -18.53      -2.516
       11.99        14.4
       0.889      -18.75
      -13.35       13.25
       18.84      -0.757
      -14.43      -12.19
        2.41       18.77
       10.92       -15.5
      -18.56       4.058
       16.46       9.565
