       -1.14      0.3393
      0.8651      -1.443
      0.4127       2.019
      -1.926      -1.397
       2.643     -0.3028
      -1.911         2.2
    -0.08349      -3.147
       2.338        2.42
      -3.563     -0.2177
       2.924      -2.368
     -0.5841       3.903
      -2.304      -3.418
       4.171       1.004
      -3.895       2.156
       1.466      -4.369
       1.932        4.35
      -4.497      -1.961
       4.775      -1.638
      -2.481       4.555
       -1.28      -5.165
       4.542       3.017
      -5.514      0.8634
       3.561      -4.459
      0.3948       5.816
      -4.306      -4.104
       6.066      0.1198
      -4.641       4.085
      0.6744       -6.26
       3.797       5.161
      -6.394      -1.262
       5.659      -3.444
      -1.876       6.464
       -3.03      -6.127
       6.468       2.508
      -6.558       2.557
       3.153      -6.405
       2.029       6.947
      -6.272      -3.803
       7.287      -1.451
      -4.449       6.069
     -0.8292      -7.573
       5.797       5.085
        -7.8      0.1676
       5.704      -5.455
     -0.5268       7.964
      -5.046      -6.297
       8.061       1.248
      -6.859       4.573
       1.989      -8.088
       4.037       7.381
      -8.042      -2.743
       7.859      -3.443
      -3.502       7.923
      -2.795      -8.285
       7.728        4.26
      -8.653       2.098
       5.008      -7.458
       1.357       8.959
      -7.113      -5.739
       9.198      -0.578
      -6.445       6.695
      0.2322      -9.366
       6.205        7.12
      -9.459      -1.067
       7.755      -5.646
      -1.919       9.474
      -5.022      -8.344
       9.409       2.781
      -8.881       4.337
       3.646      -9.263
       3.594       9.359
      -9.035      -4.505
       9.772      -2.801
       -5.35       8.726
      -1.962      -10.12
       8.335       6.175
      -10.38       1.084
        6.97      -7.864
      0.1743       10.57
      -7.317      -7.728
       10.68      0.7603
      -8.441       6.696
       1.712       -10.7
       6.004       9.103
      -10.64      -2.673
       9.707      -5.246
      -3.635       10.49
      -4.428      -10.25
       10.24        4.59
      -10.71       3.555
       5.529      -9.912
       2.633        11.1
      -9.494      -6.444
       11.41       -1.67
      -7.327       8.989
     -0.6728      -11.64
       8.401        8.17
      -11.77     -0.3508
       8.964      -7.733
      -1.393       11.82
       -6.99      -9.702
       11.77       2.445
      -10.38       6.174
       3.498      -11.62
       5.294       10.98
      -11.38      -4.543
       11.51      -4.354
      -5.573       11.04
      -3.362      -11.96
       10.61       6.577
      -12.32       2.325
       7.546      -10.08
        1.25       12.59
      -9.465      -8.473
       12.76     -0.1464
      -9.349       8.764
       0.978      -12.83
       7.981       10.17
      -12.81      -2.114
       10.92      -7.121
      -3.252       12.68
       -6.19      -11.59
       12.45       4.384
      -12.19       5.195
         5.5      -12.11
       4.142        12.7
      -11.68       -6.59
       13.11       -3.04
      -7.646       11.14
      -1.897      -13.43
       10.51       8.657
      -13.65      0.7206
       9.616      -9.789
     -0.4792       13.76
      -8.977      -10.51
       13.77       1.693
      -11.34       8.083
       2.912      -13.67
       7.112       12.09
      -13.46      -4.126
       12.76      -6.071
      -5.325       13.14
      -4.967      -13.33
       12.71       6.499
      -13.81       3.809
       7.638      -12.18
       2.605       14.19
      -11.54      -8.733
       14.46      -1.363
      -9.774       10.81
     -0.0946      -14.62
       9.978       10.75
      -14.67      -1.192
       11.66      -9.059
      -2.486        14.6
      -8.056      -12.49
       14.42       3.778
      -13.23       6.978
       5.056      -14.13
       5.832       13.87
      -13.71      -6.311
       14.42      -4.625
      -7.532       13.19
      -3.367      -14.86
       12.56       8.711
      -15.19       2.067
       9.834      -11.82
      0.7359        15.4
      -10.98      -10.89
        15.5      0.6173
      -11.88       10.04
       1.983      -15.48
       9.019       12.79
      -15.33      -3.348
       13.61      -7.912
      -4.702       15.07
       -6.73      -14.33
       14.68       6.035
      -14.94       5.483
       7.337      -14.18
       4.178       15.45
      -13.56      -8.596
       15.85      -2.827
      -9.802       12.82
      -1.438      -16.12
       11.98       10.94
      -16.27     0.02382
       12.01      -11.04
      -1.407        16.3
      -9.997         -13
        16.2       2.841
       -13.9       8.868
       4.269      -15.97
       7.659        14.7
      -15.61      -5.678
       15.39      -6.377
      -7.058       15.14
      -5.033      -15.97
       14.53       8.396
      -16.43       3.636
       9.683      -13.81
       2.197       16.77
      -12.98      -10.91
       16.98     -0.7249
      -12.06       12.03
       0.766      -17.06
       10.99       13.13
      -17.01      -2.265
       14.11      -9.843
      -3.762       16.83
      -8.613      -14.98
       16.51       5.243
      -15.75       7.304
       6.698      -16.07
       5.927       16.41
      -15.49      -8.116
       16.94      -4.489
      -9.482       14.79
      -3.004      -17.35
       13.97       10.79
      -17.63       1.483
       12.02      -13.03
    -0.06401       17.77
      -11.98      -13.17
       17.77       1.624
      -14.23       10.83
       3.186      -17.64
       9.588       15.19
      -17.37      -4.737
       16.04      -8.259
      -6.265       16.96
      -6.854      -16.78
       16.42       7.758
      -17.39       5.384
       9.203      -15.75
       3.859       17.87
      -14.95      -10.59
       18.21      -2.292
      -11.91       14.02
     -0.6941      -18.42
       12.98       13.14
      -18.49     -0.9228
       14.28      -11.83
      -2.546       18.41
      -10.58      -15.33
       18.19       4.163
      -16.26       9.238
       5.761      -17.83
       7.811       17.07
      -17.33      -7.328
       17.76      -6.314
       -8.85       16.69
      -4.756      -18.32
       15.91       10.32
      -18.74       3.148
       11.71      -15.01
