      0.7239     -0.9443
      -1.657      0.2931
       1.739       1.106
     -0.6178      -2.298
      -1.226       2.361
       2.738     -0.9999
       -2.91      -1.201
       1.427       3.048
       1.068      -3.406
      -3.255       1.887
       3.854      0.8471
      -2.371      -3.372
     -0.5511       4.254
       3.404      -2.869
      -4.604     -0.1901
       3.374       3.357
      -0.227      -4.901
      -3.234       3.876
        5.14      -0.692
      -4.368      -3.039
       1.197       5.319
       2.774      -4.842
      -5.436       1.735
       5.292       2.444
      -2.297      -5.488
      -2.053       5.709
       5.472      -2.877
      -6.088      -1.604
       3.466       5.389
       1.103      -6.423
      -5.237       4.057
       6.708      0.5548
      -4.642      -5.017
     0.03483       6.938
       4.729      -5.214
      -7.108      0.6599
       5.766       4.375
      -1.314      -7.216
      -3.956        6.29
       7.257       -1.99
      -6.779      -3.477
       2.682        7.23
        2.94      -7.227
      -7.131       3.381
       7.628        2.35
      -4.082      -6.961
      -1.711       7.976
       6.719      -4.775
      -8.265      -1.028
       5.455       6.406
      0.3078      -8.491
      -6.021       6.113
       8.651     -0.4442
      -6.742      -5.568
       1.221       8.739
       5.048      -7.335
      -8.754       2.016
       7.885       4.465
      -2.822      -8.693
      -3.823       8.386
       8.554      -3.632
      -8.832      -3.126
       4.436       8.337
       2.379      -9.217
      -8.042       5.229
       9.535       1.588
      -6.003      -7.669
     -0.7596       9.782
        7.22      -6.749
      -9.954     0.09996
        7.46       6.698
     -0.9836      -10.05
      -6.104       8.129
       10.06      -1.884
      -8.749      -5.443
       2.794       9.989
       4.719      -9.314
      -9.834       3.704
       9.815       3.936
      -4.607      -9.593
      -3.102       10.25
       9.267      -5.496
      -10.61       -2.22
       6.362       8.857
         1.3      -10.89
      -8.365       7.196
       11.09      0.3465
      -7.991      -7.793
      0.6318       11.21
       7.144      -8.739
      -11.23       1.627
       9.434       6.423
      -2.632      -11.17
      -5.634       10.07
       11.01      -3.637
      -10.63      -4.782
       4.633       10.76
       3.874      -11.12
      -10.42       5.614
       11.54       2.916
      -6.569      -9.992
      -1.915       11.86
       9.471      -7.491
       -12.1     -0.8788
        8.37       8.865
     -0.1843      -12.25
      -8.176       9.199
        12.3      -1.267
      -9.971      -7.409
       2.359       12.25
       6.568      -10.68
      -12.11       3.452
       11.31        5.66
      -4.537      -11.87
       -4.69       11.87
       11.52      -5.606
      -12.34      -3.666
       6.649       11.08
       2.595      -12.72
      -10.55       7.656
          13       1.486
       -8.62       -9.92
     -0.3459       13.19
       9.203      -9.532
      -13.28      0.8156
       10.38       8.401
      -1.989      -13.26
       -7.52       11.17
       13.14      -3.165
      -11.87      -6.566
       4.335       12.91
       5.545      -12.49
      -12.58       5.489
       13.03       4.464
      -6.617      -12.14
      -3.333       13.47
        11.6      -7.709
      -13.81      -2.158
       8.757       10.96
      0.9489      -14.05
      -10.22       9.751
       14.18     -0.2847
      -10.68      -9.398
       1.534        14.2
       8.487      -11.54
       -14.1       2.788
       12.32       7.497
      -4.038       -13.9
      -6.433       13.02
       13.58      -5.273
      -13.62      -5.306
       6.483       13.16
       4.121      -14.13
      -12.62       7.659
       14.53       2.889
       -8.79      -11.98
      -1.618       14.82
       11.24      -9.867
         -15     -0.3178
       10.88        10.4
      -1.001      -15.06
      -9.467       11.82
       15.01      -2.329
      -12.68      -8.449
       3.655       14.84
       7.352      -13.45
      -14.55       4.968
       14.13       6.184
      -6.258      -14.15
      -4.955        14.7
       13.62      -7.515
      -15.17      -3.672
       8.728       12.99
       2.345      -15.52
      -12.25       9.887
       15.75      0.9851
      -10.98       -11.4
      0.3982       15.87
       10.46         -12
      -15.86       1.794
       12.94       9.417
      -3.192      -15.73
      -8.295       13.79
       15.48       -4.58
      -14.54      -7.096
       5.948        15.1
       5.828      -15.19
       -14.6       7.284
       15.73       4.501
      -8.578      -13.98
      -3.126       16.14
       13.24      -9.818
      -16.44      -1.711
          11        12.4
      0.2688      -16.61
      -11.45        12.1
       16.66      -1.191
      -13.12       -10.4
       2.656       16.57
       9.259      -14.05
      -16.36       4.116
       14.88       8.035
      -5.558      -16.02
      -6.736        15.6
       15.54      -6.971
      -16.21      -5.373
       8.344       14.95
       3.954       -16.7
      -14.23       9.665
       17.06       2.491
      -10.92      -13.39
     -0.9946        17.3
       12.44      -12.11
       -17.4      0.5238
       13.21       11.39
      -2.053      -17.37
      -10.24       14.22
        17.2       -3.58
      -15.13      -8.998
       5.093        16.9
       7.676      -15.94
      -16.46       6.581
       16.62       6.281
      -8.031      -15.89
      -4.826       17.18
        15.2      -9.431
      -17.62      -3.319
       10.77       14.38
       1.774      -17.92
      -13.44       12.04
       18.08       0.202
      -13.23      -12.39
       1.387       18.11
       11.23      -14.32
         -18       2.977
       15.31       9.981
      -4.558      -17.74
      -8.641       16.19
       17.35      -6.118
      -16.96      -7.222
       7.643       16.82
       5.735       -17.6
      -16.15       9.121
       18.11       4.192
      -10.54      -15.35
      -2.604       18.48
       14.43      -11.89
      -18.71     -0.9809
       13.16       13.39
     -0.6614       -18.8
      -12.24       14.34
       18.75      -2.312
      -15.41      -10.98
       3.957       18.55
       9.628      -16.38
       -18.2       5.585
