       1.104      0.4431
     -0.7282      -1.517
     -0.5973       1.972
       2.047      -1.213
      -2.604     -0.5455
         1.7       2.368
      0.3736      -3.126
      -2.552       2.194
       3.568      0.1121
      -2.693      -2.627
      0.2214        3.94
       2.609      -3.191
      -4.246      0.6142
       3.679       2.506
      -1.056      -4.486
      -2.325       4.153
       4.659      -1.537
      -4.603      -2.072
        2.05       4.764
       1.751      -5.025
      -4.801       2.585
        5.41       1.369
      -3.134      -4.769
       -0.93       5.754
       4.667      -3.689
      -6.051     -0.4405
       4.244       4.496
    -0.09358      -6.295
      -4.257       4.788
       6.483     -0.6662
      -5.317      -3.952
       1.271        6.61
       3.582      -5.821
      -6.672       1.901
       6.294       3.151
      -2.549      -6.669
      -2.662        6.73
       6.596      -3.207
      -7.122      -2.118
        3.87       6.454
       1.525      -7.464
      -6.241       4.528
       7.752      0.8871
      -5.176      -5.958
     -0.2107       7.979
       5.606      -5.804
      -8.142      0.4986
       6.407       5.186
      -1.234      -8.237
      -4.701       6.977
       8.261      -1.989
      -7.507      -4.154
       2.756       8.212
       3.548      -7.991
      -8.088       3.528
       8.423       2.888
      -4.298      -7.888
      -2.178       8.796
       7.612      -5.058
      -9.106      -1.425
         5.8       7.261
      0.6332      -9.347
      -6.835       6.517
       9.517     -0.1894
      -7.201      -6.338
       1.037        9.61
       5.771      -7.845
      -9.626       1.901
       8.443       5.138
      -2.775       -9.56
      -4.443       8.987
       9.413      -3.651
      -9.472      -3.691
       4.522       9.182
       2.887      -9.891
      -8.869       5.379
       10.24       2.038
      -6.214      -8.474
      -1.149       10.51
       7.999      -7.019
      -10.71     -0.2288
       7.787       7.446
     -0.7168      -10.82
      -6.818        8.51
       10.84       -1.68
      -9.181       -6.12
       2.651       10.78
       5.355      -9.793
      -10.62       3.624
       10.34       4.529
       -4.59      -10.38
      -3.647       10.81
       10.05       -5.54
      -11.21      -2.716
       6.466       9.627
       1.744      -11.53
      -9.119       7.359
       11.76      0.7372
      -8.212      -8.528
      0.2963       11.89
       7.855      -9.016
      -11.94       1.348
       9.763       7.106
       -2.41      -11.89
      -6.286       10.45
       11.75      -3.474
      -11.06      -5.399
        4.53       11.51
       4.452       -11.6
      -11.17        5.57
       12.05       3.452
      -6.584      -10.73
      -2.407       12.42
       10.21      -7.564
      -12.69      -1.323
       8.501        9.59
      0.2105      -12.87
      -8.885       9.386
       12.95     -0.9231
      -10.21      -8.098
       2.069       12.92
       7.234      -10.97
       -12.8       3.217
       11.66       6.298
      -4.359      -12.57
      -5.296       12.26
       12.24      -5.485
      -12.78      -4.238
       6.584        11.8
       3.128       -13.2
      -11.27        7.65
       13.53       1.977
      -8.671      -10.64
     -0.7932       13.75
        9.91      -9.639
      -13.87       0.415
       10.55       9.096
      -1.638      -13.88
      -8.198       11.38
       13.78      -2.867
      -12.14      -7.222
       4.089       13.58
       6.177      -12.82
      -13.26       5.298
        13.4       5.067
      -6.481      -12.83
      -3.903       13.89
        12.3       -7.63
      -14.27      -2.692
       8.734       11.66
       1.444      -14.55
      -10.93       9.785
       14.72      0.1671
      -10.77       -10.1
       1.127       14.77
       9.175      -11.69
      -14.71       2.431
       12.53       8.169
      -3.731      -14.53
      -7.087       13.28
       14.24      -5.018
      -13.93      -5.936
       6.283       13.83
       4.724      -14.49
      -13.31       7.514
       14.93        3.46
      -8.701      -12.68
      -2.154       15.27
       11.94      -9.834
      -15.49     -0.8159
        10.9        11.1
     -0.5457      -15.59
      -10.16        11.9
       15.58      -1.918
      -12.82      -9.134
       3.291       15.44
       8.024      -13.65
      -15.18       4.655
       14.38       6.839
      -5.997      -14.79
      -5.587          15
       14.29      -7.308
      -15.52      -4.277
       8.576       13.67
        2.92      -15.92
      -12.94       9.791
        16.2       1.525
      -10.94       -12.1
     -0.1028       16.36
       11.15      -12.02
      -16.39       1.335
       13.02       10.11
      -2.777      -16.29
      -8.983       13.93
       16.07      -4.212
      -14.73       -7.77
        5.63       15.72
       6.485      -15.44
      -15.25       7.018
       16.02       5.137
      -8.366      -14.65
      -3.735       16.49
       13.93      -9.662
      -16.84      -2.289
        10.9       13.09
      0.8118      -17.06
      -12.15       12.06
       17.15      -0.686
      -13.14       -11.1
       2.193        17.1
       9.959      -14.13
      -16.93       3.697
       15.01       8.727
      -5.187      -16.61
      -7.416       15.79
       16.17      -6.651
      -16.46      -6.034
       8.077        15.6
       4.593         -17
       -14.9       9.453
       17.41       3.103
      -10.77      -14.08
      -1.576        17.7
       13.15      -12.01
      -17.85    -0.02287
       13.17        12.1
      -1.544      -17.86
      -10.95       14.24
       17.73      -3.113
      -15.21      -9.705
       4.672       17.47
       8.374      -16.07
      -17.07       6.209
       16.82       6.965
      -7.711      -16.53
      -5.492       17.43
       15.86      -9.165
      -17.92      -3.963
       10.56       15.06
       2.391      -18.28
      -14.14       11.89
       18.49      0.7873
      -13.13       -13.1
      0.8359       18.57
       11.95      -14.28
       -18.5       2.466
       15.34        10.7
      -4.091      -18.29
      -9.353       16.28
       17.93      -5.697
       -17.1      -7.926
       7.272       17.43
       6.426       -17.8
       -16.8       8.803
       18.37       4.864
      -10.28      -16.02
