     -0.8868     -0.7932
       1.683    -0.02003
      -1.503        1.41
      0.1798      -2.373
       1.644       2.092
      -2.876     -0.4735
       2.636      -1.721
     -0.8351        3.26
      -1.683      -3.148
       3.549       1.249
       -3.63       1.549
       1.703      -3.754
       1.332       4.078
      -3.878      -2.186
       4.489      -1.043
      -2.691       3.926
      -0.688      -4.857
       3.898       3.207
      -5.179      0.2756
       3.727      -3.798
     -0.1874       5.449
      -3.626      -4.242
       5.664      0.6939
      -4.745       3.386
       1.237      -5.819
       3.078       5.228
      -5.912       -1.81
       5.684      -2.708
      -2.404       5.939
      -2.278      -6.106
         5.9       3.013
      -6.488       1.792
       3.629      -5.792
       1.256       6.823
      -5.616      -4.244
       7.107     -0.6732
      -4.852        5.37
    -0.05059      -7.334
       5.057       5.444
      -7.501     -0.6066
       6.014      -4.677
      -1.291       7.602
      -4.233      -6.554
       7.636       1.997
      -7.058       3.727
       2.716      -7.599
       3.164       7.518
       -7.49      -3.443
        7.93      -2.547
      -4.169       7.308
      -1.881      -8.286
       7.053       4.887
      -8.582       1.172
       5.589      -6.724
      0.4243       8.814
      -6.324      -6.268
       8.976      0.3542
      -6.917       5.853
       1.157      -9.066
       5.315        7.53
       -9.08      -1.978
       8.097      -4.713
      -2.809       9.016
      -4.051      -8.614
       8.874       3.643
      -9.073       3.333
       4.472      -8.651
       2.565        9.47
      -8.349      -5.289
       9.799      -1.752
      -6.085       7.968
     -0.9011      -10.06
       7.509       6.853
      -10.24     0.01874
       7.585      -6.974
     -0.8879       10.33
      -6.368      -8.274
       10.35       1.811
      -8.913       5.692
       2.744      -10.28
       4.953       9.494
      -10.13      -3.677
       10.01      -4.154
      -4.604       9.885
      -3.302      -10.46
       9.557       5.515
      -10.83       2.402
       6.403      -9.143
       1.462       11.13
      -8.644      -7.259
       11.34      -0.489
      -8.075       8.064
      0.5098      -11.46
       7.407       8.844
       -11.5      -1.526
       9.558      -6.675
      -2.552       11.44
      -5.874      -10.21
       11.28       3.578
      -10.79       5.009
       4.597      -11.04
       4.086        11.3
       -10.7      -5.599
       11.73      -3.113
      -6.576       10.27
      -2.095      -12.07
       9.744       7.519
      -12.32       1.042
        8.42      -9.133
    -0.03962       12.48
      -8.438       -9.27
       12.54       1.141
      -10.06       7.664
       2.253       -12.5
       6.814       10.79
      -12.36      -3.366
       11.44      -5.895
      -4.472       12.13
      -4.914      -12.01
       11.79       5.562
       -12.5       3.877
       6.626      -11.35
       2.792        12.9
      -10.81      -7.655
        13.2      -1.667
       -8.64       10.18
     -0.5106       -13.4
       9.464       9.573
       -13.5     -0.6679
       10.44      -8.658
       -1.86       13.49
      -7.771      -11.25
       13.38       3.055
      -11.97       6.808
       4.244      -13.16
       5.778       12.62
      -12.83      -5.418
       13.17      -4.687
      -6.566        12.4
      -3.543      -13.62
       11.86        7.68
      -13.98       2.355
       8.749      -11.22
       1.132       14.23
      -10.49      -9.764
       14.38      0.1176
      -10.72       9.657
       1.383      -14.41
       8.741        11.6
      -14.33      -2.656
        12.4      -7.745
      -3.924       14.13
      -6.675      -13.12
       13.83       5.178
      -13.74       5.539
       6.409      -13.41
       4.344       14.26
      -12.88      -7.605
       14.68      -3.101
      -8.757       12.24
      -1.817      -14.99
        11.5       9.855
      -15.18      0.5025
       10.89      -10.66
     -0.8318       15.26
      -9.724      -11.85
       15.22       2.176
      -12.73       8.702
       3.519      -15.06
       7.601       13.52
      -14.78      -4.851
       14.22      -6.427
      -6.161       14.39
      -5.189      -14.81
       13.87       7.438
       -15.3       3.896
       8.672      -13.24
       2.559       15.67
       -12.5      -9.851
       15.92      -1.186
      -10.97       11.66
      0.2117      -16.05
       10.71       12.01
      -16.06      -1.623
       12.97      -9.676
      -3.037       15.94
       -8.55      -13.84
        15.7       4.444
      -14.61       7.346
        5.83      -15.33
       6.072       15.28
      -14.84      -7.185
       15.84      -4.738
      -8.499       14.23
      -3.352      -16.27
        13.5       9.759
      -16.59       1.927
       10.96      -12.66
      0.4712       16.78
      -11.71      -12.08
       16.84       1.002
      -13.13       10.66
       2.483      -16.77
       9.519       14.08
      -16.57      -3.961
       14.93      -8.292
      -5.419       16.24
      -6.989      -15.67
       15.78       6.852
       -16.3       5.619
       8.243      -15.19
       4.192       16.81
      -14.48      -9.586
       17.19      -2.719
      -10.86       13.65
       -1.21      -17.44
       12.71       12.07
      -17.56     -0.3196
        13.2      -11.65
      -1.865       17.55
       -10.5      -14.23
        17.4       3.405
      -15.16       9.261
       4.937      -17.11
       7.936       15.99
      -16.69      -6.441
       16.69      -6.536
      -7.912       16.13
      -5.074      -17.28
       15.45        9.33
      -17.73        3.56
       10.69      -14.63
       2.005       18.05
       -13.7      -11.98
       18.23     -0.4186
      -13.19       12.65
        1.18      -18.28
        11.5       14.31
      -18.18      -2.787
       15.32      -10.25
      -4.382       17.94
      -8.907      -16.23
       17.56       5.961
      -17.01       7.485
       7.502      -17.05
       5.993       17.67
      -16.39      -9.002
        18.2      -4.443
      -10.44        15.6
      -2.844       -18.6
       14.69       11.81
      -18.85       1.214
        13.1      -13.65
     -0.4422       18.96
      -12.51       -14.3
       18.92       2.104
