     -0.9262      0.7469
       1.679      0.1059
      -1.429      -1.485
     0.05839       2.379
       1.748      -2.005
      -2.896      0.3261
       2.545       1.853
     -0.6674      -3.298
      -1.841       3.058
       3.608      -1.066
      -3.546      -1.732
       1.509       3.836
       1.539      -4.004
      -3.985       1.986
        4.43       1.271
      -2.487      -4.058
     -0.9352       4.816
       4.057      -3.004
      -5.158     -0.5398
       3.528       3.983
     0.09103      -5.452
      -3.838       4.052
       5.692     -0.4039
      -4.566      -3.623
      0.9383       5.875
       3.341      -5.064
      -5.996       1.505
       5.538       2.995
      -2.097      -6.054
      -2.587       5.982
       6.046      -2.707
      -6.388      -2.121
       3.328        5.97
       1.602       -6.75
      -5.825       3.952
       7.063       1.035
      -4.571      -5.611
     -0.4251       7.322
       5.328      -5.179
      -7.522      0.2223
       5.768       4.978
     -0.9012      -7.658
      -4.562        6.33
       7.728      -1.604
      -6.858      -4.083
       2.325       7.728
       3.544      -7.347
      -7.656       3.056
       7.789       2.949
       -3.79      -7.511
      -2.302       8.179
       7.293       -4.52
      -8.511      -1.609
       5.239           7
      0.8744      -8.781
      -6.635       5.938
       8.982      0.1053
       -6.61      -6.198
      0.6928       9.113
       5.692      -7.248
      -9.169       1.512
       7.846        5.12
      -2.345      -9.148
      -4.485       8.396
       9.048      -3.185
      -8.891      -3.792
       4.025       8.869
       3.045      -9.327
      -8.608       4.856
       9.697       2.251
      -5.671      -8.268
      -1.414       9.996
       7.849      -6.461
      -10.22     -0.5421
       7.219       7.353
      -0.359      -10.37
      -6.782       7.938
       10.43       -1.28
       -8.61       -6.14
       2.215       10.41
       5.431      -9.229
       -10.3       3.155
       9.787        4.66
      -4.093      -10.11
      -3.832       10.28
       9.826       -5.02
       -10.7      -2.953
       5.928       9.457
       2.029      -11.04
      -9.003       6.808
        11.3       1.068
      -7.653      -8.466
    -0.07634       11.47
       7.849      -8.454
      -11.56       0.937
       9.204       7.154
      -1.964      -11.55
      -6.388       9.896
       11.45      -2.997
      -10.52      -5.554
       4.027       11.26
       4.659      -11.08
      -10.97       5.046
       11.55       3.708
      -6.044      -10.59
       -2.71       11.95
       10.11      -7.012
      -12.25       -1.67
       7.943       9.551
      0.5978      -12.46
      -8.901       8.827
       12.58     -0.4987
      -9.657      -8.168
       1.611        12.6
       7.356      -10.43
      -12.52        2.73
       11.12       6.472
      -3.848      -12.34
      -5.521       11.75
       12.06      -4.953
      -12.29      -4.511
       6.038       11.67
       3.447      -12.74
      -11.19       7.093
        13.1       2.339
      -8.109      -10.61
      -1.194       13.36
       9.941      -9.077
      -13.51    -0.02226
       9.988        9.18
      -1.168      -13.57
      -8.335       10.83
       13.52      -2.369
      -11.61      -7.412
       3.568       13.36
       6.416       -12.3
      -13.09       4.757
       12.91       5.354
      -5.926      -12.71
      -4.235       13.43
       12.24      -7.065
      -13.84      -3.066
       8.165       11.65
       1.857      -14.16
      -10.97       9.216
       14.36      0.6168
      -10.21      -10.19
      0.6457       14.46
       9.323      -11.14
      -14.45       1.921
       11.99       8.369
      -3.198      -14.32
      -7.337       12.76
       14.07      -4.466
      -13.44      -6.234
       5.716       13.72
       5.067      -14.02
      -13.25       6.938
        14.5       3.846
       -8.12      -12.67
       -2.58       14.88
       11.99      -9.255
      -15.14      -1.277
       10.33        11.2
    -0.05226      -15.28
      -10.32       11.34
       15.31      -1.397
      -12.27      -9.342
       2.746       15.22
       8.282      -13.12
      -15.01       4.091
       13.87       7.145
      -5.419      -14.68
      -5.939       14.53
       14.23       -6.72
      -15.08      -4.673
       7.984       13.67
       3.355      -15.52
      -12.99         9.2
       15.84       1.997
      -10.36       -12.2
     -0.6074       16.04
       11.31      -11.45
      -16.12      0.8017
       12.46       10.33
       -2.22      -16.07
      -9.247       13.39
        15.9      -3.636
      -14.22      -8.083
       5.039       15.61
       6.845      -14.95
      -15.19       6.418
       15.57        5.54
      -7.761      -14.64
      -4.179       16.08
       13.98      -9.058
      -16.47       -2.77
        10.3        13.2
       1.326      -16.73
      -12.31       11.47
       16.87     -0.1421
      -12.56      -11.32
       1.624       16.87
       10.23      -13.57
      -16.75       3.109
       14.49       9.044
      -4.583      -16.49
      -7.781       15.29
       16.11      -6.037
      -15.99      -6.444
       7.457       15.59
       5.045      -16.57
      -14.95       8.833
       17.03       3.594
      -10.15      -14.19
        -2.1       17.36
       13.31      -11.41
      -17.56     -0.5768
       12.59       12.31
     -0.9648      -17.62
      -11.22       13.68
       17.55      -2.513
      -14.67      -10.02
       4.056       17.34
       8.742      -15.56
      -16.99       5.581
       16.34        7.38
      -7.076      -16.51
       -5.95       16.99
        15.9       -8.53
      -17.52      -4.461
       9.931       15.16
       2.923      -17.93
      -14.29       11.27
       18.19        1.35
      -12.53      -13.31
       0.246       18.32
       12.22       -13.7
       -18.3       1.854
       14.78       11.02
      -3.461      -18.14
      -9.724       15.75
       17.85      -5.055
      -16.61      -8.344
       6.623       17.41
       6.888      -17.34
      -16.83       8.153
       17.95       5.366
      -9.632      -16.12
      -3.791       18.43
       15.27      -11.05
      -18.76      -2.174
       12.39        14.3
      0.5278      -18.96
      -13.22       13.65
          19      -1.136
