      0.8946      0.7845
      -1.682     0.03646
       1.489      -1.425
     -0.1566       2.374
      -1.664      -2.076
        2.88      0.4454
      -2.619       1.747
      0.8031      -3.268
       1.713       3.131
      -3.561      -1.214
       3.614      -1.584
      -1.666        3.77
      -1.372      -4.065
       3.899       2.148
      -4.478       1.086
       2.652      -3.952
      0.7354        4.85
      -3.929      -3.169
       5.176     -0.3262
       -3.69       3.834
      0.1343      -5.451
       3.667       4.207
       -5.67     -0.6387
       4.712      -3.432
       -1.18       5.831
      -3.129      -5.198
       5.929       1.752
      -5.657       2.763
       2.346      -5.963
       2.337       6.083
      -5.929      -2.955
        6.47      -1.855
      -3.572       5.827
      -1.322      -6.811
       5.657       4.189
        -7.1      0.7426
       4.799      -5.417
       0.122       7.334
       -5.11      -5.395
       7.506      0.5331
      -5.968       4.735
       1.217      -7.614
       4.296       6.513
      -7.655      -1.922
       7.021      -3.796
      -2.642       7.625
      -3.237      -7.487
       7.523       3.369
      -7.905       2.624
       4.097      -7.348
       1.962       8.267
        -7.1      -4.817
       8.571      -1.256
      -5.523       6.778
     -0.5104      -8.809
       6.384       6.206
      -8.979     -0.2665
        6.86       -5.92
      -1.069       9.077
      -5.388      -7.477
       9.099       1.889
      -8.051       4.792
       2.721      -9.043
       4.135       8.574
      -8.909      -3.557
        9.04      -3.422
      -4.388       8.695
      -2.657      -9.445
         8.4       5.207
      -9.782       1.848
       6.007      -8.027
      0.9992       10.05
      -7.576      -6.779
       10.23     -0.1187
      -7.517       7.048
      0.7869      -10.34
       6.448       8.212
      -10.37       -1.71
       8.857      -5.779
      -2.643       10.31
      -5.045      -9.445
       10.16       3.578
      -9.971       4.252
       4.507       -9.93
       3.404       10.43
       -9.61      -5.421
       10.81      -2.508
      -6.313       9.205
      -1.571      -11.11
       8.715       7.174
      -11.33      0.5997
       7.996      -8.143
     -0.3978       11.47
      -7.493      -8.771
       11.51       1.414
      -9.492       6.768
        2.44      -11.46
       5.974       10.15
      -11.32      -3.468
       10.74      -5.115
      -4.489       11.08
      -4.197      -11.26
       10.75       5.494
       -11.7       3.227
       6.475      -10.33
       2.213       12.05
      -9.817      -7.423
       12.31      -1.162
       -8.33       9.215
    -0.08226      -12.48
       8.528       9.187
      -12.55      -1.018
       9.987      -7.762
       -2.13       12.52
      -6.919      -10.72
        12.4       3.245
      -11.38       6.006
       4.354      -12.17
       5.031       11.96
      -11.84      -5.446
       12.46      -3.999
      -6.514       11.41
      -2.917      -12.87
       10.89       7.549
      -13.18       1.796
        8.54      -10.27
      0.6415       13.39
      -9.557       -9.48
        13.5      0.5361
      -10.36        8.76
       1.728      -13.51
        7.88       11.17
      -13.41      -2.924
       11.91      -6.925
      -4.116        13.2
      -5.901      -12.56
       12.88       5.293
      -13.12       4.816
       6.445      -12.46
       3.676       13.59
      -11.93      -7.564
       13.96      -2.492
      -8.639       11.31
      -1.271      -14.22
       10.58       9.661
      -14.38     0.02281
       10.62      -9.761
      -1.243       14.42
      -8.854      -11.51
       14.35       2.515
      -12.32       7.866
       3.786      -14.17
       6.803       13.05
      -13.88      -5.043
       13.68      -5.673
      -6.278       13.47
      -4.484      -14.22
       12.95       7.479
      -14.65       3.244
       8.637      -12.33
       1.963       14.97
      -11.59      -9.742
       15.18     -0.6508
      -10.78       10.76
      0.6827      -15.27
       9.839       11.76
      -15.24      -2.027
       12.65      -8.826
      -3.372        15.1
      -7.733      -13.45
       14.83       4.706
      -14.16       6.566
       6.021      -14.45
       5.334       14.76
      -13.94      -7.302
       15.26      -4.046
      -8.542       13.33
      -2.712      -15.64
        12.6       9.729
      -15.91       1.341
       10.85      -11.77
    -0.05489       16.05
      -10.83      -11.91
       16.07       1.466
      -12.88       9.802
       2.881      -15.97
       8.685       13.76
      -15.74       -4.29
       14.54      -7.489
       -5.68       15.39
      -6.221      -15.22
       14.91        7.04
      -15.79       4.892
       8.359      -14.31
       3.511       16.24
      -13.59      -9.628
       16.57      -2.088
      -10.83       12.76
     -0.6351      -16.77
       11.83       11.97
      -16.85     -0.8379
       13.02      -10.79
      -2.319       16.79
      -9.656      -13.98
       16.61       3.798
      -14.85       8.438
       5.261      -16.29
       7.142        15.6
      -15.84      -6.697
       16.25      -5.778
      -8.095       15.27
      -4.356      -16.77
       14.57       9.444
      -17.16       2.887
       10.73      -13.76
       1.381       17.43
      -12.82      -11.95
       17.57      0.1491
      -13.08       11.78
       1.692      -17.57
       10.64       14.13
      -17.43      -3.236
       15.07      -9.409
      -4.769       17.16
      -8.091      -15.91
       16.75       6.278
      -16.63       6.699
       7.753      -16.21
       5.243       17.23
      -15.54       -9.18
       17.69      -3.733
      -10.55       14.74
       -2.18      -18.03
       13.82       11.85
      -18.23      0.5978
       13.07      -12.78
      -1.003       18.29
      -11.64      -14.19
       18.21       2.609
      -15.22        10.4
       4.208      -17.99
       9.065       16.14
      -17.62      -5.788
       16.94      -7.651
      -7.337       17.12
      -6.166      -17.61
       16.48       8.841
      -18.16        4.62
       10.29       -15.7
       3.027       18.57
       -14.8      -11.67
       18.84      -1.397
      -12.97       13.78
      0.2558      -18.96
       12.64       14.18
      -18.94       -1.92
