     0.08991       1.186
        1.04      -1.323
      -2.033      0.3348
       1.993       1.301
     -0.6601      -2.577
      -1.374        2.57
        2.97      -1.045
      -3.095      -1.321
       1.475       3.251
       1.169      -3.577
      -3.437       1.938
       4.015      0.9326
      -2.426      -3.538
     -0.6244       4.408
       3.559      -2.928
      -4.753     -0.2529
       3.436       3.501
     -0.1735      -5.045
       -3.37       3.942
       5.282     -0.6471
      -4.439      -3.167
        1.16       5.459
       2.895      -4.917
      -5.574       1.706
       5.371       2.559
      -2.276      -5.624
      -2.161       5.793
       5.607      -2.863
      -6.176      -1.706
        3.46       5.523
       1.199      -6.515
       -5.37       4.058
       6.805      0.6445
      -4.651      -5.148
    -0.04855       7.039
       4.858      -5.231
      -7.214       0.583
        5.79       4.503
      -1.244      -7.326
      -4.083       6.321
       7.371      -1.927
      -6.819      -3.601
       2.626       7.347
       3.061      -7.275
      -7.252       3.333
       7.683       2.468
      -4.042      -7.085
      -1.825       8.039
       6.846      -4.743
      -8.336      -1.138
       5.431       6.535
      0.4131       -8.57
      -6.152       6.098
       8.737     -0.3447
      -6.736        -5.7
       1.128       8.832
       5.181      -7.339
      -8.854       1.929
       7.899       4.597
      -2.742      -8.799
      -3.955       8.409
       8.667      -3.558
      -8.865      -3.256
       4.371       8.456
       2.508      -9.259
      -8.166       5.173
       9.587       1.715
      -5.955      -7.798
     -0.8827       9.844
       7.353       -6.71
      -10.03    -0.01835
       7.432       6.834
     -0.8702      -10.13
      -6.243       8.111
       10.15      -1.776
      -8.742      -5.583
       2.692       10.09
        4.86      -9.317
       -9.94        3.61
        9.83       4.079
      -4.521      -9.707
      -3.243       10.27
       9.389      -5.418
      -10.65      -2.361
       6.293       8.985
       1.437      -10.94
      -8.499       7.137
       11.15      0.4809
      -7.942      -7.932
      0.5015       11.28
       7.288      -8.702
      -11.31       1.502
       9.407        6.57
      -2.512      -11.26
      -5.784       10.05
       11.11      -3.524
      -10.63      -4.934
       4.528       10.87
       4.026      -11.13
      -10.54       5.517
       11.56       3.068
      -6.481      -10.12
      -2.066        11.9
       9.606      -7.413
      -12.15      -1.027
       8.303       9.007
    -0.03908      -12.31
      -8.323       9.144
       12.37      -1.125
      -9.927      -7.561
       2.223       12.34
       6.725      -10.65
       -12.2       3.322
       11.29       5.819
      -4.415      -11.97
      -4.852       11.86
       11.64      -5.492
      -12.34      -3.828
       6.544       11.21
       2.757      -12.74
      -10.68       7.561
       13.04       1.647
      -8.536      -10.06
     -0.5046       13.24
       9.353       -9.46
      -13.34      0.6601
       10.32       8.558
      -1.838      -13.34
      -7.682       11.12
       13.23       -3.02
      -11.84      -6.732
       4.197       13.01
       5.714      -12.48
      -12.69       5.358
       13.02       4.636
      -6.495      -12.26
      -3.505       13.48
       11.73      -7.598
      -13.83       -2.33
       8.657        11.1
        1.12      -14.08
      -10.38       9.663
       14.23     -0.1164
      -10.61      -9.558
       1.369       14.26
       8.654      -11.48
      -14.18       2.629
       12.28       7.669
      -3.885      -13.99
       -6.61       12.99
       13.69      -5.128
      -13.61      -5.485
       6.347       13.28
       4.303      -14.12
      -12.76       7.532
       14.54       3.071
      -8.675      -12.12
        -1.8       14.85
       11.39      -9.763
      -15.04     -0.4978
       10.79       10.56
     -0.8242      -15.12
      -9.636       11.74
       15.08      -2.156
      -12.62      -8.624
       3.488       14.93
       7.534       -13.4
      -14.65       4.808
       14.09       6.371
      -6.107      -14.26
      -5.144       14.68
       13.75      -7.374
      -15.17      -3.863
       8.598       13.13
       2.537      -15.53
       -12.4       9.768
       15.79       1.176
      -10.88      -11.56
      0.2099       15.92
       10.63      -11.91
      -15.93        1.61
       12.87       9.597
      -3.012      -15.81
      -8.481       13.73
       15.57      -4.407
       -14.5      -7.288
       5.783       15.21
       6.024      -15.16
      -14.72       7.129
       15.71       4.701
      -8.433      -14.12
      -3.326       16.15
        13.4      -9.684
      -16.46      -1.912
       10.88       12.56
      0.4677      -16.65
      -11.62       11.99
       16.71     -0.9949
      -13.03      -10.58
       2.465       16.65
       9.449      -13.97
      -16.45        3.93
       14.82       8.232
      -5.379      -16.12
      -6.939       15.56
       15.66      -6.803
      -16.18      -5.579
       8.184       15.08
       4.163      -16.69
      -14.38       9.518
       17.07         2.7
      -10.79      -13.56
      -1.203       17.32
       12.62      -11.99
      -17.44      0.3174
       13.11       11.57
      -1.852      -17.43
      -10.43       14.13
       17.28      -3.382
      -15.06      -9.199
       4.904       16.99
       7.882      -15.88
      -16.58       6.398
       16.58       6.493
      -7.859      -16.02
      -5.041       17.16
       15.34      -9.269
      -17.61      -3.537
       10.62       14.54
       1.992      -17.93
      -13.61        11.9
       18.12      0.4181
      -13.11      -12.57
       1.172       18.16
       11.43      -14.22
      -18.07        2.77
       15.22       10.18
      -4.355      -17.83
      -8.851       16.12
       17.45      -5.924
      -16.91      -7.439
       7.456       16.94
       5.957      -17.57
      -16.29       8.948
       18.09       4.416
      -10.38      -15.51
      -2.829       18.48
        14.6      -11.74
      -18.74      -1.207
       13.03       13.57
     -0.4396      -18.85
      -12.43       14.22
       18.81      -2.091
      -15.31      -11.18
       3.745       18.63
       9.841       -16.3
