     -0.7442     -0.9283
       1.663      0.2571
      -1.714       1.144
      0.5678      -2.311
       1.277       2.334
      -2.759     -0.9403
       2.883      -1.264
       -1.36       3.078
      -1.142      -3.382
       3.295       1.816
      -3.835      0.9305
       2.297      -3.422
      0.6431       4.242
      -3.465      -2.795
       4.599     -0.2898
        -3.3       3.429
      0.1207      -4.904
       3.317       3.805
      -5.154     -0.5804
       4.301      -3.133
      -1.082       5.344
      -2.878      -4.781
       5.472       1.617
      -5.237       2.558
       2.178      -5.536
       2.176       5.663
      -5.533      -2.758
       6.052      -1.736
      -3.348       5.463
      -1.242      -6.398
       5.324       3.943
      -6.694      0.7001
       4.532      -5.116
      0.1156       6.937
      -4.841       -5.11
       7.121      0.5055
      -5.669       4.499
       1.157      -7.243
       4.092       6.202
      -7.299      -1.832
       6.702      -3.623
      -2.524       7.286
      -3.096      -7.162
       7.203       3.226
      -7.575       2.515
        3.93      -7.048
       1.883       7.937
      -6.821      -4.628
       8.241      -1.207
      -5.314       6.522
      -0.492      -8.483
       6.152        5.98
      -8.658     -0.2564
       6.619      -5.713
      -1.032       8.763
      -5.206      -7.223
       8.795       1.826
      -7.786       4.635
       2.633      -8.752
       4.003       8.301
      -8.631      -3.445
       8.762      -3.316
      -4.255       8.431
      -2.578      -9.163
       8.153       5.054
      -9.498       1.795
       5.835      -7.798
      0.9717       9.763
      -7.365      -6.591
       9.954     -0.1155
      -7.313       6.858
       0.766      -10.07
       6.279       7.995
       -10.1      -1.666
       8.629      -5.631
      -2.576       10.05
      -4.919      -9.209
       9.912        3.49
      -9.728       4.148
       4.399      -9.691
       3.323       10.18
      -9.384      -5.294
       10.56       -2.45
      -6.168       8.993
      -1.536      -10.86
       8.519       7.013
      -11.08      0.5864
        7.82      -7.964
     -0.3891       11.22
      -7.332      -8.582
       11.27       1.384
      -9.292       6.626
       2.389      -11.22
        5.85       9.942
      -11.09      -3.397
       10.53      -5.011
      -4.399       10.86
      -4.114      -11.04
       10.54       5.386
      -11.47       3.165
       6.351      -10.13
       2.171       11.82
      -9.632      -7.283
       12.08       -1.14
      -8.176       9.045
    -0.08075      -12.25
       8.374        9.02
      -12.32     -0.9998
       9.808      -7.623
      -2.093        12.3
      -6.798      -10.53
       12.18       3.189
      -11.19       5.903
       4.279      -11.96
       4.946       11.76
      -11.64      -5.355
       12.25      -3.932
      -6.407       11.23
       -2.87      -12.66
       10.71       7.426
      -12.97       1.767
       8.403       -10.1
      0.6313       13.18
      -9.407       -9.33
       13.29      0.5277
       -10.2       8.624
       1.701       -13.3
        7.76          11
       -13.2       -2.88
       11.73      -6.821
      -4.054          13
      -5.814      -12.37
       12.69       5.215
      -12.93       4.745
       6.352      -12.28
       3.623       13.39
      -11.76      -7.455
       13.76      -2.456
      -8.517       11.15
      -1.253      -14.02
       10.43       9.527
      -14.18     0.02249
       10.48      -9.628
      -1.226       14.23
      -8.735      -11.36
       14.16       2.482
      -12.16       7.762
       3.736      -13.98
       6.714       12.88
       -13.7      -4.977
       13.51      -5.599
      -6.196        13.3
      -4.426      -14.04
       12.79       7.383
      -14.46       3.203
       8.528      -12.17
       1.938       14.78
      -11.45      -9.621
       14.99     -0.6427
      -10.65       10.63
      0.6744      -15.08
       9.721       11.61
      -15.06      -2.003
       12.49      -8.721
      -3.332       14.92
      -7.641      -13.29
       14.66       4.651
      -13.99       6.489
        5.95      -14.28
       5.272       14.59
      -13.78      -7.218
       15.08      -3.999
      -8.445       13.18
      -2.681      -15.46
       12.46       9.619
      -15.73       1.326
       10.73      -11.64
    -0.05428       15.87
      -10.71      -11.77
        15.9        1.45
      -12.74       9.695
        2.85       -15.8
       8.592       13.61
      -15.57      -4.243
       14.39      -7.409
      -5.619       15.22
      -6.156      -15.06
       14.75       6.966
      -15.62       4.841
       8.273      -14.16
       3.475       16.07
      -13.45      -9.529
        16.4      -2.067
      -10.72       12.63
     -0.6287       -16.6
       11.71       11.85
      -16.68     -0.8295
       12.89      -10.68
      -2.296       16.63
      -9.561      -13.85
       16.44        3.76
       -14.7       8.356
       5.209      -16.13
       7.073       15.45
      -15.69      -6.633
       16.09      -5.723
      -8.018       15.12
      -4.315      -16.61
       14.44       9.354
         -17        2.86
       10.63      -13.63
       1.369       17.27
       -12.7      -11.84
       17.41      0.1466
      -12.96       11.68
       1.677      -17.41
       10.55          14
      -17.27      -3.207
       14.94      -9.324
      -4.726          17
      -8.019      -15.77
        16.6       6.223
      -16.48        6.64
       7.684      -16.06
       5.197       17.07
       -15.4        -9.1
       17.54        -3.7
      -10.46       14.61
      -2.162      -17.88
        13.7       11.75
      -18.07      0.5938
       12.95      -12.67
      -0.994       18.13
      -11.54      -14.07
       18.06       2.587
      -15.09       10.31
       4.173      -17.84
        8.99          16
      -17.48       -5.74
        16.8      -7.588
      -7.276       16.98
      -6.115      -17.47
       16.34       8.769
      -18.01       4.583
       10.21      -15.58
       3.003       18.42
      -14.69      -11.58
       18.69      -1.386
      -12.87       13.67
      0.2538      -18.81
       12.54       14.07
      -18.79      -1.905
       15.17      -11.31
      -3.555       18.63
      -9.981      -16.17
       18.32        5.19
