       1.125     -0.3861
     -0.8048       1.478
     -0.4958          -2
       1.982       1.316
      -2.628      0.4118
       1.818      -2.278
      0.2134       3.141
      -2.436      -2.322
       3.569     0.07027
      -2.824       2.486
      0.4223      -3.924
       2.443        3.32
      -4.209     -0.8304
       3.803      -2.315
      -1.284       4.426
       -2.11      -4.266
       4.574       1.773
      -4.703       1.834
        2.29      -4.653
       1.492       5.108
      -4.663      -2.827
       5.473       -1.09
      -3.373       4.602
     -0.6348      -5.794
       4.472       3.923
      -6.066      0.1309
       4.468      -4.273
     -0.4152       6.282
      -4.007          -5
        6.44      0.9966
      -5.512       3.675
       1.607      -6.536
        3.28       5.996
      -6.567      -2.239
       6.447      -2.825
      -2.886        6.53
      -2.314      -6.857
       6.424        3.54
      -7.221       1.751
       4.194      -6.248
       1.141       7.533
      -6.002      -4.841
       7.787     -0.4898
      -5.473       5.686
      0.1973      -7.979
       5.302       6.083
      -8.106     -0.9138
       6.664      -4.852
      -1.653       8.163
      -4.339      -7.208
       8.149       2.408
       -7.71       3.765
       3.172      -8.061
       3.135       8.162
      -7.897      -3.937
       8.559      -2.454
      -4.695       7.658
      -1.726      -8.896
       7.344        5.44
      -9.166      0.9575
       6.163      -6.955
       0.155       9.367
      -6.494      -6.857
       9.495      0.6752
      -7.515       5.962
       1.526      -9.545
       5.362        8.13
      -9.516       -2.39
       8.694        -4.7
       -3.26       9.406
      -3.978      -9.203
       9.214       4.128
      -9.648       3.202
       4.985      -8.939
       2.378       10.03
      -8.583      -5.825
       10.33      -1.512
      -6.639       8.146
      -0.611      -10.56
        7.63       7.419
       -10.7     -0.3183
       8.157      -7.039
      -1.268       10.77
      -6.375      -8.848
       10.74       2.231
      -9.482       5.643
       3.199      -10.63
       4.848       10.05
      -10.42      -4.163
       10.56      -3.995
      -5.115       10.13
       -3.09      -10.99
       9.752       6.046
      -11.34        2.14
       6.949      -9.284
       1.153        11.6
      -8.732      -7.815
       11.78     -0.1359
      -8.637       8.097
      0.9034      -11.86
       7.384       9.405
      -11.86      -1.957
       10.11      -6.598
      -3.015       11.75
      -5.744      -10.75
       11.55        4.07
      -11.32       4.827
       5.112      -11.26
       3.854       11.81
      -10.87      -6.133
       12.21      -2.832
      -7.123       10.38
      -1.769      -12.52
       9.807       8.075
      -12.74      0.6734
       8.979      -9.143
     -0.4477       12.86
      -8.394      -9.828
       12.88       1.584
      -10.61       7.566
       2.727       -12.8
       6.664       11.33
      -12.62      -3.867
       11.96      -5.694
      -4.995       12.33
      -4.663      -12.52
       11.94       6.102
      -12.98       3.579
       7.179      -11.45
        2.45       13.34
      -10.86      -8.215
       13.61      -1.284
      -9.203       10.18
    -0.08911      -13.77
       9.405       10.13
      -13.83      -1.124
          11      -8.545
      -2.345       13.78
      -7.606      -11.79
       13.62       3.567
       -12.5       6.593
       4.777      -13.35
       5.514       13.12
      -12.97      -5.968
       13.64      -4.376
      -7.128       12.49
      -3.189      -14.07
       11.89       8.248
      -14.39       1.959
       9.319       -11.2
      0.6977        14.6
      -10.41      -10.33
       14.71      0.5856
      -11.28       9.533
       1.881      -14.69
       8.566       12.14
      -14.57      -3.179
       12.93      -7.519
      -4.468       14.32
        -6.4      -13.62
       13.96       5.739
      -14.22       5.217
       6.981      -13.49
       3.978       14.71
      -12.91      -8.183
       15.09      -2.692
      -9.337       12.22
      -1.371      -15.36
       11.42       10.43
      -15.51     0.02272
       11.46      -10.53
      -1.341       15.55
       -9.54      -12.41
       15.46       2.711
      -13.27       8.467
       4.075      -15.25
       7.317       14.04
      -14.92      -5.424
       14.71      -6.095
      -6.745       14.47
      -4.812      -15.27
        13.9       8.028
      -15.72       3.478
       9.263      -13.22
       2.102       16.05
      -12.42      -10.44
       16.26      -0.695
      -11.55       11.52
      0.7327      -16.34
       10.53       12.58
       -16.3       -2.17
       13.52      -9.435
      -3.605       16.13
       -8.26      -14.37
       15.84       5.028
      -15.11       7.008
       6.426      -15.41
       5.688       15.75
      -14.87      -7.788
       16.27      -4.311
      -9.103        14.2
      -2.887      -16.66
       13.42       10.36
      -16.93       1.426
       11.55      -12.52
    -0.06048       17.08
      -11.52      -12.66
       17.09       1.561
      -13.69       10.42
       3.063      -16.97
       9.225       14.62
      -16.71      -4.557
       15.44      -7.948
      -6.029       16.33
        -6.6      -16.15
       15.81       7.469
      -16.74       5.185
       8.863      -15.17
       3.719       17.21
       -14.4       -10.2
       17.55       -2.21
      -11.47       13.51
     -0.6701      -17.76
       12.52       12.67
      -17.83     -0.8887
       13.77      -11.41
      -2.454       17.76
      -10.21      -14.78
       17.55       4.015
      -15.69       8.915
       5.558      -17.21
       7.542       16.48
      -16.73      -7.073
       17.15      -6.097
      -8.545       16.11
      -4.594      -17.69
       15.37       9.963
       -18.1       3.043
       11.32       -14.5
       1.454       18.38
      -13.51      -12.59
       18.51      0.1582
      -13.78       12.41
       1.783       -18.5
        11.2       14.88
      -18.35      -3.407
       15.86      -9.901
       -5.02       18.05
       -8.51      -16.74
       17.62       6.605
      -17.49       7.042
       8.153      -17.04
       5.508       18.11
      -16.32      -9.649
       18.59       -3.92
      -11.08       15.48
