       1.174      0.1957
      -1.037      -1.325
     -0.1599       2.055
       1.739      -1.625
       -2.66     0.02631
       2.168       1.947
     -0.3063      -3.133
      -2.021       2.691
       3.509     -0.6565
      -3.195      -1.988
       1.062       3.801
       1.863      -3.676
      -4.015       1.512
       4.132       1.658
      -1.995      -4.154
      -1.379       4.555
        4.22      -2.502
      -4.941      -1.035
       3.025       4.213
      0.6313      -5.283
      -4.134       3.555
       5.578      0.1751
      -4.085      -3.985
      0.3273        5.82
       3.766      -4.605
      -6.004       0.869
        5.11        3.48
      -1.443      -6.128
       -3.13       5.591
       6.189      -2.043
      -6.041      -2.718
        2.66       6.183
       2.249      -6.454
      -6.109       3.289
       6.824       1.726
      -3.921      -5.966
      -1.154       7.145
       5.754      -4.549
      -7.411     -0.5392
       5.165       5.472
     -0.1135      -7.618
      -5.123       5.763
       7.761      -0.798
      -6.334      -4.708
       1.507       7.838
       4.229      -6.873
      -7.845       2.235
       7.372        3.69
      -2.974       -7.78
      -3.093       7.824
       7.641      -3.716
      -8.224      -2.445
       4.455       7.429
       1.749      -8.567
      -7.142       5.182
       8.846       1.012
      -5.891      -6.781
     -0.2389       9.058
       6.349      -6.574
      -9.199      0.5637
       7.223       5.846
      -1.389      -9.265
      -5.277       7.832
       9.254      -2.228
      -8.394      -4.644
       3.076       9.164
       3.952      -8.901
      -8.993       3.923
       9.349       3.205
      -4.763      -8.741
       -2.41       9.732
       8.409      -5.587
      -10.04      -1.571
       6.388       7.997
      0.6961      -10.28
      -7.507       7.158
       10.44     -0.2081
      -7.889      -6.942
       1.135       10.51
       6.305      -8.573
      -10.51       2.075
       9.205         5.6
      -3.022      -10.41
      -4.832       9.776
       10.23      -3.968
      -10.28      -4.006
       4.904       9.956
       3.127      -10.71
      -9.598       5.821
       11.07       2.203
      -6.712      -9.153
       -1.24       11.34
       8.624      -7.568
      -11.53     -0.2457
       8.382       8.014
     -0.7716      -11.63
      -7.326       9.146
       11.64      -1.804
      -9.851      -6.565
       2.843       11.55
       5.736      -10.49
      -11.37       3.881
       11.06       4.844
      -4.908       -11.1
      -3.896       11.55
       10.73      -5.915
      -11.96      -2.898
       6.895       10.26
       1.858      -12.28
      -9.711       7.838
       12.51      0.7838
      -8.735       -9.07
      0.3158       12.64
       8.345      -9.579
      -12.68       1.432
       10.36       7.541
      -2.557      -12.61
      -6.663       11.08
       12.45      -3.681
      -11.71      -5.717
       4.795       12.18
        4.71      -12.27
      -11.81        5.89
       12.74       3.648
      -6.956      -11.34
       -2.54       13.11
       10.77      -7.984
      -13.39      -1.395
       8.965       10.11
      0.2211      -13.56
      -9.361        9.89
       13.64      -0.973
      -10.75      -8.525
       2.178        13.6
       7.609      -11.54
      -13.46       3.383
       12.25       6.619
       -4.58      -13.21
      -5.563       12.88
       12.85      -5.759
      -13.41      -4.447
       6.909       12.38
        3.28      -13.84
      -11.81       8.021
       14.18       2.072
      -9.085      -11.14
       -0.83        14.4
       10.38      -10.09
      -14.52      0.4353
       11.04       9.517
      -1.714      -14.52
      -8.572        11.9
       14.41      -2.997
      -12.69      -7.548
       4.273       14.18
        6.45      -13.39
      -13.84       5.532
       13.99       5.289
      -6.764      -13.39
      -4.071       14.49
       12.83      -7.959
      -14.88      -2.806
       9.106       12.16
       1.503      -15.16
      -11.39        10.2
       15.33      0.1731
      -11.22      -10.51
       1.175       15.38
       9.549      -12.17
      -15.31       2.529
       13.03       8.499
      -3.881      -15.11
      -7.369       13.81
        14.8      -5.218
      -14.48      -6.169
       6.529       14.37
       4.907      -15.05
      -13.82       7.805
       15.51       3.592
      -9.034      -13.16
      -2.235       15.85
       12.39      -10.21
      -16.07     -0.8456
       11.31       11.51
      -0.566      -16.17
      -10.54       12.34
       16.15      -1.988
      -13.29      -9.466
       3.412          16
       8.312      -14.14
      -15.72       4.823
       14.89       7.082
      -6.211      -15.32
      -5.783       15.53
       14.79      -7.565
      -16.06      -4.425
       8.875       14.15
        3.02      -16.47
      -13.38       10.13
       16.75       1.576
      -11.32      -12.51
     -0.1063       16.91
       11.53      -12.43
      -16.94        1.38
       13.45       10.45
       -2.87      -16.83
      -9.278       14.39
        16.6      -4.352
      -15.22      -8.023
       5.814       16.23
       6.694      -15.93
      -15.74       7.245
       16.54         5.3
      -8.633      -15.11
      -3.852       17.02
       14.37      -9.969
      -17.37       -2.36
       11.24        13.5
      0.8359      -17.59
      -12.53       12.43
       17.67     -0.7081
      -13.54      -11.44
       2.261       17.62
       10.26      -14.55
      -17.44        3.81
       15.46       8.989
      -5.343      -17.11
      -7.636       16.26
       16.65      -6.849
      -16.94      -6.212
       8.314       16.06
       4.727       -17.5
      -15.34       9.729
       17.92       3.192
      -11.08      -14.49
       -1.62       18.21
       13.52      -12.36
      -18.36     -0.0224
       13.55       12.44
      -1.589      -18.36
      -11.26       14.64
       18.23      -3.202
      -15.64      -9.974
       4.803       17.95
       8.604      -16.52
      -17.54        6.38
       17.28       7.156
      -7.922      -16.98
       -5.64       17.91
       16.29      -9.414
      -18.41      -4.069
       10.85       15.46
       2.454      -18.77
      -14.51        12.2
       18.98       0.807
      -13.48      -13.44
