      0.8267     -0.8557
       -1.68      0.1026
       1.602       1.297
     -0.3521      -2.353
      -1.487       2.206
       2.834     -0.6817
      -2.754      -1.525
        1.07       3.191
       1.449      -3.262
      -3.449       1.504
       3.733        1.28
      -1.971       -3.62
      -1.032       4.164
       3.708      -2.463
      -4.553      -0.713
        2.97       3.719
      0.3325      -4.895
      -3.654       3.483
       5.185     -0.1023
      -3.994      -3.516
      0.5839       5.421
       3.307      -4.495
      -5.598       1.105
       4.979       3.031
      -1.658      -5.714
      -2.689       5.438
       5.764      -2.235
      -5.866      -2.287
        2.83       5.749
       1.827      -6.256
      -5.665       3.434
       6.601       1.315
      -4.041      -5.513
     -0.7553       6.897
       5.292      -4.642
      -7.137     -0.1538
        5.23       5.003
     -0.4839      -7.319
      -4.647       5.798
       7.437      -1.151
      -6.339      -4.226
       1.841       7.488
       3.744      -6.845
       -7.47       2.548
       7.311       3.203
      -3.263      -7.381
      -2.608       7.729
       7.219      -3.979
      -8.094      -1.963
        4.69       6.985
       1.273      -8.401
      -6.678       5.387
       8.645      0.5437
      -6.064      -6.299
      0.2184       8.821
        5.85      -6.712
      -8.926       1.007
       7.325       5.334
      -1.814      -8.957
      -4.752       7.897
       8.912      -2.634
      -8.419      -4.111
       3.458       8.788
       3.413      -8.886
      -8.585        4.28
       9.292       2.663
      -5.091      -8.303
      -1.869       9.632
       7.942      -5.883
      -9.901      -1.034
       6.649       7.503
      0.1667      -10.09
       -6.99       7.382
       10.21     -0.7264
      -8.073      -6.403
       1.638       10.24
       5.748      -8.716
      -10.19        2.56
       9.304       5.028
      -3.485      -10.06
      -4.248        9.83
       9.833      -4.405
      -10.29      -3.414
       5.312       9.524
       2.532      -10.67
       -9.13       6.197
       10.98       1.607
      -7.052      -8.652
     -0.6478       11.21
       8.093      -7.869
      -11.35      0.3381
       8.641       7.455
      -1.343       -11.4
      -6.743        9.36
       11.35      -2.359
      -10.02      -5.961
       3.378       11.22
       5.115      -10.61
      -10.99       4.391
       11.13        4.21
      -5.389      -10.67
      -3.253       11.57
       10.26      -6.363
      -11.92       -2.25
       7.306       9.761
       1.211      -12.19
      -9.171       8.208
       12.36      0.1419
      -9.063      -8.496
      0.9483       12.44
       7.741       -9.86
      -12.42       2.051
       10.59       6.911
      -3.157      -12.31
       -6.01       11.26
       12.09      -4.258
      -11.84      -5.046
       5.343       11.77
       4.026      -12.34
      -11.35       6.405
       12.75       2.956
      -7.435      -10.84
      -1.845       13.07
       10.23      -8.422
      -13.28     -0.7013
       9.359       9.528
     -0.4665       -13.4
      -8.742       10.24
       13.41      -1.649
      -11.05      -7.875
       2.837       13.32
       6.931      -11.78
      -13.12       4.021
       12.44       5.918
      -5.191      -12.81
      -4.844          13
        12.4      -6.338
      -13.47      -3.716
       7.452       11.88
       2.542      -13.85
      -11.27       8.524
       14.12       1.331
      -9.543      -10.55
    -0.09238       14.28
       9.746       -10.5
      -14.33       1.164
       11.39       8.851
      -2.429      -14.27
      -7.874        12.2
        14.1      -3.692
      -12.93      -6.822
       4.943       13.81
       5.703      -13.57
      -13.41       6.172
       14.11       4.524
      -7.369      -12.91
      -3.294       14.54
       12.29      -8.523
      -14.87      -2.023
       9.625       11.57
      0.7204      -15.08
      -10.75       10.67
       15.18     -0.6045
      -11.64      -9.837
       1.941       15.16
       8.835      -12.53
      -15.02       3.279
       13.33       7.752
      -4.607      -14.77
      -6.596       14.04
       14.39      -5.915
      -14.65      -5.374
       7.193        13.9
       4.097      -15.15
      -13.29       8.429
       15.54       2.772
      -9.613      -12.58
      -1.411       15.81
       11.75      -10.74
      -15.96    -0.02337
       11.79       10.83
       -1.38      -15.99
      -9.811       12.76
        15.9      -2.788
      -13.64      -8.705
        4.19       15.68
       7.519      -14.43
      -15.33       5.575
       15.11       6.262
      -6.931      -14.86
      -4.943       15.68
       14.28      -8.247
      -16.14      -3.572
       9.512       13.57
       2.158      -16.47
      -12.75       10.72
       16.68      0.7134
      -11.85      -11.83
      0.7518       16.77
        10.8       -12.9
      -16.72       2.226
       13.87       9.677
      -3.698      -16.54
      -8.469       14.73
       16.24      -5.156
      -15.49      -7.183
       6.588        15.8
       5.829      -16.14
      -15.24       7.982
       16.67       4.417
      -9.328      -14.55
      -2.957       17.07
       13.74      -10.62
      -17.34       -1.46
       11.83       12.82
      -0.063      -17.49
      -11.79       12.97
       17.49      -1.599
      -14.01      -10.66
       3.137       17.37
        9.44      -14.96
       -17.1       4.664
        15.8       8.132
      -6.169      -16.71
       -6.75       16.52
       16.17       -7.64
      -17.12      -5.303
       9.064       15.51
       3.803       -17.6
      -14.72       10.43
       17.94       2.259
      -11.73      -13.82
     -0.6839       18.15
       12.79      -12.95
      -18.22      0.9093
       14.08       11.66
      -2.509      -18.14
      -10.43       15.11
       17.93      -4.103
      -16.03      -9.106
       5.679       17.58
       7.702      -16.83
      -17.08       7.223
       17.51       6.226
      -8.725      -16.45
       -4.69       18.06
       15.69      -10.17
      -18.48      -3.105
       11.55        14.8
       1.483      -18.75
      -13.79       12.85
       18.89     -0.1626
      -14.06      -12.66
        1.82       18.88
       11.43      -15.18
      -18.72       3.477
