      0.8694      0.8123
      -1.683    -0.01664
       1.533      -1.377
     -0.2315       2.368
      -1.598      -2.127
       2.865       0.536
      -2.673       1.663
      0.9058      -3.241
       1.614       3.184
      -3.521      -1.326
       3.662      -1.469
      -1.784       3.716
      -1.243      -4.106
        3.83        2.27
       -4.51      0.9447
       2.776      -3.866
      0.5821       4.871
      -3.827      -3.291
       5.184     -0.1627
      -3.809       3.716
      0.3061      -5.444
       3.533        4.32
      -5.647     -0.8172
       4.818      -3.281
      -1.364       5.791
      -2.964      -5.294
       5.871       1.938
      -5.742       2.583
       2.533      -5.886
       2.144       6.154
      -5.833       -3.14
       6.525       -1.65
      -3.754       5.712
      -1.107      -6.849
       5.522       4.366
       -7.12      0.5181
       4.968      -5.263
     -0.1092       7.334
      -4.937      -5.553
       7.486      0.7695
      -6.115       4.545
       1.456      -7.572
       4.089       6.645
       -7.59      -2.162
       7.137      -3.573
      -2.881       7.538
      -2.999      -7.586
       7.413       3.605
      -7.983       2.374
       4.327      -7.215
         1.7       8.325
      -6.944      -5.039
       8.606     -0.9846
      -5.734       6.601
     -0.2327      -8.821
       6.185       6.405
      -8.966     -0.5491
       7.043      -5.701
      -1.354       9.038
       -5.15      -7.643
       9.035       2.175
      -8.198       4.535
       3.005      -8.953
       3.862         8.7
      -8.792      -3.836
       9.144      -3.135
       -4.66       8.552
      -2.358      -9.524
       8.232        5.47
      -9.835       1.539
       6.257      -7.833
      0.6823       10.07
      -7.358      -7.015
       10.23      0.2037
      -7.735       6.808
       1.113      -10.31
       6.186       8.411
      -10.31      -2.037
       9.035      -5.497
      -2.967       10.22
      -4.745        -9.6
       10.04       3.897
       -10.1       3.935
       4.818      -9.783
       3.073       10.53
      -9.434      -5.722
       10.88      -2.166
        -6.6       9.001
       -1.22      -11.16
       8.484       7.445
      -11.35      0.2421
       8.249      -7.887
     -0.7591       11.45
      -7.212      -9.003
       11.46       1.776
      -9.701       6.465
         2.8      -11.38
        5.65       10.33
       -11.2      -3.823
        10.9      -4.773
      -4.836       10.94
       -3.84      -11.39
       10.57       5.831
      -11.79       2.857
       6.798      -10.12
       1.833       12.11
      -9.578      -7.729
       12.34     -0.7732
      -8.617       8.947
      0.3115      -12.48
       8.234       9.452
      -12.51      -1.414
       10.23      -7.443
      -2.524       12.45
      -6.577      -10.93
       12.29       3.635
      -11.57       5.645
       4.735      -12.03
       4.651       12.12
      -11.66      -5.817
       12.58      -3.604
      -6.871        11.2
      -2.511      -12.95
       10.64       7.889
      -13.23       1.379
        8.86      -9.994
      0.2185       13.41
      -9.254      -9.776
       13.48      0.9619
      -10.63       8.429
       2.153      -13.45
       7.524       11.41
      -13.31      -3.346
       12.12      -6.547
       -4.53       13.06
      -5.503      -12.74
       12.71       5.696
      -13.27         4.4
       6.835      -12.25
       3.246        13.7
      -11.69      -7.937
       14.03       -2.05
      -8.992       11.03
     -0.8214      -14.25
       10.27        9.99
      -14.37     -0.4309
       10.92      -9.421
      -1.697       14.38
      -8.487      -11.79
       14.27       2.967
      -12.57       7.474
       4.231      -14.05
       6.389       13.26
      -13.71      -5.478
       13.86      -5.239
        -6.7       13.26
      -4.033      -14.35
       12.71       7.884
      -14.74        2.78
       9.022      -12.05
        1.49       15.02
      -11.28       -10.1
       15.19     -0.1715
      -11.12       10.42
       1.164      -15.24
       9.464       12.06
      -15.17      -2.507
       12.92      -8.424
      -3.847       14.98
      -7.305      -13.69
       14.67       5.172
      -14.36       6.116
       6.473      -14.25
       4.865       14.92
      -13.71      -7.739
       15.38      -3.562
      -8.958       13.05
      -2.217      -15.72
       12.29       10.12
      -15.94      0.8386
       11.22      -11.42
     -0.5614       16.04
      -10.45      -12.24
       16.02       1.972
      -13.18       9.391
       3.384      -15.87
       8.247       14.03
       -15.6      -4.785
       14.77      -7.026
      -6.162        15.2
      -5.738      -15.41
       14.68       7.507
      -15.94       4.391
       8.807      -14.04
       2.997       16.34
      -13.28      -10.05
       16.63      -1.565
      -11.23       12.42
     -0.1055      -16.78
       11.44       12.34
      -16.81      -1.369
       13.36      -10.37
      -2.848       16.71
       -9.21      -14.28
       16.48        4.32
      -15.11       7.965
       5.772      -16.12
       6.646       15.82
      -15.62      -7.194
       16.42      -5.263
      -8.573       15.01
      -3.825       -16.9
       14.27       9.898
      -17.25       2.344
       11.16      -13.41
      0.8302       17.47
      -12.44      -12.35
       17.55      0.7033
      -13.45       11.36
       2.245       -17.5
       10.19       14.46
      -17.32      -3.784
       15.36      -8.929
      -5.308          17
      -7.585      -16.16
       16.54       6.804
      -16.83       6.171
        8.26      -15.95
       4.697       17.38
      -15.24      -9.666
        17.8      -3.173
      -11.01        14.4
       -1.61      -18.09
       13.44       12.28
      -18.24     0.02225
       13.46      -12.36
      -1.579       18.25
      -11.19      -14.55
       18.12       3.182
      -15.54       9.912
       4.773      -17.84
       8.551       16.42
      -17.43      -6.341
       17.17      -7.112
      -7.873       16.88
      -5.607       -17.8
       16.19       9.356
       -18.3       4.044
       10.78      -15.37
       2.439       18.65
      -14.43      -12.13
       18.87     -0.8022
       -13.4       13.37
       0.854      -18.94
       12.19       14.57
      -18.87      -2.517
