      0.3202      -1.146
      0.7607       1.501
      -1.929     -0.7261
       2.208     -0.8862
      -1.151       2.398
     -0.8447      -2.789
       2.708       1.605
      -3.294        0.69
       2.082        -2.9
      0.4465       3.736
      -2.992      -2.573
        4.12     -0.1294
      -3.071       2.996
      0.2498      -4.445
       2.917       3.567
       -4.71     -0.6815
       4.055      -2.762
      -1.157       4.914
      -2.534      -4.525
       5.053       1.668
      -4.972       2.238
       2.206      -5.126
       1.878       5.388
      -5.132      -2.763
       5.767      -1.459
      -3.332        5.07
     -0.9863      -6.103
       4.939       3.905
       -6.39      0.4652
       4.473      -4.739
    -0.09867       6.624
      -4.472       -5.03
       6.799      0.6989
      -5.568       4.139
       1.329      -6.912
       3.742        6.08
      -6.961      -1.983
       6.559      -3.283
      -2.653       6.941
      -2.767      -6.998
       6.852       3.332
      -7.391       2.198
       4.012      -6.691
       1.579       7.733
       -6.46      -4.687
       8.017     -0.9175
      -5.349       6.158
     -0.2174       -8.24
       5.786       5.991
      -8.398     -0.5143
       6.605      -5.346
      -1.271       8.485
       -4.84      -7.184
       8.501       2.046
      -7.721       4.272
       2.833      -8.441
       3.645        8.21
      -8.306      -3.623
       8.645      -2.964
       -4.41       8.093
      -2.234       -9.02
       7.803       5.185
       -9.33        1.46
       5.941      -7.437
      0.6483       9.571
      -6.996       -6.67
       9.737      0.1938
      -7.365       6.482
        1.06      -9.826
       5.898       8.019
      -9.836      -1.942
       8.625      -5.248
      -2.834       9.763
      -4.536      -9.175
       9.607       3.727
      -9.665       3.766
       4.613      -9.366
       2.944       10.09
      -9.042      -5.484
       10.44      -2.077
      -6.332       8.635
      -1.171      -10.71
       8.148        7.15
       -10.9       0.233
       7.929      -7.581
     -0.7296       11.01
      -6.939      -8.661
       11.03       1.709
       -9.34       6.226
       2.697      -10.96
       5.445       9.959
       -10.8      -3.685
       10.51      -4.603
      -4.666       10.55
      -3.706      -10.99
       10.21       5.629
      -11.39       2.759
       6.567      -9.778
       1.771       11.71
      -9.259      -7.472
       11.93     -0.7484
      -8.335       8.656
      0.3007      -12.07
       7.971       9.149
      -12.12      -1.368
       9.904      -7.209
      -2.445       12.06
      -6.374       -10.6
       11.91       3.523
      -11.21       5.473
       4.593      -11.66
       4.512       11.76
      -11.32      -5.645
       12.21      -3.498
      -6.671       10.88
      -2.438      -12.58
       10.34       7.662
      -12.86        1.34
        8.61      -9.713
      0.2132       13.03
      -8.998      -9.505
       13.11      0.9346
      -10.34       8.199
       2.095      -13.08
       7.322       11.11
      -12.95      -3.257
        11.8      -6.373
      -4.411       12.72
      -5.359      -12.41
       12.38       5.549
      -12.93       4.287
       6.661      -11.94
       3.164       13.35
      -11.39      -7.737
       13.68          -2
      -8.768       10.75
     -0.8021       -13.9
       10.02       9.746
      -14.02     -0.4195
       10.66      -9.194
      -1.656       14.03
      -8.286      -11.51
       13.93       2.897
      -12.27       7.299
       4.132      -13.72
       6.241       12.95
       -13.4      -5.353
       13.54      -5.119
      -6.547       12.96
      -3.943      -14.03
       12.42       7.707
      -14.41       2.719
       8.821      -11.78
       1.458       14.69
      -11.04      -9.882
       14.86     -0.1678
      -10.88       10.19
       1.139      -14.91
       9.262        11.8
      -14.85      -2.454
       12.65      -8.246
      -3.766       14.67
      -7.153       -13.4
       14.37       5.065
      -14.06       5.991
        6.34      -13.96
       4.767       14.62
      -13.43      -7.582
       15.07      -3.492
      -8.778       12.79
      -2.174      -15.41
       12.04       9.922
      -15.63      0.8221
          11       -11.2
     -0.5505       15.73
      -10.25      -12.01
       15.71       1.935
      -12.93       9.212
       3.319      -15.57
       8.092       13.76
       -15.3      -4.694
        14.5      -6.896
      -6.047       14.92
      -5.633      -15.12
       14.41       7.368
      -15.64       4.312
       8.646      -13.78
       2.943       16.05
      -13.04      -9.871
       16.33      -1.537
      -11.03       12.19
     -0.1036      -16.49
       11.24       12.12
      -16.52      -1.345
       13.12      -10.19
      -2.798       16.42
      -9.052      -14.03
        16.2       4.245
      -14.85        7.83
       5.673      -15.84
       6.534       15.55
      -15.36      -7.071
       16.14      -5.175
      -8.429       14.76
      -3.761      -16.62
       14.03       9.734
      -16.96       2.306
       10.98      -13.19
      0.8177       17.18
      -12.24      -12.15
       17.27      0.6909
      -13.23       11.18
       2.208      -17.22
       10.03       14.23
      -17.04      -3.723
       15.12      -8.787
      -5.224       16.73
      -7.466       -15.9
       16.28       6.697
      -16.57       6.075
       8.132      -15.71
       4.624       17.11
         -15      -9.517
       17.53      -3.124
      -10.84       14.18
      -1.587      -17.82
       13.23       12.09
      -17.97     0.02302
       13.26      -12.18
      -1.555       17.98
      -11.02      -14.34
       17.85       3.134
      -15.31       9.767
       4.704      -17.58
       8.427       16.18
      -17.18      -6.249
       16.92       -7.01
       -7.76       16.63
      -5.526      -17.54
       15.96       9.223
      -18.04       3.988
       10.63      -15.15
       2.406       18.39
      -14.23      -11.96
       18.61     -0.7921
      -13.21       13.18
       0.841      -18.68
       12.02       14.37
      -18.61      -2.482
       15.43      -10.76
      -4.116        18.4
       -9.41      -16.38
       18.04       5.731
       -17.2       7.973
       7.315      -17.54
       6.464       17.91
