     -0.3314       1.143
     -0.7461      -1.508
       1.922      0.7449
      -2.217      0.8646
       1.175      -2.387
      0.8173       2.798
      -2.692      -1.632
         3.3     -0.6578
       -2.11       2.879
       -0.41       -3.74
       2.967       2.602
      -4.121     0.08906
         3.1      -2.966
     -0.2933       4.442
      -2.882      -3.596
       4.703      0.7275
      -4.081       2.722
       1.205      -4.902
       2.489        4.55
      -5.036      -1.717
       4.994      -2.189
      -2.256       5.105
      -1.825      -5.407
       5.105       2.813
      -5.781       1.402
       3.381      -5.037
      0.9264       6.113
      -4.901      -3.953
       6.395     -0.4026
      -4.519       4.695
      0.1634      -6.623
       4.423       5.074
      -6.792     -0.7653
       5.608      -4.084
      -1.397       6.899
      -3.682      -6.116
       6.941       2.051
      -6.591       3.219
        2.72      -6.915
       2.699       7.025
      -6.819      -3.399
       7.412      -2.125
      -4.078       6.652
      -1.504      -7.748
       6.414        4.75
      -8.026      0.8389
       5.409      -6.105
      0.1369       8.242
      -5.727      -6.047
       8.392      0.5963
      -6.657       5.281
       1.354      -8.472
        4.77        7.23
       -8.48       -2.13
       7.762      -4.196
      -2.915       8.413
      -3.565      -8.245
        8.27       3.704
      -8.674       2.879
       4.489      -8.049
       2.145       9.042
      -7.752      -5.261
       9.344      -1.368
      -6.013       7.379
     -0.5548      -9.577
       6.931       6.738
      -9.735     -0.2889
       7.428       -6.41
      -1.156       9.816
      -5.819      -8.077
       9.816       2.038
      -8.676       5.163
       2.929      -9.735
       4.445       9.219
       -9.57      -3.821
       9.701      -3.671
      -4.704       9.321
      -2.846      -10.12
       8.988       5.572
      -10.46       1.975
       6.416      -8.573
       1.066       10.72
      -8.077      -7.229
        10.9     -0.1265
      -8.002       7.503
      0.8371         -11
       6.854       8.729
      -11.01      -1.817
       9.401      -6.134
      -2.804       10.93
      -5.347      -10.01
       10.76       3.791
      -10.55         4.5
       4.769       -10.5
       3.598       11.02
      -10.15      -5.729
       11.42      -2.648
      -6.663       9.713
      -1.657      -11.72
       9.186       7.562
      -11.94      0.6318
        8.42      -8.573
     -0.4186       12.07
      -7.881      -9.226
        12.1       1.486
      -9.975       7.111
       2.563      -12.04
        6.27       10.66
      -11.88       -3.64
       11.27      -5.364
      -4.707       11.62
      -4.397       -11.8
       11.26       5.755
      -12.25       3.379
       6.777      -10.81
       2.315        12.6
      -10.26      -7.764
       12.87      -1.215
      -8.705       9.628
    -0.08592      -13.03
       8.904       9.593
       -13.1      -1.063
       10.42      -8.097
      -2.223       13.06
      -7.213      -11.18
       12.92       3.383
      -11.86       6.258
       4.535      -12.67
       5.238       12.46
      -12.32       -5.67
       12.97       -4.16
      -6.777       11.87
      -3.034      -13.38
       11.32       7.848
       -13.7       1.866
       8.873      -10.67
      0.6662       13.91
      -9.923      -9.844
       14.02      0.5565
      -10.75        9.09
       1.793      -14.01
       8.173       11.59
       -13.9      -3.033
       12.34      -7.179
      -4.266       13.68
      -6.114      -13.01
       13.34       5.483
      -13.59       4.987
       6.674       -12.9
       3.805       14.07
      -12.35      -7.829
       14.44      -2.578
      -8.937       11.69
      -1.314      -14.71
       10.94        9.99
      -14.86     0.02267
       10.98      -10.09
      -1.285        14.9
      -9.147      -11.89
       14.82       2.599
      -12.73       8.123
       3.909      -14.63
       7.022       13.47
      -14.32      -5.205
       14.12      -5.853
      -6.477       13.89
      -4.624      -14.66
       13.35       7.713
       -15.1       3.344
       8.904       -12.7
       2.023       15.43
      -11.95      -10.04
       15.64     -0.6695
      -11.11       11.09
      0.7041      -15.72
       10.13        12.1
      -15.69      -2.088
       13.02      -9.085
      -3.471       15.54
      -7.957      -13.84
       15.26       4.844
      -14.56       6.754
       6.193      -14.86
       5.485       15.18
      -14.34      -7.509
       15.69      -4.159
      -8.781        13.7
      -2.786      -16.07
       12.95       9.998
      -16.34       1.377
       11.15      -12.09
    -0.05738       16.49
      -11.12      -12.23
        16.5       1.506
      -13.22       10.06
       2.959      -16.39
       8.914       14.12
      -16.15      -4.404
       14.92      -7.684
      -5.828       15.79
      -6.382      -15.61
       15.29       7.222
      -16.19       5.017
       8.573      -14.67
       3.599       16.65
      -13.94      -9.871
       16.98       -2.14
      -11.11       13.08
     -0.6498      -17.19
       12.12       12.26
      -17.26     -0.8595
       13.34      -11.05
      -2.378        17.2
       -9.89      -14.32
       17.01       3.889
       -15.2       8.639
       5.387      -16.68
       7.311       15.97
      -16.22      -6.856
       16.63      -5.913
      -8.285       15.63
      -4.457      -17.16
       14.91       9.663
      -17.56       2.953
       10.98      -14.07
       1.413       17.83
      -13.12      -12.22
       17.97      0.1525
      -13.38       12.05
        1.73      -17.96
       10.88       14.44
      -17.82      -3.308
       15.41      -9.617
      -4.875       17.54
      -8.268      -16.26
       17.12       6.417
      -16.99       6.844
       7.922      -16.56
       5.355        17.6
      -15.87      -9.378
       18.07      -3.812
      -10.77       15.05
      -2.226      -18.41
       14.11        12.1
      -18.61      0.6104
       13.34      -13.05
      -1.023       18.67
      -11.88      -14.49
       18.59       2.664
      -15.53       10.61
       4.296      -18.35
       9.249       16.47
      -17.98      -5.907
       17.28      -7.805
      -7.486       17.46
      -6.289      -17.97
