      -1.181       0.147
       1.091      -1.281
     0.07484       2.059
       -1.67      -1.695
       2.657      0.1362
      -2.247       1.856
      0.4354      -3.118
       1.908       2.772
      -3.478     -0.8009
       3.274      -1.854
      -1.218       3.753
       -1.71       -3.75
       3.949       1.676
      -4.197       1.486
       2.164      -4.068
        1.19       4.608
      -4.113      -2.674
       4.979     -0.8298
      -3.196       4.084
     -0.4124      -5.305
       3.984       3.723
      -5.581    -0.05553
       4.246      -3.812
     -0.5674       5.801
      -3.572      -4.757
       5.963       1.116
      -5.249       3.266
       1.695      -6.063
       2.896       5.715
      -6.099      -2.297
       6.148      -2.466
      -2.914       6.067
       -1.98      -6.542
       5.968       3.539
       -6.89       1.443
       4.164      -5.799
      0.8582       7.186
      -5.561      -4.783
       7.427     -0.2325
      -5.387       5.254
      0.4282      -7.607
       4.881        5.97
      -7.722      -1.118
       6.524      -4.442
       -1.83       7.769
      -3.942      -7.042
       7.746       2.557
      -7.518       3.382
       3.293       -7.65
       2.768       7.945
      -7.481      -4.029
       8.318      -2.103
      -4.758       7.238
      -1.394      -8.632
       6.922       5.473
       -8.88      0.6456
       6.166      -6.532
     -0.1355        9.06
      -6.072      -6.831
       9.168      0.9432
      -7.459       5.543
        1.77        -9.2
       4.949       8.044
      -9.154      -2.609
       8.578      -4.293
      -3.452       9.029
       -3.58      -9.057
       8.823       4.292
      -9.474       2.816
        5.12      -8.537
       2.005       9.823
      -8.171       -5.93
        10.1      -1.155
      -6.713       7.726
     -0.2708       -10.3
       7.205       7.462
      -10.42     -0.6392
       8.169       -6.61
      -1.568       10.46
      -5.946      -8.826
       10.41       2.508
      -9.428       5.215
        3.45      -10.28
       4.424       9.967
      -10.05      -4.387
       10.44      -3.577
      -5.311       9.745
      -2.682      -10.83
       9.349       6.213
      -11.15       1.744
       7.085      -8.868
      0.7703       11.39
      -8.304      -7.918
       11.53       0.231
      -8.706       7.661
       1.252      -11.59
       6.942       9.441
      -11.56      -2.283
       10.11      -6.153
      -3.318       11.43
      -5.298      -10.72
        11.2       4.347
      -11.25       4.383
       5.362      -10.88
       3.415        11.7
      -10.47      -6.353
       12.07      -2.401
      -7.313        9.97
      -1.349      -12.35
       9.379       8.232
      -12.53      0.2663
       9.102      -8.701
     -0.8379       12.62
      -7.942      -9.915
       12.61       1.955
      -10.66       7.106
       3.076       -12.5
       6.199       11.34
      -12.28      -4.192
       11.94      -5.228
      -5.294       11.97
      -4.199      -12.45
       11.56       6.372
      -12.88       3.118
       7.419      -11.04
       1.996       13.21
      -10.43      -8.422
       13.44     -0.8409
      -9.375       9.733
      0.3395      -13.56
       8.945       10.27
      -13.58      -1.536
        11.1      -8.074
      -2.738        13.5
      -7.126      -11.85
       13.31       3.936
      -12.52       6.108
       5.122      -13.01
       5.026        13.1
       -12.6      -6.285
       13.58      -3.889
      -7.415       12.09
      -2.705      -13.97
       11.47       8.502
      -14.25       1.484
       9.538      -10.76
      0.2342       14.42
       -9.95      -10.51
       14.49       1.035
      -11.42       9.053
       2.313      -14.44
       8.073       12.25
      -14.27      -3.589
       12.99      -7.017
      -4.855          14
      -5.892      -13.64
        13.6         6.1
       -14.2       4.706
       7.312       -13.1
       3.469       14.65
      -12.49      -8.482
       14.99      -2.189
        -9.6       11.77
     -0.8757      -15.21
       10.95       10.66
      -15.32     -0.4604
       11.64      -10.04
      -1.809       15.32
      -9.038      -12.55
       15.19        3.16
      -13.37       7.953
       4.503      -14.94
       6.792        14.1
      -14.57      -5.825
       14.72      -5.565
      -7.118       14.09
      -4.281      -15.24
       13.49       8.369
      -15.64       2.949
        9.57      -12.78
       1.578       15.93
      -11.96      -10.71
       16.09     -0.1808
      -11.78       11.04
       1.234      -16.14
       10.02       12.77
      -16.05      -2.654
       13.67      -8.909
       -4.07       15.84
      -7.721      -14.47
       15.51       5.468
      -15.17        6.46
       6.838      -15.05
       5.136       15.76
      -14.47       -8.17
       16.23      -3.758
      -9.451       13.77
      -2.337      -16.58
       12.95       10.67
       -16.8       0.883
       11.82      -12.03
     -0.5924        16.9
      -11.01      -12.89
       16.87       2.079
      -13.87       9.884
       3.563       -16.7
       8.675       14.76
      -16.41      -5.034
       15.53      -7.388
       -6.48       15.98
       -6.03       -16.2
       15.42       7.889
      -16.74       4.612
        9.25      -14.74
       3.146       17.16
      -13.94      -10.55
       17.45       -1.64
      -11.79       13.03
     -0.1085      -17.61
          12       12.94
      -17.63      -1.438
          14      -10.87
      -2.987       17.52
       -9.65      -14.97
       17.26       4.527
      -15.82       8.342
       6.046      -16.88
       6.957       16.56
      -16.35      -7.531
       17.18      -5.506
      -8.971        15.7
          -4      -17.68
       14.92       10.35
      -18.04       2.449
       11.67      -14.02
      0.8666       18.26
         -13       -12.9
       18.34       0.736
      -14.05       11.87
       2.346      -18.28
       10.64        15.1
      -18.08      -3.952
       16.04      -9.319
      -5.541       17.74
      -7.914      -16.86
       17.26       7.099
      -17.56       6.436
       8.617      -16.64
       4.895       18.13
      -15.89      -10.08
       18.56      -3.305
      -11.47          15
      -1.676      -18.85
          14       12.79
         -19     0.02202
       14.02      -12.88
