      0.9006     -0.7776
     -0.1964       1.671
      -1.205      -1.672
        2.33      0.4833
      -2.286       1.361
      0.8391      -2.791
       1.368       2.835
      -3.126      -1.247
       3.338      -1.264
      -1.695       3.359
       -1.07      -3.799
       3.504       2.171
      -4.215      0.7972
       2.667      -3.565
      0.4572       4.585
      -3.547      -3.173
       4.905    -0.05809
      -3.682       3.454
      0.3922      -5.171
       3.287       4.184
       -5.38     -0.8861
       4.673      -3.051
      -1.416       5.528
      -2.747      -5.141
       5.612       1.975
       -5.58       2.381
       2.554       -5.63
       1.955       5.985
      -5.581      -3.147
       6.348      -1.474
      -3.746       5.464
     -0.9435      -6.664
       5.278       4.343
      -6.928      0.3683
       4.931      -5.024
     -0.2457       7.135
      -4.702      -5.502
        7.28      0.8924
      -6.049       4.315
       1.565      -7.361
       3.865       6.565
      -7.373      -2.257
       7.044      -3.355
      -2.961       7.316
      -2.789      -7.478
       7.187        3.67
      -7.863       2.171
       4.377      -6.985
       1.507       8.191
      -6.712      -5.073
       8.459     -0.8007
      -5.752       6.366
    -0.05922      -8.662
        5.95       6.407
      -8.795     -0.7113
       7.029      -5.465
      -1.504       8.856
      -4.915      -7.613
       8.842       2.313
       -8.15       4.303
       3.129       -8.75
       3.633       8.636
      -8.581      -3.945
       9.063       -2.91
      -4.754       8.332
      -2.139      -9.426
       8.005       5.547
      -9.721       1.327
       6.318        -7.6
      0.4787       9.943
      -7.119      -7.059
       10.09       0.398
      -7.761       6.566
       1.296      -10.15
       5.942       8.419
      -10.13      -2.209
       9.024      -5.252
      -3.127       10.03
        -4.5       -9.57
       9.844       4.043
      -10.05       3.692
       4.948      -9.571
       2.833       10.46
      -9.212      -5.836
        10.8       -1.93
      -6.698       8.768
     -0.9905      -11.05
       8.244       7.525
      -11.22     0.02055
        8.31      -7.639
     -0.9723       11.31
       -6.96      -9.045
        11.3       1.979
      -9.722       6.209
       2.991       -11.2
       5.391       10.34
      -11.01          -4
       10.88      -4.513
      -4.999       10.73
      -3.581      -11.35
       10.36       5.977
      -11.73       2.601
       6.928       -9.89
       1.581       12.03
      -9.336      -7.841
       12.24     -0.5278
      -8.709       8.696
      0.5501      -12.35
       7.975       9.524
      -12.37      -1.643
       10.28      -7.177
      -2.743       12.29
      -6.307      -10.96
       12.11       3.841
      -11.57       5.371
       4.927      -11.83
       4.376        12.1
      -11.45      -5.994
       12.55       -3.33
      -7.031       10.97
      -2.239       -12.9
        10.4        8.03
      -13.15       1.112
       8.981      -9.741
    -0.04305        13.3
       -8.99      -9.877
       13.35       1.215
      -10.71       8.156
       2.397       -13.3
       7.244       11.47
      -13.14      -3.578
       12.15      -6.261
       -4.75       12.87
      -5.214      -12.75
        12.5       5.901
      -13.25        4.11
       7.023      -12.03
       2.957       13.66
      -11.45      -8.106
       13.97      -1.763
      -9.141       10.77
     -0.5391      -14.17
          10       10.12
      -14.26     -0.7066
       11.03      -9.143
      -1.964       14.24
        -8.2      -11.87
       14.11       3.224
      -12.63       7.179
       4.476      -13.87
       6.088       13.29
      -13.51      -5.709
       13.87      -4.935
      -6.913       13.05
      -3.728      -14.34
       12.47       8.079
       -14.7       2.476
       9.197      -11.79
       1.188       14.96
      -11.01      -10.26
        15.1      0.1244
      -11.25       10.14
       1.453      -15.12
       9.171       12.17
      -15.03      -2.787
          13      -8.121
      -4.115       14.82
      -6.995      -13.74
       14.48       5.427
      -14.39       5.801
       6.711      -14.04
       4.546       14.93
      -13.47      -7.959
       15.36      -3.243
      -9.159        12.8
      -1.898      -15.67
       12.02        10.3
      -15.87      0.5241
       11.38      -11.13
     -0.8698       15.94
      -10.15      -12.38
       15.89       2.273
      -13.29       9.083
       3.674      -15.72
       7.929       14.11
      -15.42      -5.061
       14.83      -6.701
      -6.424          15
      -5.407      -15.44
       14.45       7.751
      -15.94       4.058
       9.032      -13.79
       2.663       16.31
      -13.02      -10.26
       16.57      -1.233
      -11.41       12.13
      0.2223       -16.7
       11.14       12.49
       -16.7       -1.69
       13.49      -10.06
      -3.159       16.57
      -8.887      -14.39
       16.31       4.618
      -15.18       7.631
       6.056      -15.92
       6.305       15.87
      -15.41      -7.461
       16.44      -4.917
      -8.822       14.77
      -3.478      -16.89
       14.01       10.13
      -17.21       1.996
       11.37      -13.13
      0.4887        17.4
      -12.14      -12.53
       17.46       1.041
      -13.61       11.05
       2.575      -17.38
       9.861       14.59
      -17.16      -4.103
       15.46      -8.589
      -5.614       16.82
      -7.235      -16.23
       16.33       7.094
      -16.87       5.816
       8.533      -15.72
       4.336       17.39
      -14.98      -9.918
       17.78      -2.813
      -11.24       14.12
      -1.251      -18.04
       13.14       12.48
      -18.16     -0.3326
       13.64      -12.05
      -1.927       18.14
      -10.85      -14.71
       17.98        3.52
      -15.67       9.566
         5.1      -17.67
       8.196       16.51
      -17.23      -6.653
       17.24      -6.747
      -8.168       16.65
      -5.238      -17.83
       15.94       9.632
       -18.3       3.671
       11.03       -15.1
       2.066       18.62
      -14.13      -12.36
       18.81     -0.4317
       -13.6       13.05
       1.219      -18.85
       11.86       14.75
      -18.74      -2.874
       15.79      -10.56
      -4.519       18.49
