       1.122     -0.3948
      -1.548     -0.6605
      0.8512       1.877
      0.7392      -2.262
      -2.318       1.307
       2.839      0.6596
       -1.78      -2.597
     -0.4722       3.332
       2.756      -2.268
      -3.757        -0.2
       2.764       2.816
     -0.1416      -4.119
      -2.787       3.261
       4.419     -0.5414
      -3.751      -2.676
      0.9895       4.655
       2.489      -4.227
      -4.827       1.477
       4.682       2.231
      -1.996      -4.933
      -1.906       5.108
        4.97      -2.538
        -5.5       -1.52
       3.095        4.94
       1.077      -5.851
       -4.84       3.658
       6.155       0.583
      -4.221      -4.672
    -0.04419       6.407
       4.435      -4.775
      -6.603      0.5336
       5.313       4.132
      -1.144      -6.739
      -3.764       5.828
        6.81       -1.78
      -6.313      -3.334
       2.436       6.815
       2.845       -6.76
      -6.751       3.103
       7.164       2.302
      -3.775      -6.618
      -1.707        7.52
       6.413      -4.444
       -7.82      -1.068
       5.102       6.138
      0.3885       -8.06
      -5.793       5.742
       8.237     -0.3245
      -6.358       -5.38
       1.065       8.346
         4.9      -6.942
      -8.383       1.826
       7.486       4.358
      -2.601      -8.348
      -3.756       7.985
       8.237      -3.382
      -8.432      -3.098
       4.161       8.049
       2.389      -8.821
      -7.786       4.932
       9.148       1.636
      -5.686      -7.446
     -0.8434       9.406
       7.031      -6.416
      -9.593    -0.01814
       7.115       6.543
     -0.8331      -9.703
      -5.984       7.775
       9.736      -1.703
      -8.389      -5.359
       2.585       9.687
        4.67      -8.951
      -9.555        3.47
       9.454       3.923
       -4.35      -9.341
      -3.122       9.892
       9.043      -5.219
      -10.26      -2.275
       6.066       8.662
       1.387      -10.55
      -8.201       6.886
       10.76      0.4648
       -7.67       -7.66
      0.4838       10.89
       7.044      -8.409
      -10.94       1.452
       9.098       6.355
      -2.431      -10.89
      -5.599       9.729
       10.76      -3.412
       -10.3      -4.779
       4.387       10.54
       3.903      -10.79
      -10.22       5.349
       11.21       2.976
      -6.288      -9.817
      -2.005       11.55
       9.325      -7.196
       -11.8     -0.9983
       8.064       8.748
    -0.03724      -11.96
      -8.089       8.886
       12.03      -1.094
      -9.652      -7.353
       2.162          12
       6.543      -10.36
      -11.88       3.233
       10.99       5.664
      -4.298      -11.65
      -4.725       11.55
       11.34      -5.349
      -12.03       -3.73
       6.377       10.92
       2.688      -12.42
      -10.41       7.371
       12.71       1.606
      -8.325      -9.815
     -0.4922       12.92
       9.126      -9.229
      -13.02      0.6442
       10.08       8.354
      -1.795      -13.02
      -7.502       10.86
       12.92       -2.95
      -11.56      -6.576
         4.1       12.71
       5.584      -12.19
       -12.4       5.237
       12.73       4.533
       -6.35      -11.99
      -3.428       13.18
       11.47      -7.431
      -13.53      -2.279
       8.469       10.86
       1.096      -13.78
      -10.16       9.456
       13.93     -0.1139
      -10.38      -9.358
       1.341       13.96
       8.474      -11.24
      -13.89       2.575
       12.02       7.512
      -3.806      -13.71
      -6.477       12.72
       13.42      -5.025
      -13.33      -5.377
       6.221       13.02
       4.219      -13.85
      -12.51       7.385
       14.26       3.012
      -8.506      -11.89
      -1.765       14.56
       11.18      -9.576
      -14.76     -0.4884
       10.59       10.36
     -0.8088      -14.84
      -9.457       11.52
       14.81      -2.116
      -12.39      -8.467
       3.424       14.66
       7.398      -13.16
      -14.39       4.722
       13.84       6.257
      -5.998      -14.01
      -5.053       14.42
       13.51      -7.244
       -14.9      -3.796
       8.447        12.9
       2.493      -15.27
      -12.19         9.6
       15.52       1.156
      -10.69      -11.37
      0.2064       15.65
       10.45      -11.71
      -15.66       1.583
       12.65       9.438
      -2.963      -15.55
      -8.343       13.51
       15.32      -4.335
      -14.26       -7.17
       5.689       14.96
       5.927      -14.92
      -14.49       7.014
       15.46       4.626
      -8.298      -13.89
      -3.274       15.89
       13.19      -9.532
      -16.21      -1.882
       10.71       12.37
      0.4605      -16.39
      -11.44       11.81
       16.46     -0.9797
      -12.83      -10.42
       2.427       16.39
       9.309      -13.76
       -16.2       3.871
        14.6       8.109
      -5.299      -15.88
      -6.836       15.33
       15.43      -6.701
      -15.95      -5.497
       8.065       14.86
       4.102      -16.45
      -14.17       9.381
       16.83       2.662
      -10.63      -13.36
      -1.186       17.08
       12.44      -11.82
       -17.2      0.3129
       12.92       11.41
      -1.824      -17.19
      -10.29       13.94
       17.04      -3.335
      -14.85      -9.074
       4.835       16.76
       7.775      -15.66
      -16.35       6.311
       16.36       6.405
      -7.754      -15.81
      -4.973       16.93
       15.14      -9.146
      -17.38       -3.49
       10.48       14.35
       1.966       -17.7
      -13.44       11.75
       17.88      0.4127
      -12.94      -12.41
       1.157       17.93
       11.28      -14.03
      -17.84       2.732
       15.03       10.05
        -4.3      -17.61
       -8.74       15.92
       17.24       -5.85
       -16.7      -7.346
       7.363       16.73
       5.883      -17.35
      -16.09       8.837
       17.87       4.362
      -10.25      -15.32
      -2.795       18.26
       14.42       -11.6
      -18.51      -1.193
       12.87       13.41
      -0.432      -18.62
      -12.28       14.05
       18.59      -2.066
      -15.13      -11.05
       3.701       18.41
       9.725       -16.1
      -18.09       5.315
       16.96       8.313
      -6.905      -17.62
      -6.826       17.69
       17.02       -8.45
      -18.29      -5.274
