      0.2839       1.155
      0.8077      -1.476
      -1.951      0.6648
       2.179      0.9554
      -1.075      -2.434
     -0.9322       2.761
       2.757      -1.519
       -3.27     -0.7935
       1.989       2.964
      0.5641       -3.72
      -3.072       2.477
       4.114      0.2592
      -2.975      -3.091
      0.1095       4.451
       3.028      -3.473
      -4.729      0.5326
       3.965       2.888
      -1.001      -4.948
      -2.675       4.443
       5.103      -1.507
      -4.899      -2.393
       2.043       5.193
       2.047      -5.327
      -5.217         2.6
       5.719        1.64
       -3.17      -5.173
      -1.178       6.069
        5.06      -3.747
      -6.373     -0.6665
       4.321       4.878
      0.1104      -6.624
      -4.629       4.887
       6.818      -0.484
      -5.435      -4.312
        1.11       6.951
       3.932      -5.959
       -7.02       1.762
       6.452       3.488
      -2.432      -7.021
      -2.987       6.907
       6.953      -3.114
      -7.318       -2.43
       3.799       6.815
       1.822      -7.679
      -6.605       4.481
       7.985        1.17
      -5.153      -6.324
     -0.4773        8.23
       5.972      -5.805
       -8.41      0.2491
       6.433       5.552
      -1.003      -8.521
      -5.065       7.027
       8.561      -1.778
      -7.582      -4.514
       2.566       8.526
       3.903      -8.091
      -8.416        3.36
       8.548       3.235
      -4.152      -8.228
      -2.517       8.945
       7.963      -4.936
       -9.28      -1.753
       5.703       7.621
        0.95      -9.546
      -7.203       6.446
       9.738      0.1135
      -7.157      -6.712
      0.7492       9.855
       6.149      -7.829
      -9.892       1.632
       8.455       5.518
      -2.525      -9.847
      -4.823       9.028
       9.719      -3.422
      -9.541      -4.069
       4.315       9.507
       3.261      -9.989
      -9.211       5.196
       10.37       2.405
      -6.057      -8.831
      -1.508       10.67
       8.369      -6.889
      -10.89     -0.5769
       7.685       7.827
     -0.3825      -11.03
      -7.209       8.438
       11.08      -1.361
      -9.139      -6.517
        2.35       11.04
       5.756      -9.782
      -10.91       3.343
       10.36       4.932
      -4.331      -10.69
      -4.051       10.87
       10.38      -5.304
       -11.3      -3.117
       6.256        9.98
        2.14      -11.64
       -9.49       7.176
        11.9       1.125
      -8.058      -8.915
     -0.0796       12.08
       8.256      -8.892
      -12.15      0.9858
       9.672       7.518
      -2.064      -12.13
      -6.705       10.39
       12.02      -3.146
      -11.04      -5.825
       4.222        11.8
       4.881      -11.61
      -11.49       5.285
        12.1       3.882
      -6.325      -11.08
      -2.834        12.5
       10.58      -7.332
      -12.81      -1.745
       8.299        9.98
      0.6235      -13.02
      -9.293       9.216
       13.13     -0.5213
      -10.08      -8.521
       1.681       13.14
       7.669      -10.87
      -13.05       2.846
       11.59       6.742
      -4.008      -12.85
      -5.748       12.23
       12.55      -5.156
      -12.78      -4.693
       6.281       12.14
       3.583      -13.25
      -11.63       7.373
       13.61        2.43
      -8.424      -11.03
       -1.24       13.87
       10.32      -9.425
      -14.03    -0.02225
       10.37       9.526
      -1.213      -14.08
      -8.645       11.24
       14.01      -2.456
      -12.03      -7.682
       3.698       13.84
       6.647      -12.75
      -13.56       4.927
       13.37       5.544
      -6.135      -13.16
      -4.382        13.9
       12.66      -7.311
      -14.32      -3.172
       8.445       12.05
        1.92      -14.64
      -11.34       9.528
       14.85      0.6366
      -10.55      -10.53
      0.6681       14.94
        9.63       -11.5
      -14.92       1.984
       12.38       8.641
      -3.301      -14.78
      -7.573       13.17
       14.52      -4.609
      -13.86      -6.431
       5.897       14.15
       5.225      -14.46
      -13.66       7.154
       14.95       3.964
       -8.37      -13.06
      -2.658       15.33
       12.35      -9.537
      -15.59      -1.315
       10.64       11.54
    -0.05382      -15.74
      -10.62       11.68
       15.76      -1.438
      -12.63      -9.615
       2.826       15.67
       8.522       -13.5
      -15.44       4.208
       14.27       7.349
      -5.573       -15.1
      -6.106       14.94
       14.63      -6.909
       -15.5      -4.803
       8.206       14.05
       3.447      -15.95
      -13.35       9.454
       16.27       2.051
      -10.64      -12.54
     -0.6238       16.47
       11.62      -11.76
      -16.55      0.8232
       12.79        10.6
      -2.279       -16.5
      -9.489       13.74
       16.32      -3.732
      -14.59      -8.293
        5.17       16.01
       7.021      -15.34
      -15.58       6.583
       15.97       5.681
      -7.959      -15.01
      -4.284       16.49
       14.33      -9.287
      -16.88       -2.84
       10.56       13.53
       1.359      -17.15
      -12.62       11.75
       17.28     -0.1456
      -12.87      -11.59
       1.664       17.29
       10.47       -13.9
      -17.15       3.183
       14.83        9.26
      -4.694      -16.89
      -7.964       15.66
       16.49       -6.18
      -16.37      -6.595
       7.633       15.96
       5.162      -16.96
       -15.3       9.039
       17.42       3.676
      -10.39      -14.51
      -2.148       17.76
       13.61      -11.67
      -17.96     -0.5899
       12.87       12.59
     -0.9865      -18.02
      -11.47       13.98
       17.94      -2.569
         -15      -10.24
       4.146       17.72
       8.933       -15.9
      -17.37       5.704
       16.69        7.54
      -7.231      -16.87
      -6.077       17.36
       16.24      -8.715
       -17.9      -4.555
       10.14       15.48
       2.985      -18.31
       -14.6       11.51
       18.57       1.379
      -12.79      -13.59
      0.2511        18.7
       12.47      -13.99
      -18.68       1.894
       15.08       11.24
      -3.534      -18.52
      -9.922       16.07
       18.21      -5.159
      -16.94      -8.512
       6.758       17.76
       7.026      -17.69
