      0.5588       -1.05
      0.4207       1.629
      -1.728      -1.123
       2.347     -0.3913
       -1.64       2.095
     -0.2261      -2.906
         2.3       2.149
      -3.365    -0.03333
       2.656      -2.385
     -0.3661       3.745
       -2.37      -3.155
       4.051      0.7582
      -3.642       2.267
       1.198      -4.288
       2.083        4.11
      -4.454      -1.677
       4.553      -1.827
      -2.185       4.551
      -1.503      -4.964
       4.577       2.714
      -5.337       1.118
       3.255      -4.533
      0.6769       5.666
      -4.419      -3.801
       5.946     -0.1865
      -4.343       4.236
      0.3472      -6.173
       3.985       4.874
      -6.341     -0.9178
       5.386      -3.668
      -1.519       6.448
      -3.288      -5.873
       6.491       2.142
      -6.327       2.847
       2.782      -6.466
       2.349       6.742
      -6.372      -3.431
       7.111      -1.798
      -4.081       6.209
        -1.2      -7.429
       5.976       4.725
      -7.691      0.5594
       5.356      -5.674
     -0.1178       7.892
      -5.303      -5.965
       8.027      0.8254
      -6.547       4.866
       1.557      -8.095
       4.365       7.094
      -8.091      -2.305
       7.598      -3.803
      -3.063       8.014
      -3.185      -8.055
       7.863       3.824
      -8.458       2.515
       4.579      -7.636
       1.797       8.801
      -7.334      -5.322
        9.08      -1.039
      -6.044       6.957
     -0.2447       -9.29
       6.508       6.739
      -9.426     -0.5779
       7.399      -5.988
      -1.422       9.487
      -5.401      -8.017
       9.468        2.28
      -8.585        4.75
       3.145       -9.37
       4.039       9.099
      -9.189      -4.009
        9.55      -3.274
      -4.864       8.927
       -2.46      -9.935
       8.582       5.703
      -10.25       1.603
       6.516      -8.157
      0.7096       10.48
      -7.654      -7.298
       10.64      0.2124
      -8.039       7.074
       1.156      -10.71
       6.422       8.732
       -10.7      -2.113
       9.371      -5.702
      -3.077        10.6
      -4.918      -9.949
       10.41       4.037
      -10.46       4.075
       4.987      -10.13
        3.18        10.9
      -9.758      -5.919
       11.25      -2.239
      -6.822       9.302
       -1.26      -11.53
       8.762        7.69
      -11.72      0.2496
       8.514       -8.14
     -0.7835       11.81
      -7.439      -9.286
       11.82       1.832
      -9.999       6.664
       2.886      -11.73
       5.821       10.65
      -11.54      -3.937
       11.22      -4.914
      -4.978       11.26
       -3.95      -11.72
       10.88       5.999
      -12.13       2.938
        6.99      -10.41
       1.883       12.45
      -9.842      -7.944
       12.68     -0.7944
      -8.851        9.19
      0.3199      -12.81
       8.454       9.704
      -12.84      -1.451
       10.49      -7.638
       -2.59       12.77
      -6.747      -11.22
        12.6       3.728
      -11.86       5.788
       4.855      -12.33
       4.766       12.42
      -11.95      -5.962
       12.89      -3.692
      -7.039       11.47
       -2.57      -13.27
        10.9       8.078
      -13.54       1.412
       9.068      -10.23
      0.2236       13.72
      -9.468         -10
       13.79       0.984
      -10.87       8.621
       2.202      -13.75
       7.693       11.67
       -13.6       -3.42
       12.39      -6.691
       -4.63       13.35
      -5.622      -13.02
       12.98       5.821
      -13.55       4.494
       6.982      -12.51
       3.315       13.99
      -11.93      -8.104
       14.32      -2.093
      -9.178       11.26
     -0.8384      -14.55
       10.48       10.19
      -14.66     -0.4396
       11.15      -9.612
      -1.731       14.66
      -8.657      -12.02
       14.55       3.027
      -12.81        7.62
       4.315      -14.32
       6.512       13.52
      -13.98      -5.585
       14.12      -5.339
      -6.828       13.52
      -4.109      -14.62
       12.95       8.033
      -15.02       2.832
       9.189      -12.27
       1.517        15.3
      -11.49      -10.29
       15.47     -0.1747
      -11.32       10.61
       1.185      -15.51
       9.633       12.28
      -15.44      -2.553
       13.15      -8.572
      -3.915       15.25
      -7.432      -13.93
       14.93       5.263
       -14.6       6.221
       6.585      -14.49
       4.948       15.18
      -13.94       -7.87
       15.64      -3.622
      -9.109       13.27
      -2.254      -15.98
       12.49       10.29
       -16.2      0.8525
        11.4      -11.61
     -0.5715        16.3
      -10.62      -12.44
       16.28       2.005
      -13.39       9.542
       3.439      -16.12
       8.378       14.25
      -15.84       -4.86
          15      -7.137
      -6.259       15.44
      -5.827      -15.65
       14.91       7.623
      -16.18       4.459
       8.942      -14.25
       3.043       16.59
      -13.48       -10.2
       16.88      -1.588
       -11.4        12.6
     -0.1061      -17.04
       11.61       12.52
      -17.06       -1.39
       13.55      -10.53
      -2.891       16.96
      -9.345      -14.49
       16.72       4.383
      -15.32        8.08
       5.855      -16.35
       6.741       16.05
      -15.85      -7.296
       16.65      -5.336
      -8.695       15.22
      -3.878      -17.13
       14.47       10.04
      -17.49       2.376
       11.32       -13.6
      0.8416       17.71
      -12.61      -12.52
       17.79      0.7129
      -13.63       11.52
       2.276      -17.74
       10.33       14.65
      -17.55      -3.835
       15.57      -9.048
      -5.378       17.22
      -7.686      -16.37
       16.76       6.893
      -17.05       6.251
       8.369      -16.16
       4.757       17.61
      -15.43      -9.792
       18.03      -3.213
      -11.15       14.58
       -1.63      -18.32
       13.61       12.43
      -18.47     0.02254
       13.63      -12.52
      -1.599       18.48
      -11.33      -14.74
       18.34       3.222
      -15.73       10.04
       4.832      -18.06
       8.655       16.62
      -17.64       -6.42
       17.38      -7.198
       -7.97       17.08
      -5.674      -18.02
       16.39        9.47
      -18.52       4.093
       10.91      -15.56
       2.468       18.88
