    -0.04081      -1.189
      -1.093       1.279
       2.046     -0.2505
      -1.937      -1.382
       0.553       2.602
       1.479      -2.511
       -3.01       0.921
       3.038       1.448
      -1.339      -3.309
      -1.315       3.525
       3.515      -1.794
      -3.973      -1.098
       2.277       3.636
      0.8059      -4.378
      -3.676       2.778
       4.738      0.4491
      -3.289       -3.64
    -0.03513       5.048
        3.53        -3.8
      -5.304      0.4283
       4.304       3.348
     -0.9338      -5.502
      -3.096       4.793
       5.639      -1.474
      -5.261      -2.778
       2.042       5.713
       2.398      -5.698
      -5.721       2.629
         6.1        1.96
      -3.229      -5.661
      -1.467        6.46
       5.533      -3.833
      -6.772     -0.9251
       4.434       5.336
      0.3393      -7.031
       -5.07       5.025
       7.232     -0.2845
      -5.599      -4.738
        0.94       7.371
        4.34      -6.148
      -7.444       1.621
       6.664       3.879
      -2.321      -7.449
      -3.359       7.142
       7.384      -3.031
      -7.575      -2.783
       3.745       7.246
       2.156      -7.957
      -7.036       4.457
       8.282       1.482
      -5.157      -6.753
     -0.7668       8.546
       6.399      -5.839
      -8.743    -0.01707
       6.495       5.973
     -0.7611      -8.871
      -5.479       7.119
       8.926      -1.561
      -7.702       -4.92
       2.376       8.905
       4.299      -8.239
      -8.806       3.197
       8.723        3.62
      -4.018      -8.629
      -2.888       9.148
       8.372      -4.831
      -9.508      -2.109
       5.628       8.037
       1.289      -9.799
      -7.624       6.401
       10.02      0.4332
      -7.143      -7.135
      0.4504       10.16
       6.572      -7.846
      -10.21       1.355
       8.504        5.94
      -2.273      -10.19
      -5.241       9.108
       10.08      -3.196
      -9.653      -4.481
       4.116       9.886
       3.665      -10.13
      -9.604       5.025
       10.54       2.799
      -5.916      -9.238
      -1.889       10.87
       8.786       -6.78
      -11.12     -0.9419
       7.608       8.253
    -0.03446      -11.29
      -7.641       8.393
       11.37      -1.033
      -9.128      -6.953
       2.045       11.35
       6.194      -9.804
      -11.25       3.061
       10.42       5.369
      -4.075      -11.05
      -4.483       10.96
       10.76      -5.077
      -11.42      -3.543
       6.058       10.38
       2.556       -11.8
      -9.904        7.01
        12.1       1.529
      -7.924      -9.342
     -0.4702        12.3
       8.694      -8.792
      -12.41      0.6132
       9.607       7.965
      -1.711      -12.42
      -7.159       10.36
       12.33      -2.815
      -11.04      -6.281
       3.917       12.14
       5.338      -11.65
      -11.86       5.007
       12.18       4.336
      -6.076      -11.47
      -3.282       12.61
       10.99      -7.114
      -12.96      -2.185
       8.114       10.41
       1.051      -13.21
      -9.736       9.065
       13.36     -0.1084
       -9.96      -8.977
       1.286        13.4
       8.135      -10.79
      -13.34       2.471
       11.55       7.216
      -3.656      -13.17
      -6.225       12.23
        12.9       -4.83
      -12.82      -5.171
       5.984       12.52
        4.06      -13.32
      -12.04       7.107
       13.72       2.901
      -8.191      -11.45
      -1.701       14.03
       10.77      -9.226
      -14.22     -0.4715
        10.2       9.988
     -0.7789      -14.31
      -9.121       11.11
       14.28      -2.041
      -11.95       -8.17
       3.304       14.14
       7.141       -12.7
      -13.89       4.558
       13.37       6.043
      -5.794      -13.53
      -4.883       13.93
       13.06      -6.999
       -14.4      -3.669
       8.166       12.47
       2.412      -14.76
      -11.79       9.284
       15.01       1.119
      -10.34         -11
      0.1988       15.14
       10.11      -11.33
      -15.16       1.531
       12.25       9.139
      -2.869      -15.06
      -8.082       13.08
       14.84        -4.2
      -13.82      -6.948
       5.513        14.5
       5.747      -14.46
      -14.05         6.8
       14.99       4.486
      -8.048      -13.47
      -3.177       15.42
       12.79      -9.248
      -15.72      -1.828
       10.39          12
      0.4469      -15.91
      -11.11       11.46
       15.98     -0.9512
      -12.46      -10.12
       2.357       15.92
       9.042      -13.37
      -15.74       3.761
       14.18       7.881
       -5.15      -15.43
      -6.647        14.9
          15      -6.514
      -15.51      -5.345
       7.842       14.45
       3.992         -16
      -13.78       9.123
       16.37       2.589
      -10.35         -13
      -1.156       16.62
       12.11       -11.5
      -16.74      0.3046
       12.58       11.11
      -1.776      -16.73
      -10.02       13.57
        16.6      -3.248
      -14.47      -8.838
        4.71       16.33
       7.575      -15.26
      -15.93       6.149
       15.94       6.244
      -7.555      -15.41
      -4.848        16.5
       14.76      -8.915
      -16.94      -3.404
       10.22       13.99
       1.917      -17.26
       -13.1       11.46
       17.44      0.4046
      -12.62      -12.11
       1.129       17.49
       11.01      -13.69
       -17.4       2.666
       14.67       9.812
      -4.197      -17.18
      -8.533       15.54
       16.83      -5.708
       -16.3      -7.172
        7.19       16.34
       5.747      -16.94
      -15.71       8.628
       17.45        4.26
      -10.01      -14.96
      -2.732       17.84
       14.09      -11.33
      -18.09      -1.165
       12.57        13.1
     -0.4222       -18.2
         -12       13.73
       18.17       -2.02
      -14.79      -10.81
       3.616          18
       9.509      -15.75
      -17.68       5.197
       16.58       8.132
      -6.751      -17.23
      -6.676        17.3
       16.65      -8.266
      -17.89      -5.161
       9.729       15.92
       3.589      -18.35
      -15.07       11.13
       18.67       1.979
      -12.46       -14.1
     -0.3406       18.85
       13.01      -13.69
      -18.88       1.314
       14.84       11.81
      -2.971      -18.77
      -10.51       15.87
