      -1.144     -0.3258
       1.505     -0.7534
     -0.7355       1.925
     -0.8754      -2.213
       2.393       1.163
      -2.793       0.831
       1.619        -2.7
      0.6739       3.297
      -2.889      -2.096
       3.738     -0.4282
      -2.588       2.979
     -0.1092       -4.12
       2.981       3.085
      -4.444     -0.2716
       3.581        -2.9
     -0.7046       4.707
      -2.742      -4.068
       4.908       1.181
      -4.538       2.511
       1.692      -5.045
       2.213       4.983
      -5.116      -2.231
       5.398      -1.851
      -2.788       5.119
      -1.431      -5.775
       5.054       3.357
      -6.108      0.9563
       3.929       -4.92
      0.4338       6.393
      -4.717      -4.496
       6.623       0.131
      -5.052       4.447
      0.7321      -6.796
       4.112       5.588
      -6.906      -1.363
       6.098      -3.712
      -2.017       6.951
      -3.251      -6.575
       6.928       2.687
      -7.011       2.733
       3.365      -6.835
       2.162       7.402
      -6.672      -4.045
        7.74      -1.541
      -4.719       6.437
     -0.8781      -8.022
       6.132       5.379
      -8.241      0.1771
       6.019      -5.757
     -0.5553       8.395
      -5.314      -6.631
       8.479       1.313
      -7.207       4.805
       2.088       -8.49
       4.234       7.742
      -8.427      -2.874
       8.228      -3.605
      -3.664       8.288
      -2.921       -8.66
       8.071       4.449
      -9.031       2.189
       5.223      -7.778
       1.414       9.337
      -7.408      -5.977
       9.574     -0.6016
      -6.704       6.964
      0.2414      -9.736
       6.446       7.397
      -9.821      -1.108
       8.048      -5.859
      -1.991       9.826
      -5.206       -8.65
       9.749       2.882
      -9.198       4.491
       3.774      -9.588
       3.718       9.683
      -9.344      -4.659
        10.1      -2.895
      -5.528       9.015
      -2.026      -10.45
       8.604       6.374
      -10.72       1.119
       7.189      -8.113
      0.1797        10.9
      -7.542      -7.965
       11.01      0.7837
      -8.695       6.896
       1.763      -11.02
        6.18       9.371
      -10.95      -2.751
       9.985      -5.396
      -3.738       10.78
      -4.552      -10.53
       10.53       4.717
      -11.01       3.652
       5.679      -10.18
       2.704        11.4
      -9.746      -6.615
       11.71      -1.714
      -7.517       9.223
     -0.6901      -11.94
       8.614       8.378
      -12.07     -0.3597
       9.188      -7.926
      -1.427       12.11
       -7.16       -9.94
       12.05       2.504
      -10.63       6.322
       3.581      -11.89
       5.419       11.24
      -11.64       -4.65
       11.78      -4.455
        -5.7       11.29
      -3.439      -12.23
       10.84       6.724
      -12.59       2.377
       7.713       -10.3
       1.278       12.86
       -9.67      -8.658
       13.03     -0.1496
      -9.549        8.95
      0.9986       -13.1
       8.148       10.38
      -13.07      -2.159
       11.14      -7.268
       -3.32       12.94
      -6.316      -11.83
        12.7       4.473
      -12.43       5.299
       5.609      -12.35
       4.224       12.95
       -11.9      -6.719
       13.37      -3.099
      -7.793       11.36
      -1.933      -13.69
       10.71       8.821
      -13.91      0.7342
       9.795      -9.971
      -0.488       14.02
      -9.142      -10.71
       14.02       1.725
      -11.55       8.229
       2.965      -13.92
       7.239       12.31
       -13.7      -4.199
       12.98      -6.178
      -5.418       13.37
      -5.053      -13.56
       12.93       6.611
      -14.05       3.874
       7.768      -12.39
       2.649       14.43
      -11.74       -8.88
        14.7      -1.386
      -9.936       10.99
    -0.09524      -14.86
       10.14       10.93
      -14.91      -1.212
       11.85      -9.205
      -2.526       14.84
      -8.185      -12.69
       14.65       3.838
      -13.44       7.088
       5.135      -14.35
       5.922       14.09
      -13.93      -6.409
       14.64      -4.696
      -7.648       13.39
      -3.418      -15.09
       12.75       8.842
      -15.42       2.098
        9.98         -12
      0.7458       15.63
      -11.14      -11.05
       15.73      0.6273
      -12.05       10.19
       2.011       -15.7
       9.149       12.97
      -15.55      -3.395
        13.8      -8.024
      -4.769       15.28
      -6.825      -14.53
       14.89       6.121
      -15.15       5.559
       7.439      -14.37
       4.236       15.66
      -13.74      -8.714
       16.06      -2.864
      -9.934          13
      -1.457      -16.34
       12.14       11.09
      -16.49     0.02313
       12.17      -11.18
      -1.426       16.51
      -10.13      -13.17
       16.41       2.878
      -14.08       8.983
       4.325      -16.17
       7.757       14.88
      -15.81      -5.751
       15.58      -6.458
      -7.147       15.33
      -5.096      -16.17
       14.71       8.501
      -16.63        3.68
       9.803      -13.98
       2.223       16.97
      -13.14      -11.04
       17.19     -0.7337
      -12.21       12.18
      0.7752      -17.27
       11.12       13.29
      -17.21      -2.294
       14.27       -9.96
      -3.806       17.03
      -8.713      -15.16
        16.7       5.306
      -15.94       7.389
       6.777      -16.25
       5.994        16.6
      -15.67      -8.209
       17.14      -4.541
       -9.59       14.96
      -3.039      -17.55
       14.12       10.91
      -17.82         1.5
       12.16      -13.17
    -0.06472       17.97
      -12.11      -13.32
       17.97       1.642
      -14.39       10.95
       3.221      -17.83
       9.692       15.36
      -17.56      -4.789
       16.22      -8.347
      -6.333       17.15
      -6.927      -16.96
        16.6       7.841
      -17.57       5.441
       9.301      -15.91
         3.9       18.05
       -15.1       -10.7
        18.4      -2.316
      -12.03       14.17
     -0.7013      -18.61
       13.11       13.28
      -18.68     -0.9322
       14.43      -11.95
      -2.573        18.6
      -10.69      -15.48
       18.38       4.206
      -16.42        9.33
       5.819      -18.01
       7.889       17.24
       -17.5        -7.4
       17.94      -6.376
