     -0.3225       1.145
        1.43     -0.8862
      -2.025     -0.3831
       1.425       1.906
      0.2641      -2.647
      -2.172       1.943
       3.148     0.03747
      -2.454      -2.303
      0.2699       3.559
       2.324      -2.959
      -3.894      0.6413
       3.451       2.253
      -1.065      -4.156
      -2.099       3.926
       4.347      -1.529
      -4.377      -1.868
       2.027       4.468
       1.568      -4.798
      -4.518       2.547
       5.183       1.204
      -3.083      -4.497
     -0.7827       5.526
       4.406      -3.625
      -5.821     -0.3094
       4.167       4.246
     -0.2088      -6.063
      -4.017         4.7
       6.249      -0.766
      -5.216      -3.721
       1.355       6.374
       3.361      -5.709
      -6.436        1.97
       6.171        2.94
      -2.603      -6.431
       -2.46       6.595
       6.358      -3.247
      -6.976      -1.927
       3.894       6.216
       1.344      -7.308
      -6.003       4.537
       7.585      0.7179
       -5.17      -5.721
    -0.05334       7.802
       5.371      -5.783
      -7.956      0.6434
        6.37       4.954
      -1.366      -8.042
      -4.472       6.925
       8.058      -2.107
       -7.44      -3.929
        2.86       8.001
       3.328      -7.908
       -7.87       3.618
       8.325       2.673
      -4.372      -7.665
      -1.971       8.683
       7.384      -5.116
      -8.978      -1.225
       5.842       7.028
      0.4432      -9.206
      -6.599       6.542
       9.361     -0.3694
       -7.21        -6.1
       1.205       9.442
       5.532      -7.837
      -9.445       2.058
       8.417       4.899
      -2.919      -9.367
      -4.206       8.944
       9.209      -3.781
      -9.411      -3.456
       4.636       8.968
       2.657      -9.812
      -8.646       5.477
       10.14       1.813
      -6.296      -8.243
     -0.9318        10.4
       7.761      -7.084
      -10.58    -0.01936
       7.834       7.203
     -0.9167      -10.67
      -6.571       8.539
       10.68      -1.869
       -9.19       -5.87
       2.828        10.6
       5.103      -9.783
      -10.43       3.788
       10.31       4.277
      -4.739      -10.18
      -3.397       10.76
        9.83      -5.674
      -11.14       -2.47
       6.583       9.398
       1.503      -11.44
      -8.881       7.458
       11.65      0.5023
      -8.292      -8.281
      0.5233       11.77
       7.601      -9.076
      -11.79       1.566
       9.803       6.847
      -2.617      -11.73
      -6.022       10.47
       11.57      -3.667
      -11.06      -5.132
       4.709       11.31
       4.185      -11.57
      -10.96       5.734
       12.01       3.187
      -6.731      -10.51
      -2.144       12.35
       9.969      -7.693
       -12.6      -1.066
       8.611        9.34
    -0.04051      -12.76
      -8.626       9.477
       12.82      -1.166
      -10.28      -7.831
       2.301       12.77
        6.96      -11.02
      -12.63       3.438
       11.68       6.019
      -4.566      -12.38
      -5.016       12.26
       12.03      -5.677
      -12.76      -3.956
       6.761       11.58
       2.848      -13.16
      -11.03       7.808
       13.46         1.7
       -8.81      -10.38
     -0.5206       13.66
       9.647      -9.758
      -13.76      0.6808
       10.64       8.822
      -1.895      -13.75
      -7.916       11.46
       13.63      -3.112
      -12.19      -6.934
       4.323        13.4
       5.883      -12.85
      -13.06       5.517
        13.4       4.771
      -6.684      -12.62
      -3.606       13.87
       12.07      -7.815
      -14.23      -2.396
       8.901       11.41
       1.151      -14.48
      -10.66       9.932
       14.62     -0.1196
       -10.9      -9.819
       1.407       14.65
       8.887      -11.79
      -14.57       2.699
        12.6       7.873
      -3.989      -14.36
      -6.784       13.33
       14.05      -5.263
      -13.96      -5.628
       6.511       13.62
       4.413      -14.49
      -13.08       7.725
       14.91       3.149
      -8.894      -12.43
      -1.845       15.22
       11.67      -10.01
      -15.41     -0.5101
       11.05       10.82
     -0.8443      -15.49
      -9.869       12.03
       15.45      -2.209
      -12.92      -8.831
       3.572       15.28
       7.712      -13.72
         -15       4.922
       14.42        6.52
       -6.25      -14.59
      -5.263       15.02
       14.07      -7.544
      -15.51      -3.951
       8.794       13.43
       2.594      -15.89
      -12.68       9.989
       16.14       1.202
      -11.12      -11.82
      0.2146       16.27
       10.86      -12.17
      -16.27       1.646
       13.15       9.805
      -3.078      -16.15
      -8.664       14.03
        15.9      -4.502
      -14.81      -7.443
       5.906       15.53
       6.151      -15.48
      -15.03       7.279
       16.04       4.799
      -8.608      -14.41
      -3.395       16.48
       13.67      -9.885
       -16.8      -1.951
        11.1       12.82
      0.4771      -16.99
      -11.85       12.23
       17.05      -1.017
      -13.29      -10.79
       2.513       16.97
       9.635      -14.25
      -16.77       4.009
       15.11       8.393
      -5.484      -16.43
      -7.073       15.86
       15.96      -6.934
      -16.49      -5.686
       8.342       15.37
       4.239      -17.01
      -14.65       9.698
       17.39       2.751
      -10.99      -13.81
      -1.223       17.65
       12.85      -12.21
      -17.76      0.3232
       13.35       11.79
      -1.886      -17.75
      -10.62       14.39
       17.59      -3.443
      -15.33      -9.365
       4.992        17.3
       8.023      -16.16
      -16.87       6.511
       16.88       6.608
      -7.998      -16.31
      -5.129       17.46
       15.61      -9.433
      -17.92      -3.596
       10.81       14.79
       2.026      -18.24
      -13.85       12.11
       18.43       0.423
      -13.33      -12.79
       1.192       18.47
       11.62      -14.46
      -18.37       2.816
       15.48       10.35
      -4.428      -18.13
      -8.998       16.39
       17.74      -6.022
      -17.19      -7.561
       7.581       17.22
       6.052      -17.85
      -16.56       9.093
       18.39       4.488
      -10.55      -15.76
      -2.872       18.78
       14.83      -11.93
