      -1.085      0.4883
      0.6649      -1.546
      0.6783       1.946
      -2.095      -1.128
       2.579     -0.6527
        -1.6       2.436
     -0.5024      -3.108
        2.64       2.087
       -3.56      0.2594
       2.582      -2.736
    -0.05842       3.946
      -2.739       -3.08
       4.268      0.4383
      -3.573       2.656
      0.8697      -4.525
       2.495       4.053
      -4.718      -1.344
       4.514       -2.26
      -1.851       4.845
      -1.957      -4.948
       4.904       2.384
      -5.349       1.591
       2.934      -4.894
       1.167       5.711
      -4.815      -3.493
       6.028     -0.6901
      -4.054       4.668
     -0.1666      -6.294
       4.452       4.608
      -6.505     -0.3978
       5.149      -4.168
     -0.9968       6.656
       -3.82      -5.668
       6.745       1.623
      -6.159       3.408
       2.271      -6.768
       2.937       6.615
      -6.723      -2.932
       7.029       -2.41
        -3.6       6.608
      -1.832      -7.395
       6.423       4.267
      -7.708       1.207
       4.925      -6.167
      0.5402       7.963
      -5.841      -5.568
       8.155      0.1618
      -6.188       5.447
      0.8926      -8.281
       4.986       6.777
      -8.336      -1.646
       7.329      -4.461
      -2.414       8.319
      -3.875      -7.838
       8.227       3.191
      -8.296       3.233
       3.968      -8.059
        2.54       8.698
      -7.815      -4.739
       9.039        -1.8
      -5.495       7.494
      -1.019      -9.313
       7.099       6.229
      -9.516      0.2039
       6.933       -6.63
     -0.6386       9.645
       -6.09        -7.6
       9.696       1.502
      -8.224       5.482
       2.378      -9.667
        4.81       8.796
      -9.555      -3.259
       9.312      -4.079
      -4.139       9.361
      -3.294      -9.764
       9.084       5.008
      -10.15       2.459
       5.859      -8.724
       1.583       10.46
      -8.282      -6.683
       10.69     -0.6709
      -7.473       7.761
      0.2693      -10.84
       7.164       8.221
       -10.9       -1.23
       8.921      -6.494
      -2.204       10.88
      -5.755      -9.564
       10.76       3.182
      -10.14       4.952
       4.158      -10.56
       4.091       10.65
      -10.27       -5.12
       11.09      -3.177
      -6.063       9.886
      -2.219      -11.44
       9.416       6.976
      -11.72       1.222
       7.852       -8.86
      0.1954        11.9
      -8.221      -8.683
       11.99      0.8539
      -9.461       7.504
       1.917      -11.98
       6.712       10.18
      -11.88      -2.985
       10.83      -5.851
      -4.051       11.68
      -4.927       -11.4
       11.39       5.104
       -11.9       3.947
       6.135         -11
       2.917       12.31
      -10.51      -7.135
       12.63      -1.846
      -8.097       9.933
      -0.742      -12.85
       9.266       9.011
      -12.97     -0.3874
       9.869      -8.513
      -1.533          13
      -7.681      -10.66
       12.92       2.685
      -11.39       6.774
       3.836      -12.74
       5.799       12.03
      -12.45      -4.974
       12.59      -4.762
      -6.091       12.06
      -3.671      -13.06
       11.57       7.178
      -13.43       2.535
       8.224      -10.98
       1.361       13.71
       -10.3      -9.221
       13.87     -0.1584
      -10.16       9.524
       1.063      -13.94
       8.662       11.03
      -13.89      -2.295
       11.83      -7.718
      -3.525       13.73
      -6.701      -12.55
       13.47       4.745
      -13.18       5.617
       5.945      -13.09
       4.473       13.71
      -12.61      -7.115
       14.15      -3.279
      -8.245       12.02
      -2.043      -14.48
       11.32       9.326
       -14.7       0.775
       10.35      -10.53
     -0.5162        14.8
       -9.65       -11.3
        14.8       1.821
      -12.18        8.68
       3.127      -14.67
        7.63       12.97
      -14.43      -4.426
       13.68      -6.507
      -5.706       14.08
      -5.319      -14.28
       13.61       6.957
      -14.78       4.075
       8.169      -13.03
       2.783       15.17
      -12.34      -9.332
       15.45      -1.455
      -10.44       11.54
    -0.09906       -15.6
       10.64       11.47
      -15.64      -1.273
       12.43      -9.656
      -2.651       15.56
      -8.581       -13.3
       15.36       4.024
      -14.08       7.427
       5.381      -15.03
       6.202       14.76
      -14.58      -6.711
       15.33      -4.915
      -8.004       14.02
      -3.575      -15.78
       13.33       9.248
      -16.12       2.193
       10.43      -12.54
      0.7785       16.34
      -11.64      -11.55
       16.43      0.6563
      -12.59       10.64
       2.101       -16.4
        9.55       13.54
      -16.23      -3.545
        14.4      -8.372
      -4.976       15.94
      -7.117      -15.15
       15.52       6.382
       -15.8       5.794
       7.754      -14.98
       4.413       16.32
      -14.32      -9.079
       16.73      -2.983
      -10.35       13.53
      -1.516      -17.01
       12.64       11.55
      -17.16     0.02303
       12.67      -11.64
      -1.484       17.18
      -10.53       -13.7
       17.06       2.995
      -14.64        9.34
       4.496      -16.81
       8.062       15.47
      -16.43      -5.978
       16.19      -6.708
      -7.426       15.92
      -5.291      -16.79
       15.28       8.829
      -17.27        3.82
       10.18      -14.52
       2.306       17.62
      -13.63      -11.46
       17.83     -0.7602
      -12.66       12.63
      0.8052      -17.91
       11.53       13.78
      -17.85      -2.378
        14.8      -10.32
      -3.947       17.65
       -9.03      -15.71
       17.31       5.499
      -16.51       7.654
       7.021      -16.83
       6.207       17.19
      -16.22      -8.502
       17.74        -4.7
      -9.929       15.48
      -3.144      -18.16
       14.62       11.29
      -18.44       1.551
       12.58      -13.63
    -0.06809       18.59
      -12.53      -13.78
       18.58         1.7
      -14.88       11.32
       3.332      -18.44
       10.02       15.88
      -18.15      -4.952
       16.76      -8.626
      -6.545       17.72
      -7.156      -17.52
       17.15       8.101
      -18.15       5.619
       9.607      -16.44
