      0.9833     -0.6699
     -0.3855       1.638
      -1.007      -1.798
        2.26      0.7457
      -2.426       1.092
       1.152      -2.677
       1.036       2.973
      -2.963      -1.595
        3.46     -0.8756
      -2.066       3.144
     -0.6298      -3.896
       3.233       2.556
      -4.279      0.3118
       3.055      -3.238
    -0.06822       4.608
      -3.162      -3.557
        4.88      0.5013
      -4.051       3.012
       0.979      -5.093
       2.789       4.532
      -5.244      -1.493
        4.99      -2.498
      -2.037        5.33
      -2.144       -5.42
        5.35       2.601
      -5.815       1.729
       3.179      -5.303
        1.26       6.169
      -5.186      -3.763
       6.475     -0.7413
      -4.344       5.001
     -0.1779      -6.728
       4.749       4.916
      -6.925     -0.4237
       5.471      -4.429
      -1.057        7.06
      -4.045      -6.002
       7.131       1.716
      -6.501       3.598
       2.394      -7.134
       3.092       6.963
      -7.068      -3.083
        7.38      -2.531
      -3.776       6.931
      -1.919      -7.747
       6.722       4.465
      -8.059       1.261
       5.144      -6.441
      0.5634        8.31
       -6.09      -5.805
       8.495      0.1686
       -6.44       5.669
      0.9283      -8.612
       5.181       7.043
      -8.657      -1.709
       7.606      -4.629
      -2.504       8.627
      -4.016      -8.123
       8.521       3.305
      -8.587       3.347
       4.105      -8.337
       2.625       8.993
      -8.075      -4.897
       9.335      -1.858
      -5.672       7.736
      -1.051      -9.609
       7.321       6.423
      -9.809      0.2102
       7.143      -6.831
     -0.6576       9.933
      -6.269      -7.824
       9.977       1.545
      -8.459       5.639
       2.445      -9.939
       4.944       9.041
      -9.817      -3.349
       9.563      -4.189
       -4.25       9.611
       -3.38      -10.02
        9.32       5.138
      -10.41       2.522
       6.007      -8.944
       1.622       10.72
      -8.487      -6.848
       10.95     -0.6873
      -7.653       7.948
      0.2757      -11.09
       7.333       8.415
      -11.15      -1.259
       9.126      -6.643
      -2.254       11.12
      -5.884      -9.779
          11       3.253
      -10.37        5.06
       4.248      -10.79
       4.178       10.88
      -10.49       -5.23
       11.32      -3.244
      -6.189       10.09
      -2.265      -11.68
       9.608       7.119
      -11.95       1.247
        8.01      -9.037
      0.1992       12.13
      -8.382      -8.854
       12.22      0.8705
      -9.643       7.648
       1.954      -12.21
       6.838       10.37
       -12.1      -3.042
       11.03      -5.959
      -4.125        11.9
      -5.017      -11.61
       11.59       5.196
      -12.11       4.017
       6.243      -11.19
       2.969       12.52
      -10.69       -7.26
       12.84      -1.878
      -8.236        10.1
     -0.7546      -13.07
       9.421       9.163
      -13.19     -0.3939
       10.03      -8.654
      -1.559       13.21
      -7.806      -10.84
       13.13       2.729
      -11.57       6.882
       3.897      -12.94
        5.89       12.22
      -12.65      -5.052
       12.79      -4.836
      -6.185       12.25
      -3.727      -13.26
       11.75       7.286
      -13.64       2.573
       8.347      -11.15
       1.381       13.91
      -10.45      -9.357
       14.08     -0.1598
      -10.31       9.661
       1.079      -14.14
       8.785       11.19
      -14.09      -2.327
          12      -7.827
      -3.574       13.93
      -6.794      -12.73
       13.65       4.811
      -13.36       5.694
       6.026      -13.27
       4.534        13.9
      -12.77      -7.211
       14.34      -3.323
      -8.354       12.17
       -2.07      -14.67
       11.47       9.448
      -14.89      0.7841
       10.48      -10.67
     -0.5238       14.99
      -9.773      -11.45
       14.98       1.844
      -12.33       8.789
       3.167      -14.86
       7.724       13.13
      -14.61      -4.481
       13.84      -6.586
      -5.776       14.25
      -5.383      -14.45
       13.77       7.041
      -14.96       4.123
       8.267      -13.18
       2.816       15.35
      -12.48      -9.443
       15.63      -1.471
      -10.56       11.67
     -0.1002      -15.78
       10.77        11.6
      -15.82      -1.287
       12.57      -9.766
      -2.681       15.74
      -8.677      -13.45
       15.53       4.069
      -14.24       7.509
        5.44       -15.2
        6.27       14.92
      -14.74      -6.784
       15.49      -4.968
      -8.091       14.17
      -3.613      -15.95
       13.48       9.348
      -16.29       2.216
       10.55      -12.67
      0.7867       16.51
      -11.76      -11.67
        16.6      0.6632
      -12.72       10.75
       2.123      -16.56
       9.648       13.68
       -16.4      -3.581
       14.55      -8.457
      -5.026        16.1
      -7.189      -15.31
       15.68       6.446
      -15.96       5.851
       7.832      -15.13
       4.455       16.49
      -14.46      -9.169
       16.89      -3.012
      -10.45       13.66
       -1.53      -17.17
       12.76       11.66
      -17.32     0.02325
       12.79      -11.75
      -1.498       17.34
      -10.63      -13.83
       17.22       3.024
      -14.78       9.426
       4.539      -16.97
       8.136       15.62
      -16.58      -6.033
       16.34       -6.77
      -7.493       16.07
      -5.339      -16.95
       15.42       8.909
      -17.43       3.854
       10.27      -14.65
       2.326       17.77
      -13.75      -11.56
       17.99     -0.7669
      -12.77       12.74
      0.8122      -18.07
       11.63        13.9
         -18        -2.4
       14.93      -10.41
      -3.982        17.8
      -9.107      -15.85
       17.46       5.546
      -16.65       7.719
       7.081      -16.98
        6.26       17.34
      -16.36      -8.573
       17.89       -4.74
      -10.01       15.61
       -3.17      -18.31
       14.74       11.39
       -18.6       1.563
       12.68      -13.74
    -0.06979       18.74
      -12.63      -13.89
       18.73       1.715
         -15       11.41
       3.359      -18.59
        10.1       16.01
      -18.29      -4.991
       16.89      -8.694
      -6.597       17.86
