      0.5171       1.072
      -1.563     -0.6235
       1.927     -0.7299
      -1.072       2.125
     -0.7212      -2.561
       2.478       1.535
      -3.093      0.5852
       2.016      -2.695
      0.3542       3.552
      -2.804      -2.509
       3.946    -0.04673
      -3.006        2.82
      0.3244      -4.278
        2.75       3.501
      -4.547     -0.7489
       3.985      -2.602
      -1.217       4.752
       -2.38      -4.452
       4.892       1.721
      -4.894       2.088
       2.252      -4.966
       1.733       5.305
      -4.971      -2.802
       5.678      -1.319
      -3.364       4.907
     -0.8505      -6.007
       4.774       3.928
      -6.287      0.3342
       4.488      -4.573
     -0.2243       6.513
      -4.304      -5.036
       6.681      0.8189
      -5.564        3.97
       1.443      -6.786
       3.571       6.066
      -6.826       -2.09
       6.534      -3.113
      -2.752       6.799
      -2.597      -6.962
       6.702       3.422
      -7.344       2.028
       4.094      -6.534
       1.411       7.673
      -6.296      -4.759
       7.946     -0.7521
       -5.41       5.988
    -0.05576      -8.157
        5.61        6.04
      -8.302     -0.6714
       6.642      -5.165
      -1.423       8.377
      -4.654      -7.208
        8.38       2.191
      -7.732       4.082
        2.97      -8.309
       3.453       8.207
      -8.162      -3.752
       8.628       -2.77
      -4.529       7.938
       -2.04      -8.988
       7.638       5.293
      -9.283       1.267
       6.037      -7.262
      0.4577       9.508
      -6.812      -6.754
       9.659      0.3811
      -7.435        6.29
       1.242      -9.733
         5.7       8.074
      -9.727      -2.119
       8.665      -5.043
      -3.003       9.639
      -4.326        -9.2
       9.468       3.887
      -9.672       3.552
       4.764      -9.214
       2.729       10.08
      -8.877      -5.624
       10.41      -1.861
       -6.46       8.457
     -0.9557      -10.67
       7.958       7.263
      -10.84     0.01984
       8.027      -7.381
      -0.939       10.93
      -6.729      -8.745
       10.93       1.913
      -9.407       6.007
       2.894      -10.85
        5.22       10.01
      -10.67      -3.875
       10.54      -4.373
      -4.845        10.4
      -3.472         -11
       10.04       5.797
      -11.38       2.523
       6.723      -9.598
       1.534       11.68
      -9.066      -7.613
       11.89     -0.5126
      -8.461        8.45
      0.5339         -12
       7.753       9.258
      -12.03      -1.597
       9.996       -6.98
      -2.668       11.96
      -6.137      -10.67
       11.79       3.738
      -11.27       5.229
       4.798      -11.52
       4.263       11.79
      -11.16      -5.839
       12.22      -3.245
      -6.853        10.7
      -2.183      -12.57
       10.15       7.829
      -12.82       1.084
       8.761      -9.502
    -0.04121       12.98
      -8.773      -9.639
       13.03       1.186
      -10.46       7.962
        2.34      -12.99
       7.075        11.2
      -12.84      -3.495
       11.87      -6.117
       -4.64       12.58
      -5.096      -12.46
       12.22       5.767
      -12.96       4.018
       6.866      -11.76
       2.892       13.36
       -11.2      -7.929
       13.66      -1.726
      -8.944       10.54
     -0.5284      -13.87
       9.791       9.904
      -13.96     -0.6909
        10.8      -8.952
      -1.923       13.95
      -8.031      -11.62
       13.82       3.158
      -12.37       7.033
       4.384      -13.59
       5.966       13.03
      -13.24      -5.594
       13.59      -4.838
      -6.776       12.79
      -3.656      -14.06
       12.23       7.922
      -14.42       2.429
       9.021      -11.57
       1.167       14.67
       -10.8      -10.06
       14.81      0.1212
      -11.04       9.948
       1.426      -14.84
       9.002       11.94
      -14.75      -2.735
       12.76      -7.973
      -4.039       14.55
      -6.869       -13.5
       14.23       5.328
      -14.13       5.698
       6.593      -13.79
       4.467       14.66
      -13.24       -7.82
       15.09      -3.187
      -9.001       12.58
      -1.867       -15.4
       11.81       10.13
       -15.6      0.5152
       11.18      -10.95
     -0.8552       15.67
      -9.984      -12.17
       15.63       2.235
      -13.07       8.933
       3.613      -15.46
         7.8       13.88
      -15.17      -4.978
       14.59      -6.593
      -6.321       14.75
      -5.322      -15.19
       14.22       7.628
      -15.68       3.995
        8.89      -13.58
       2.623       16.06
      -12.81       -10.1
       16.31      -1.214
      -11.24       11.95
      0.2178      -16.44
       10.97        12.3
      -16.45      -1.663
       13.28      -9.908
      -3.111       16.32
      -8.754      -14.17
       16.07        4.55
      -14.96       7.519
       5.967      -15.69
       6.214       15.64
      -15.18      -7.352
        16.2      -4.847
      -8.695       14.55
      -3.428      -16.64
        13.8       9.982
      -16.96       1.968
       11.21      -12.94
      0.4818       17.15
      -11.97      -12.35
       17.21       1.027
      -13.42        10.9
       2.537      -17.14
       9.727       14.38
      -16.93      -4.047
       15.25      -8.472
      -5.537       16.59
      -7.137      -16.01
       16.11       6.998
      -16.65       5.738
       8.419      -15.51
       4.278       17.16
      -14.78      -9.787
       17.55      -2.776
      -11.09       13.93
      -1.234       -17.8
       12.97       12.32
      -17.92     -0.3261
       13.47      -11.89
      -1.902        17.9
      -10.72      -14.52
       17.75       3.473
      -15.47       9.446
       5.035      -17.45
       8.093        16.3
      -17.02       -6.57
       17.02      -6.663
      -8.066       16.45
      -5.173      -17.61
       15.74       9.513
      -18.07       3.626
        10.9      -14.91
       2.043        18.4
      -13.96      -12.21
       18.58     -0.4265
      -13.44       12.89
       1.202      -18.62
       11.72       14.57
      -18.52      -2.839
       15.61      -10.44
      -4.466       18.28
      -9.069      -16.53
       17.89        6.07
      -17.32       7.622
       7.641      -17.36
         6.1       17.99
      -16.69      -9.165
