     -0.4246      -1.111
      -0.619       1.565
       1.853      -0.901
      -2.281     -0.6786
       1.368       2.282
      0.5836      -2.855
      -2.548       1.848
       3.343       0.383
       -2.34      -2.695
    -0.09978       3.761
       2.742      -2.838
      -4.114      0.2515
       3.334       2.699
      -0.659      -4.403
      -2.575       3.821
       4.627      -1.113
      -4.292      -2.376
       1.605       4.786
       2.105       -4.74
      -4.878       2.127
       5.158       1.769
       -2.67      -4.901
      -1.372       5.539
       4.855      -3.225
      -5.878     -0.9204
       3.786       4.741
      0.4186      -6.168
      -4.557       4.344
       6.406     -0.1267
      -4.892      -4.306
      0.7096       6.587
       3.989      -5.421
      -6.706       1.323
       5.926       3.607
      -1.961       -6.76
      -3.164       6.399
       6.748      -2.617
      -6.834      -2.664
       3.282       6.666
       2.109      -7.223
      -6.515        3.95
       7.562       1.506
      -4.613      -6.292
     -0.8588       7.846
           6      -5.264
      -8.068     -0.1734
       5.895       5.638
     -0.5441      -8.225
      -5.208       6.499
       8.314      -1.287
       -7.07      -4.714
       2.049       8.332
       4.157        -7.6
      -8.275       2.822
       8.082       3.541
        -3.6      -8.144
      -2.872       8.512
       7.936      -4.374
      -8.882      -2.153
       5.138       7.651
       1.391      -9.188
      -7.291       5.883
       9.425      0.5922
      -6.602      -6.857
      0.2377        9.59
       6.351      -7.287
      -9.678       1.092
       7.932       5.775
      -1.962      -9.687
      -5.133       8.529
       9.614      -2.842
      -9.072       -4.43
       3.723        9.46
       3.669      -9.555
      -9.221       4.598
       9.971       2.858
      -5.458      -8.901
      -2.001       10.32
       8.498      -6.295
      -10.58      -1.105
       7.102       8.014
      0.1776      -10.77
      -7.453       7.871
       10.88     -0.7742
      -8.594      -6.817
       1.743        10.9
        6.11      -9.265
      -10.83        2.72
       9.875       5.337
      -3.697      -10.67
      -4.502       10.42
       10.41      -4.667
      -10.89      -3.613
       5.619       10.07
       2.676      -11.28
      -9.646       6.547
       11.59       1.697
      -7.442       -9.13
     -0.6833       11.82
        8.53      -8.295
      -11.95      0.3562
       9.099       7.849
      -1.414      -11.99
      -7.092       9.846
       11.94       -2.48
      -10.53      -6.263
       3.548       11.79
       5.369      -11.14
      -11.54       4.608
       11.67       4.415
       -5.65      -11.19
      -3.408       12.12
       10.75      -6.666
      -12.48      -2.356
       7.647       10.21
       1.267      -12.75
      -9.589       8.585
       12.92      0.1483
       -9.47      -8.876
      0.9904          13
       8.081       -10.3
      -12.97        2.14
       11.05       7.209
      -3.293      -12.83
      -6.266       11.73
        12.6      -4.438
      -12.34      -5.257
       5.566       12.26
       4.191      -12.85
      -11.81       6.668
       13.27       3.076
      -7.734      -11.27
      -1.919       13.59
       10.63      -8.756
      -13.81     -0.7288
       9.724       9.899
     -0.4845      -13.92
      -9.077       10.63
       13.92      -1.712
      -11.46      -8.171
       2.944       13.82
       7.188      -12.22
       -13.6        4.17
       12.89       6.135
      -5.381      -13.28
      -5.019       13.47
       12.84      -6.566
      -13.95      -3.848
       7.717        12.3
       2.631      -14.33
      -11.66       8.821
        14.6       1.377
      -9.872      -10.92
    -0.09553       14.77
       10.08      -10.86
      -14.81       1.204
       11.77       9.147
      -2.511      -14.74
      -8.134       12.61
       14.56      -3.814
      -13.35      -7.044
       5.104       14.26
       5.886         -14
      -13.84        6.37
       14.55       4.667
      -7.602      -13.31
      -3.398          15
       12.67      -8.789
      -15.33      -2.086
       9.922       11.93
      0.7424      -15.54
      -11.08       10.99
       15.64     -0.6237
      -11.99      -10.13
           2       15.61
       9.097       -12.9
      -15.47       3.376
       13.72        7.98
      -4.742       -15.2
      -6.787       14.45
       14.81      -6.087
      -15.07      -5.528
       7.399       14.29
       4.213      -15.58
      -13.67       8.667
       15.97        2.85
      -9.882      -12.93
      -1.449       16.25
       12.08      -11.03
       -16.4    -0.02301
       12.11       11.12
      -1.418      -16.43
      -10.08        13.1
       16.32      -2.864
      -14.01      -8.937
       4.302       16.09
       7.718      -14.81
      -15.73       5.722
       15.51       6.426
      -7.111      -15.25
      -5.071       16.09
       14.64      -8.459
      -16.55      -3.663
       9.755       13.92
       2.212      -16.89
      -13.07       10.99
        17.1      0.7302
      -12.15      -12.12
      0.7715       17.18
       11.06      -13.22
      -17.13       2.282
       14.21       9.913
       -3.79      -16.95
      -8.674       15.09
       16.63       -5.28
      -15.86      -7.355
       6.746       16.18
       5.967      -16.52
       -15.6       8.172
       17.06        4.52
      -9.547      -14.89
      -3.025       17.47
       14.06      -10.86
      -17.74      -1.493
        12.1       13.12
    -0.06444      -17.89
      -12.06       13.26
       17.89      -1.635
      -14.33       -10.9
       3.207       17.76
       9.651      -15.29
      -17.48       4.768
       16.15       8.312
      -6.306      -17.07
      -6.898       16.89
       16.53      -7.808
       -17.5      -5.418
       9.262       15.85
       3.884      -17.98
      -15.04       10.66
       18.33       2.307
      -11.98      -14.11
     -0.6984       18.53
       13.06      -13.22
       -18.6      0.9285
       14.37        11.9
      -2.561      -18.52
      -10.64       15.42
        18.3      -4.189
      -16.36      -9.292
       5.796       17.94
       7.858      -17.18
      -17.43       7.371
       17.87       6.351
      -8.902      -16.79
      -4.784       18.43
