      0.7889     -0.8907
     0.02825       1.682
      -1.417      -1.496
       2.374      0.1682
      -2.084       1.654
      0.4595      -2.878
       1.734       2.627
      -3.264     -0.8191
        3.14      -1.698
      -1.231       3.555
      -1.567      -3.622
       3.762       1.684
      -4.071       1.352
       2.168      -3.889
       1.065       4.484
      -3.939      -2.672
       4.854     -0.7117
      -3.188       3.914
     -0.3009      -5.178
       3.816       3.708
       -5.45     -0.1607
       4.224      -3.647
     -0.6662       5.667
      -3.409      -4.728
       5.825       1.209
      -5.213       3.104
       1.781      -5.921
       2.736       5.671
      -5.951      -2.375
       6.095      -2.308
      -2.984       5.915
      -1.824      -6.479
        5.81         3.6
      -6.817       1.289
       4.217      -5.636
      0.7079       7.104
      -5.394      -4.826
       7.334    -0.08641
      -5.419       5.083
        0.57      -7.504
       4.706       5.991
      -7.608      -1.254
       6.534      -4.265
      -1.959       7.645
      -3.762       -7.04
       7.612       2.679
      -7.503       3.201
       3.406      -7.507
       2.586       7.917
      -7.328      -4.133
       8.277      -1.922
      -4.852       7.076
      -1.214      -8.577
       6.751       5.556
      -8.812      0.4673
       6.237      -6.354
     -0.3103       8.978
      -5.887      -6.889
       9.071       1.113
      -7.503       5.352
       1.934      -9.089
       4.752       8.074
       -9.03      -2.765
       8.594      -4.093
        -3.6       8.892
      -3.377      -9.057
       8.673        4.43
      -9.458       2.611
       5.248      -8.375
         1.8       9.791
      -7.998      -6.046
       10.05     -0.9502
      -6.816       7.542
    -0.06872      -10.24
       7.011       7.551
      -10.34     -0.8374
       8.243      -6.408
      -1.761       10.36
      -5.736      -8.885
        10.3       2.694
       -9.47       4.999
       3.628      -10.15
       4.203       9.992
      -9.908      -4.556
       10.44      -3.353
      -5.468       9.584
      -2.455      -10.82
       9.174       6.358
      -11.12       1.517
       7.216       -8.68
      0.5444       11.34
      -8.104      -8.036
       11.47      0.4538
      -8.808        7.45
        1.47       -11.5
       6.722       9.525
      -11.45      -2.496
       10.18      -5.924
      -3.523        11.3
      -5.062      -10.77
       11.06       4.543
      -11.28       4.141
       5.547      -10.73
        3.17       11.71
       -10.3      -6.526
       12.06      -2.154
      -7.471       9.781
      -1.102      -12.32
       9.174       8.375
      -12.48     0.02132
       9.229      -8.483
      -1.079       12.55
      -7.713      -10.02
       12.51       2.191
      -10.75       6.867
       3.306      -12.38
       5.951       11.41
      -12.15      -4.413
       11.99      -4.972
      -5.504       11.81
      -3.938      -12.48
       11.38        6.57
      -12.88       2.855
       7.602      -10.85
       1.731       13.19
      -10.23       -8.59
        13.4     -0.5761
      -9.526       9.511
       0.602       -13.5
       8.709        10.4
       -13.5      -1.794
       11.21      -7.826
       -2.99       13.39
      -6.867      -11.94
       13.18        4.18
      -12.59        5.84
       5.355      -12.86
       4.751       13.14
      -12.43      -6.506
       13.61       -3.61
      -7.622        11.9
      -2.424      -13.97
       11.26       8.694
      -14.23       1.201
       9.713      -10.53
     -0.0474       14.38
      -9.709      -10.67
       14.42       1.313
      -11.56       8.798
       2.586      -14.34
       7.806       12.36
      -14.15      -3.855
       13.08      -6.739
      -5.111       13.85
      -5.606      -13.71
       13.44       6.344
      -14.24       4.414
       7.542      -12.91
       3.172       14.66
      -12.28      -8.697
       14.98       -1.89
      -9.798       11.55
     -0.5766      -15.18
       10.71       10.84
      -15.26     -0.7573
        11.8      -9.782
      -2.102       15.23
      -8.765      -12.69
       15.08       3.446
      -13.49       7.667
       4.779      -14.81
       6.496       14.19
      -14.42      -6.091
       14.79      -5.261
       -7.37       13.91
      -3.971      -15.28
       13.29       8.607
      -15.65       2.635
        9.79      -12.55
       1.264       15.91
      -11.71      -10.91
       16.05      0.1333
      -11.96       10.77
       1.544      -16.07
       9.739       12.93
      -15.95      -2.959
        13.8      -8.618
      -4.367       15.72
      -7.418      -14.58
       15.36       5.755
      -15.25       6.147
       7.113      -14.87
       4.815       15.81
      -14.27      -8.429
       16.26      -3.432
      -9.694       13.55
      -2.007      -16.58
       12.71        10.9
      -16.78      0.5532
       12.03      -11.77
     -0.9201       16.84
      -10.72      -13.07
       16.78       2.401
      -14.03       9.588
       3.879      -16.59
       8.365       14.89
      -16.26       -5.34
       15.64      -7.066
      -6.774       15.81
      -5.699      -16.27
       15.23       8.169
      -16.79       4.274
       9.515      -14.53
       2.803       17.18
       -13.7       -10.8
       17.44      -1.296
      -12.01       12.76
      0.2349      -17.57
       11.72       13.14
      -17.56      -1.778
       14.18      -10.57
      -3.321       17.41
      -9.335      -15.12
       17.13       4.852
      -15.95       8.013
        6.36      -16.72
       6.618       16.66
      -16.17      -7.832
       17.25      -5.159
      -9.256       15.49
      -3.646      -17.71
       14.68       10.62
      -18.04       2.093
       11.92      -13.76
      0.5076       18.23
      -12.72      -13.13
       18.28       1.091
      -14.25       11.57
       2.699       -18.2
       10.32       15.27
      -17.96      -4.295
       16.18      -8.986
      -5.875       17.59
      -7.568      -16.98
       17.08       7.419
      -17.64        6.08
       8.922      -16.43
       4.532       18.18
      -15.65      -10.37
       18.58      -2.935
      -11.74       14.75
      -1.306      -18.84
       13.72       13.04
      -18.96     -0.3496
       14.24      -12.57
      -2.011       18.93
