     -0.2359      -1.166
      -0.868       1.441
       1.976     -0.5837
      -2.138      -1.045
      0.9738       2.476
       1.046       -2.72
      -2.818       1.404
       3.235       0.928
      -1.865      -3.043
     -0.7174       3.694
       3.172      -2.348
      -4.099      -0.429
       2.845       3.211
     0.07446      -4.451
      -3.169       3.345
       4.747     -0.3367
      -3.843       -3.05
       0.796       4.985
       2.856      -4.329
      -5.161       1.295
       4.796       2.594
      -1.827      -5.273
      -2.265       5.237
        5.32      -2.382
      -5.646      -1.875
       2.954       5.299
       1.428      -6.015
       -5.21       3.535
        6.34      0.9292
      -4.116      -5.052
      -0.384       6.614
       4.827      -4.691
      -6.832      0.2019
       5.252       4.533
     -0.8223      -6.991
      -4.174       5.791
       7.086      -1.471
      -6.302      -3.752
        2.14       7.116
       3.269      -6.778
      -7.076       2.824
       7.212        2.73
      -3.515      -6.966
      -2.138       7.597
       6.784      -4.205
      -7.929      -1.499
       4.887       6.531
      0.8169      -8.203
      -6.207       5.554
       8.413      0.0986
      -6.198      -5.813
      0.6499       8.555
       5.351      -6.812
      -8.627       1.422
        7.39       4.823
      -2.211      -8.625
      -4.233       7.923
       8.547      -3.008
      -8.407      -3.585
       3.809       8.393
       2.884      -8.834
       -8.16       4.603
       9.199       2.135
      -5.383       -7.85
      -1.344       9.498
       7.463      -6.143
      -9.725     -0.5158
       6.874       7.001
     -0.3414      -9.878
      -6.466       7.569
       9.951      -1.221
       -8.22      -5.862
       2.115       9.943
       5.191      -8.821
      -9.852       3.018
       9.365       4.459
      -3.919      -9.677
      -3.671       9.846
       9.418      -4.811
      -10.26      -2.832
       5.687       9.074
       1.948       -10.6
      -8.647       6.537
       10.86       1.026
      -7.355      -8.138
    -0.07408       11.03
       7.551      -8.133
      -11.13      0.9011
       8.862       6.889
      -1.891      -11.13
      -6.156       9.536
       11.04      -2.889
      -10.15      -5.356
       3.885       10.86
       4.496      -10.69
      -10.59       4.871
       11.16       3.581
      -5.838      -10.23
      -2.619       11.55
       9.779      -6.778
      -11.85      -1.616
       7.683       9.239
      0.5792      -12.06
      -8.615       8.544
       12.18     -0.4822
      -9.353       -7.91
        1.56       12.21
       7.129       -10.1
      -12.14       2.647
       10.79       6.276
      -3.731      -11.97
      -5.357        11.4
        11.7      -4.806
      -11.93      -4.378
       5.862       11.33
       3.348      -12.37
      -10.87        6.89
       12.72       2.273
       -7.88      -10.31
      -1.162       12.98
       9.665      -8.825
      -13.14    -0.02245
       9.715        8.93
      -1.137       -13.2
      -8.111       10.54
       13.16      -2.305
       -11.3      -7.215
       3.473       13.01
       6.248      -11.98
      -12.75       4.633
       12.58       5.217
      -5.774      -12.39
      -4.128       13.09
       11.93      -6.887
       -13.5      -2.991
       7.962       11.36
       1.812      -13.81
       -10.7       8.991
       14.01      0.6027
      -9.963      -9.946
      0.6303       14.11
       9.101      -10.87
       -14.1       1.875
       11.71       8.173
      -3.122      -13.98
      -7.168       12.46
       13.75      -4.363
      -13.13      -6.092
       5.587       13.41
       4.954       -13.7
      -12.95       6.782
       14.18       3.761
      -7.941      -12.39
      -2.524       14.55
       11.73      -9.052
      -14.81       -1.25
       10.11       10.96
    -0.05023      -14.96
       -10.1        11.1
       14.99      -1.366
      -12.01      -9.145
       2.688        14.9
        8.11      -12.84
       -14.7       4.005
       13.59       6.999
      -5.308      -14.38
      -5.819       14.23
       13.95      -6.584
      -14.77       -4.58
       7.824        13.4
        3.29      -15.21
      -12.73       9.018
       15.53       1.958
      -10.16      -11.97
     -0.5965       15.73
        11.1      -11.23
      -15.81      0.7853
       12.22       10.13
      -2.177      -15.77
      -9.072       13.13
        15.6      -3.568
      -13.95      -7.933
       4.945       15.32
       6.719      -14.67
      -14.91         6.3
       15.29        5.44
       -7.62      -14.38
      -4.103       15.79
       13.73      -8.895
      -16.17      -2.722
       10.11       12.97
       1.304      -16.44
      -12.09       11.27
       16.57     -0.1386
      -12.34      -11.12
       1.595       16.58
       10.05      -13.34
      -16.46       3.055
       14.24        8.89
      -4.505      -16.21
      -7.649       15.03
       15.84      -5.935
      -15.72      -6.337
       7.332       15.33
       4.961       -16.3
       -14.7       8.687
       16.75       3.535
      -9.987      -13.95
      -2.067       17.08
       13.09      -11.22
      -17.27     -0.5685
       12.38       12.12
     -0.9493      -17.34
      -11.04       13.46
       17.27      -2.472
      -14.44      -9.865
       3.992       17.07
       8.605      -15.32
      -16.73       5.494
       16.08       7.266
      -6.967      -16.26
      -5.858       16.73
       15.66      -8.399
      -17.26      -4.393
        9.78       14.93
        2.88      -17.65
      -14.08        11.1
       17.92       1.331
      -12.34      -13.11
      0.2412       18.04
       12.04       -13.5
      -18.03       1.826
       14.56       10.86
      -3.411      -17.88
      -9.582       15.52
       17.59      -4.982
      -16.37      -8.223
       6.528       17.16
       6.789       -17.1
      -16.59       8.036
        17.7       5.291
      -9.495      -15.89
      -3.739       18.17
       15.06      -10.89
       -18.5      -2.146
       12.22       14.11
      0.5204      -18.69
      -13.04       13.46
       18.74       -1.12
      -14.61      -11.86
       2.766       18.65
       10.58      -15.65
      -18.41       4.403
       16.58       9.204
      -6.019      -18.02
      -7.752       17.39
