     -0.3449      -1.139
       1.447      0.8581
      -2.017      0.4226
       1.388      -1.933
      0.3158       2.642
       -2.21        -1.9
       3.146     -0.0989
      -2.409        2.35
      0.2002      -3.564
       2.382       2.913
      -3.906      -0.565
       3.407       -2.32
     -0.9831       4.176
      -2.175      -3.884
       4.376       1.444
       -4.34       1.953
       1.939      -4.506
       1.661       4.767
      -4.567      -2.458
       5.159      -1.305
      -2.994       4.557
     -0.8905      -5.509
       4.476       3.539
      -5.814      0.4233
       4.083      -4.326
    -0.09018       6.066
      -4.108       -4.62
       6.263      0.6436
      -5.142       3.823
        1.23        -6.4
       3.472       5.642
      -6.473      -1.844
       6.112       -3.06
      -2.477       6.481
      -2.589      -6.546
        6.42       3.122
      -6.937       2.063
       3.772       -6.29
       1.487        7.28
      -6.091      -4.419
       7.569     -0.8664
      -5.057       5.821
      -0.206      -7.799
       5.483       5.677
      -7.967     -0.4877
       6.272      -5.077
      -1.209       8.067
      -4.606      -6.836
       8.097       1.949
      -7.362       4.073
       2.703      -8.056
       3.482       7.842
       -7.94      -3.463
       8.271      -2.836
      -4.222       7.749
       -2.14      -8.643
       7.482       4.971
      -8.952       1.401
       5.704      -7.141
      0.6232       9.195
      -6.726      -6.412
       9.367      0.1864
      -7.089       6.239
       1.021      -9.464
       5.684       7.727
      -9.483      -1.873
        8.32      -5.063
      -2.735       9.423
       -4.38       -8.86
       9.281         3.6
      -9.341        3.64
        4.46      -9.057
       2.849       9.759
      -8.752      -5.307
       10.11      -2.011
      -6.134       8.365
      -1.135      -10.38
       7.898       6.931
      -10.57      0.2259
       7.692      -7.355
     -0.7081       10.68
      -6.737      -8.409
       10.71        1.66
      -9.074       6.048
       2.621      -10.65
       5.294       9.681
       -10.5      -3.583
       10.22      -4.478
      -4.539       10.27
      -3.608       -10.7
       9.939        5.48
      -11.09       2.688
       6.397      -9.525
       1.726       11.41
      -9.025      -7.283
       11.64     -0.7297
      -8.128       8.441
      0.2933      -11.78
       7.777       8.926
      -11.82      -1.335
       9.668      -7.037
      -2.387       11.78
      -6.225      -10.35
       11.64       3.441
      -10.96       5.348
       4.488       -11.4
       4.411       11.49
      -11.07      -5.519
       11.94      -3.421
      -6.525       10.64
      -2.385      -12.31
       10.12       7.497
      -12.58       1.312
       8.427      -9.507
      0.2087       12.76
       -8.81      -9.306
       12.84      0.9153
      -10.13       8.031
       2.051      -12.82
       7.175       10.88
      -12.69      -3.191
       11.56      -6.247
      -4.323       12.47
      -5.254      -12.16
       12.14       5.441
      -12.68       4.204
       6.533      -11.71
       3.104        13.1
      -11.18      -7.591
       13.42      -1.962
      -8.605       10.55
     -0.7873      -13.65
       9.836       9.567
      -13.77     -0.4119
       10.47      -9.029
      -1.626       13.78
      -8.139       -11.3
       13.68       2.845
      -12.06       7.172
       4.061      -13.48
       6.133       12.73
      -13.17      -5.261
       13.31      -5.032
      -6.436       12.74
      -3.876      -13.79
       12.22       7.578
      -14.18       2.674
       8.676      -11.59
       1.434       14.45
      -10.86      -9.721
       14.62      -0.166
       -10.7       10.03
        1.12      -14.67
       9.116       11.62
      -14.62      -2.414
       12.45      -8.117
      -3.707       14.44
      -7.043      -13.19
       14.15       4.987
      -13.85       5.899
       6.244      -13.75
       4.695        14.4
      -13.23      -7.468
       14.84       -3.44
      -8.648        12.6
      -2.142      -15.18
       11.87       9.776
       -15.4      0.8111
       10.84      -11.03
     -0.5416        15.5
       -10.1      -11.83
       15.49       1.907
      -12.75       9.082
       3.273      -15.35
       7.978       13.57
      -15.09      -4.628
       14.29        -6.8
      -5.964       14.71
      -5.556      -14.92
       14.21       7.267
      -15.43       4.254
       8.529       -13.6
       2.904       15.83
      -12.87      -9.738
       16.11      -1.517
      -10.89       12.03
     -0.1033      -16.27
        11.1       11.96
       -16.3      -1.328
       12.95      -10.06
      -2.762       16.21
      -8.936      -13.85
       15.99       4.191
      -14.66       7.731
       5.601      -15.64
       6.452       15.36
      -15.17      -6.983
       15.94      -5.111
      -8.324       14.57
      -3.716      -16.41
       13.86       9.615
      -16.76       2.279
       10.84      -13.03
      0.8078       16.97
      -12.09         -12
       17.06      0.6826
      -13.07       11.05
       2.182      -17.02
       9.912       14.06
      -16.85       -3.68
       14.94      -8.686
      -5.163       16.54
      -7.381      -15.72
        16.1        6.62
      -16.38       6.007
        8.04      -15.53
       4.572       16.92
      -14.83       -9.41
       17.33      -3.089
      -10.72       14.02
      -1.569      -17.62
       13.09       11.96
      -17.77     0.02276
       13.12      -12.05
      -1.538       17.78
       -10.9      -14.18
       17.66         3.1
      -15.15       9.662
       4.652      -17.39
       8.337          16
      -16.99      -6.182
       16.74      -6.936
      -7.678       16.46
      -5.468      -17.36
       15.79       9.126
      -17.85       3.946
       10.52         -15
       2.381        18.2
      -14.08      -11.84
       18.42      -0.784
      -13.08       13.05
      0.8325      -18.49
        11.9       14.23
      -18.42      -2.456
       15.27      -10.66
      -4.074       18.21
      -9.317      -16.21
       17.86       5.674
      -17.03       7.894
       7.243      -17.36
         6.4       17.73
      -16.73      -8.768
       18.29      -4.845
      -10.24       15.96
       -3.24      -18.72
       15.06       11.64
