       1.157     -0.2783
      -1.472     -0.8149
      0.6553       1.954
      0.9661      -2.175
      -2.439       1.063
       2.757      0.9457
      -1.506      -2.765
     -0.8095       3.267
       2.973      -1.975
      -3.717     -0.5823
       2.462       3.084
      0.2793      -4.112
      -3.106        2.96
       4.451    -0.08778
      -3.459      -3.045
      0.5095       4.732
       2.908      -3.951
      -4.953      0.9771
        4.43       2.697
      -1.482       -5.11
      -2.417       4.887
       5.203      -2.018
      -5.316      -2.073
       2.574        5.23
       1.668      -5.711
      -5.188       3.145
       6.063       1.208
      -3.722      -5.078
     -0.6976       6.369
       4.899      -4.298
      -6.623     -0.1427
       4.864       4.652
     -0.4507       -6.82
      -4.339       5.414
       6.956      -1.076
       -5.94      -3.961
       1.728       7.028
        3.52      -6.435
      -7.033       2.398
       6.892        3.02
       -3.08      -6.968
      -2.466       7.306
       6.833      -3.766
       -7.67       -1.86
       4.449       6.627
       1.209      -7.979
      -6.349       5.122
       8.227      0.5175
      -5.776          -6
       0.208       8.411
       5.583      -6.405
      -8.526      0.9612
       7.002       5.099
      -1.736      -8.569
       -4.55        7.56
       8.539      -2.524
      -8.072      -3.942
       3.318       8.432
       3.277      -8.532
      -8.248       4.112
       8.933       2.561
      -4.897      -7.987
      -1.799       9.271
       7.649      -5.666
      -9.541     -0.9966
       6.411       7.235
      0.1611      -9.738
      -6.746       7.124
       9.859     -0.7011
      -7.799      -6.186
       1.583         9.9
       5.559      -8.428
       -9.86       2.477
       9.004       4.867
      -3.375      -9.736
      -4.115       9.521
       9.528      -4.269
      -9.973       -3.31
       5.151       9.236
       2.456      -10.35
       -8.86       6.014
       10.66       1.561
      -6.848      -8.403
       -0.63       10.89
       7.865      -7.647
      -11.03      0.3287
       8.403        7.25
      -1.307      -11.08
      -6.562       9.107
       11.05      -2.296
      -9.754      -5.804
        3.29       10.93
       4.983      -10.34
      -10.71       4.278
       10.85       4.104
      -5.253      -10.41
      -3.173       11.28
       10.01      -6.207
      -11.63      -2.196
        7.13       9.525
       1.183       -11.9
      -8.954       8.014
       12.07      0.1386
      -8.852      -8.299
      0.9265       12.16
       7.565      -9.635
      -12.14       2.005
       10.36       6.756
      -3.087      -12.03
      -5.878       11.01
       11.82      -4.165
      -11.58      -4.938
       5.229       11.52
       3.941      -12.08
      -11.11       6.271
       12.48       2.895
      -7.281      -10.61
      -1.807        12.8
       10.02       -8.25
      -13.02     -0.6871
       9.171       9.338
     -0.4572      -13.13
       -8.57       10.03
       13.15      -1.617
      -10.83      -7.722
       2.782       13.06
       6.799      -11.56
      -12.87       3.945
        12.2       5.808
      -5.094      -12.57
      -4.755       12.76
       12.17      -6.221
      -13.23      -3.648
       7.316       11.67
       2.496       -13.6
      -11.07        8.37
       13.87       1.307
      -9.374      -10.37
    -0.09076       14.03
       9.577      -10.32
      -14.08       1.144
        11.2       8.699
      -2.388      -14.03
      -7.741          12
       13.86       -3.63
      -12.72      -6.709
       4.861       13.58
       5.609      -13.34
      -13.19       6.071
       13.88        4.45
      -7.249       -12.7
      -3.241       14.31
       12.09      -8.386
      -14.63      -1.991
       9.473       11.39
      0.7091      -14.84
      -10.58        10.5
       14.94     -0.5951
      -11.46      -9.686
       1.911       14.93
       8.702      -12.34
       -14.8       3.229
       13.13       7.637
      -4.538      -14.55
      -6.498       13.83
       14.18      -5.828
      -14.44      -5.296
       7.087        13.7
       4.037      -14.93
       -13.1       8.307
       15.32       2.733
      -9.476       -12.4
      -1.391       15.59
       11.59      -10.58
      -15.74    -0.02305
       11.62       10.68
      -1.361      -15.77
      -9.677       12.58
       15.68       -2.75
      -13.46      -8.588
       4.133       15.46
       7.418      -14.23
      -15.13       5.499
       14.91       6.179
      -6.838      -14.67
      -4.878       15.48
       14.09      -8.138
      -15.93      -3.525
       9.389       13.39
        2.13      -16.26
      -12.59       10.58
       16.47      0.7043
       -11.7      -11.68
      0.7423       16.56
       10.66      -12.74
      -16.51       2.198
        13.7       9.556
      -3.652      -16.34
      -8.364       14.55
       16.04      -5.092
       -15.3      -7.096
       6.507       15.61
       5.759      -15.94
      -15.05       7.886
       16.47       4.364
      -9.217      -14.38
      -2.922       16.87
       13.58      -10.49
      -17.14      -1.443
       11.69       12.67
    -0.06121      -17.28
      -11.66       12.82
       17.29      -1.579
      -13.85      -10.54
         3.1       17.17
       9.332      -14.79
      -16.91       4.611
       15.62       8.041
        -6.1      -16.52
      -6.675       16.34
       15.99      -7.555
      -16.93      -5.245
       8.964       15.34
       3.761      -17.41
      -14.56       10.32
       17.75       2.235
       -11.6      -13.67
     -0.6776       17.95
       12.65      -12.81
      -18.02      0.8985
       13.93       11.54
      -2.481      -17.95
      -10.32       14.95
       17.74       -4.06
      -15.86       -9.01
       5.619       17.39
       7.622      -16.66
      -16.91       7.148
       17.33       6.162
      -8.635      -16.28
      -4.643       17.88
       15.53      -10.07
      -18.29      -3.074
       11.43       14.65
        1.47      -18.57
      -13.65       12.72
        18.7     -0.1598
      -13.92      -12.54
       1.802       18.69
       11.32      -15.03
      -18.53       3.443
       16.02          10
       -5.07      -18.23
      -8.595        16.9
       17.79      -6.671
      -17.66      -7.112
