       1.141      -0.337
      -1.512     -0.7387
      0.7542       1.918
      0.8537      -2.221
      -2.381       1.187
       2.801      0.8037
      -1.645      -2.684
     -0.6416       3.304
       2.869      -2.124
      -3.742     -0.3917
       2.616       2.954
     0.06893      -4.121
       -2.95       3.114
       4.441      -0.315
       -3.61      -2.865
      0.7505         4.7
       2.702      -4.095
      -4.896       1.229
       4.562       2.467
      -1.741      -5.028
      -2.164       5.005
       5.093      -2.281
      -5.415      -1.798
       2.838       5.091
       1.374      -5.788
      -5.021       3.406
       6.117      0.8966
      -3.977      -4.881
     -0.3714       6.397
       4.673      -4.542
      -6.622      0.1957
       5.095       4.398
     -0.7984      -6.788
      -4.057       5.628
       6.892       -1.43
      -6.134      -3.652
       2.085       6.931
       3.187      -6.606
      -6.901       2.754
       7.038       2.664
      -3.432      -6.802
      -2.089       7.423
       6.632       -4.11
      -7.755      -1.466
       4.782       6.391
      0.7997       -8.03
      -6.079       5.439
       8.243     0.09661
      -6.075      -5.698
      0.6373       8.389
       5.249      -6.682
      -8.466       1.395
       7.254       4.735
      -2.171       -8.47
      -4.158       7.783
       8.399      -2.956
      -8.263      -3.524
       3.744       8.252
       2.837      -8.688
      -8.027       4.528
       9.052       2.101
      -5.299      -7.726
      -1.323       9.351
       7.349      -6.049
      -9.579      -0.508
       6.772       6.898
     -0.3364      -9.733
      -6.374       7.459
        9.81      -1.204
      -8.105       -5.78
       2.086       9.806
       5.121      -8.701
       -9.72       2.977
       9.241         4.4
      -3.868      -9.551
      -3.624       9.719
       9.298       -4.75
      -10.13      -2.796
       5.616       8.961
       1.924      -10.47
      -8.542       6.458
       10.73       1.014
      -7.268      -8.042
    -0.07322        10.9
       7.464      -8.039
         -11      0.8908
       8.762       6.811
       -1.87         -11
      -6.088       9.431
       10.92      -2.857
      -10.04      -5.298
       3.844       10.75
       4.449      -10.58
      -10.48        4.82
       11.04       3.544
      -5.778      -10.13
      -2.592       11.43
       9.681       -6.71
      -11.73      -1.599
       7.607       9.149
      0.5735      -11.94
      -8.532       8.462
       12.07     -0.4776
      -9.265      -7.836
       1.545       12.09
       7.062      -10.01
      -12.03       2.621
       10.69       6.218
      -3.697      -11.86
      -5.308       11.29
        11.6      -4.763
      -11.82       -4.34
        5.81       11.23
       3.319      -12.26
      -10.78        6.83
       12.62       2.254
      -7.814      -10.23
      -1.152       12.87
       9.585      -8.752
      -13.03    -0.02227
       9.636       8.857
      -1.127      -13.09
      -8.046       10.46
       13.05      -2.286
      -11.21      -7.158
       3.446        12.9
         6.2      -11.89
      -12.65       4.597
       12.48       5.177
       -5.73       -12.3
      -4.097       12.99
       11.84      -6.835
       -13.4      -2.968
       7.904       11.28
       1.799      -13.71
      -10.62       8.925
       13.91      0.5983
      -9.892      -9.875
      0.6249       14.01
       9.037      -10.79
      -14.01       1.862
       11.63       8.116
      -3.101      -13.89
      -7.118       12.38
       13.66      -4.333
      -13.04      -6.051
       5.548       13.32
       4.921      -13.61
      -12.87       6.737
       14.09       3.737
      -7.889      -12.31
      -2.507       14.45
       11.65      -8.994
      -14.71      -1.242
       10.04       10.89
    -0.04991      -14.86
      -10.03       11.03
       14.89      -1.358
      -11.94      -9.088
       2.671       14.81
        8.06      -12.77
      -14.61       3.981
        13.5       6.956
      -5.275      -14.29
      -5.784       14.15
       13.86      -6.545
      -14.69      -4.552
       7.778       13.32
        3.27      -15.12
      -12.66       8.966
       15.44       1.948
       -10.1       -11.9
     -0.5931       15.64
       11.03      -11.16
      -15.72      0.7809
       12.15       10.07
      -2.165      -15.68
      -9.022       13.06
       15.52      -3.547
      -13.88      -7.889
       4.918       15.23
       6.682      -14.59
      -14.83       6.266
       15.21        5.41
      -7.579       -14.3
      -4.082       15.71
       13.65      -8.847
      -16.09      -2.707
       10.06        12.9
       1.297      -16.35
      -12.03       11.21
       16.49     -0.1379
      -12.28      -11.06
       1.587        16.5
       9.999      -13.27
      -16.38       3.039
       14.17       8.845
      -4.482      -16.13
      -7.611       14.96
       15.76      -5.905
      -15.65      -6.306
       7.296       15.26
       4.938      -16.22
      -14.63       8.645
       16.67       3.518
      -9.939      -13.89
      -2.057       16.99
       13.03      -11.17
      -17.19     -0.5658
       12.32       12.06
     -0.9438      -17.26
      -10.99       13.39
       17.19      -2.462
      -14.37       -9.82
       3.972       16.99
       8.565      -15.25
      -16.65       5.469
       16.01       7.233
      -6.935      -16.18
      -5.832       16.66
       15.59      -8.362
      -17.18      -4.373
       9.736       14.86
       2.867      -17.58
      -14.02       11.05
       17.84       1.325
      -12.28      -13.06
      0.2402       17.96
       11.98      -13.44
      -17.95       1.818
        14.5       10.81
      -3.395       -17.8
      -9.541       15.45
       17.51      -4.961
       -16.3      -8.189
         6.5       17.08
       6.761      -17.02
      -16.52       8.003
       17.62       5.269
      -9.456      -15.82
      -3.723       18.09
          15      -10.85
      -18.42      -2.137
       12.17       14.05
      0.5183      -18.62
      -12.98        13.4
       18.67      -1.113
      -14.55      -11.81
       2.754       18.57
       10.54      -15.59
      -18.33       4.385
       16.51       9.168
      -5.995      -17.95
      -7.721       17.32
       17.43      -7.571
         -18        -6.2
