      -1.048     -0.5639
       1.631     -0.4128
      -1.132       1.722
     -0.3798      -2.349
       2.087        1.65
      -2.907      0.2119
        2.16       -2.29
    -0.04971       3.365
      -2.372      -2.667
       3.743      0.3844
      -3.167       2.354
      0.7779      -4.048
       2.249       3.653
      -4.282      -1.219
       4.121      -2.063
      -1.699       4.446
      -1.804      -4.562
        4.54       2.207
      -4.971       1.479
       2.736      -4.564
       1.092       5.342
      -4.517      -3.277
       5.669     -0.6493
      -3.822       4.401
     -0.1574      -5.947
       4.215       4.364
      -6.171     -0.3774
       4.893      -3.962
     -0.9487       6.337
      -3.642      -5.404
       6.441        1.55
      -5.889       3.259
       2.174       -6.48
       2.816       6.341
      -6.452      -2.814
       6.753      -2.316
      -3.462       6.356
      -1.764      -7.119
       6.189       4.111
      -7.435       1.164
       4.754      -5.953
      0.5219       7.693
      -5.648      -5.383
       7.891      0.1563
      -5.991       5.274
      0.8646      -8.023
       4.834       6.571
      -8.087      -1.597
       7.115       -4.33
      -2.345        8.08
      -3.766      -7.617
       7.999       3.103
      -8.071       3.146
       3.862      -7.844
       2.473        8.47
      -7.614      -4.616
        8.81      -1.754
      -5.358       7.308
     -0.9942      -9.085
       6.928       6.078
      -9.291      0.1994
       6.771      -6.475
     -0.6239       9.423
      -5.952      -7.428
        9.48       1.468
      -8.043       5.362
       2.326      -9.457
       4.708       8.608
      -9.354      -3.191
       9.118      -3.995
      -4.054        9.17
      -3.227      -9.566
       8.903       4.908
      -9.947       2.411
       5.745      -8.554
       1.553       10.26
      -8.126      -6.556
       10.49     -0.6584
      -7.335       7.618
      0.2644      -10.64
       7.035       8.073
      -10.71      -1.208
       8.764       -6.38
      -2.166       10.69
      -5.656      -9.399
       10.58       3.128
      -9.973       4.869
       4.088      -10.39
       4.024       10.48
       -10.1      -5.037
       10.91      -3.126
      -5.966       9.729
      -2.184      -11.26
       9.269       6.868
      -11.53       1.203
       7.733      -8.724
      0.1924       11.72
      -8.098      -8.553
       11.81      0.8412
      -9.322       7.393
       1.889      -11.81
       6.615       10.03
      -11.71      -2.943
       10.67      -5.769
      -3.994       11.52
      -4.859      -11.24
       11.23       5.033
      -11.74       3.893
       6.052      -10.85
       2.878       12.14
      -10.37      -7.041
       12.46      -1.822
      -7.992       9.803
     -0.7324      -12.68
       9.147       8.896
      -12.81     -0.3825
       9.745      -8.406
      -1.514       12.84
      -7.586      -10.53
       12.76       2.652
      -11.25       6.692
       3.789      -12.58
        5.73       11.89
       -12.3      -4.915
       12.44      -4.706
       -6.02       11.92
      -3.629      -12.91
       11.44       7.095
      -13.28       2.506
       8.131      -10.86
       1.345       13.55
      -10.18      -9.118
       13.72     -0.1566
      -10.05       9.419
       1.051      -13.78
       8.568       10.91
      -13.74      -2.269
       11.71      -7.636
      -3.487       13.59
       -6.63      -12.42
       13.33       4.696
      -13.04       5.558
       5.884      -12.95
       4.428       13.57
      -12.48      -7.043
       14.01      -3.246
      -8.162       11.89
      -2.023      -14.33
       11.21       9.233
      -14.55      0.7673
       10.25      -10.43
     -0.5112       14.66
      -9.557      -11.19
       14.65       1.803
      -12.06       8.598
       3.098      -14.53
       7.558       12.85
       -14.3      -4.384
       13.55      -6.446
      -5.653       13.95
       -5.27      -14.15
       13.48       6.894
      -14.64       4.038
       8.096      -12.91
       2.759       15.03
      -12.23      -9.249
       15.31      -1.442
      -10.34       11.44
    -0.09913      -15.47
       10.55       11.37
      -15.51      -1.261
       12.32      -9.573
      -2.628       15.43
      -8.508      -13.19
       15.23        3.99
      -13.96       7.364
       5.336       -14.9
        6.15       14.63
      -14.46      -6.655
        15.2      -4.874
      -7.938        13.9
      -3.546      -15.66
       13.23       9.173
      -15.99       2.176
       10.35      -12.44
      0.7733       16.21
      -11.55      -11.46
        16.3      0.6511
      -12.49       10.56
       2.085      -16.27
       9.476       13.44
      -16.11      -3.517
       14.29      -8.308
      -4.938       15.82
      -7.063      -15.04
       15.41       6.334
      -15.68       5.751
       7.696      -14.87
        4.38        16.2
      -14.21      -9.011
       16.61      -2.962
      -10.27       13.43
      -1.506      -16.89
       12.55       11.46
      -17.04     0.02287
       12.58      -11.55
      -1.474       17.06
      -10.46       -13.6
       16.94       2.973
      -14.54       9.274
       4.464       -16.7
       8.005       15.36
      -16.32      -5.935
       16.08      -6.663
      -7.373       15.81
      -5.255      -16.68
       15.18       8.769
      -17.15       3.794
       10.11      -14.42
        2.29        17.5
      -13.54      -11.38
       17.71     -0.7551
      -12.58       12.55
      0.7998      -17.79
       11.45       13.69
      -17.73      -2.363
        14.7      -10.26
      -3.921       17.53
      -8.972      -15.61
        17.2       5.462
      -16.41       7.606
       6.975      -16.73
       6.168       17.08
      -16.12      -8.448
       17.63      -4.671
      -9.867       15.39
      -3.124      -18.05
       14.53       11.22
      -18.33       1.541
        12.5      -13.55
    -0.06767       18.47
      -12.45      -13.69
       18.47       1.689
      -14.79       11.25
       3.311      -18.33
       9.958       15.78
      -18.04      -4.921
       16.66      -8.574
      -6.506       17.61
      -7.113      -17.42
       17.04       8.053
      -18.04       5.586
        9.55      -16.34
       4.003       18.54
       -15.5      -10.99
       18.89      -2.376
