     -0.8183      0.8637
       1.678      -0.119
      -1.614      -1.281
      0.3751        2.35
       1.465      -2.221
      -2.827      0.7093
       2.769       1.498
      -1.101       -3.18
      -1.417       3.276
       3.434      -1.537
      -3.745      -1.244
       2.007         3.6
      0.9911      -4.174
      -3.684       2.499
       4.559      0.6685
      -3.006       -3.69
     -0.2846       4.898
        3.62      -3.518
      -5.184      0.1529
       4.028       3.477
     -0.6366      -5.415
      -3.264       4.527
       5.587      -1.159
      -5.008      -2.982
       1.713       5.697
       2.636      -5.464
      -5.742       2.291
       5.888       2.229
      -2.886      -5.721
      -1.766       6.273
       5.631       -3.49
      -6.614       -1.25
       4.095       5.473
      0.6879      -6.904
      -5.246       4.693
       7.138      0.0841
      -5.279      -4.951
      0.5551       7.314
        4.59      -5.843
      -7.425       1.224
        6.38       4.165
      -1.914       -7.47
      -3.677       6.881
       7.445       -2.62
      -7.342      -3.132
       3.334       7.349
       2.532      -7.754
       -7.18       4.049
       8.113       1.884
      -4.758      -6.939
      -1.191       8.413
       6.625      -5.452
       -8.65     -0.4593
       6.125        6.24
     -0.3048      -8.819
      -5.784       6.769
       8.916      -1.094
      -7.377      -5.262
       1.902       8.939
       4.675      -7.943
      -8.886       2.721
       8.458       4.028
      -3.544      -8.754
      -3.326       8.919
       8.543      -4.364
      -9.318      -2.573
       5.171       8.253
       1.774       -9.65
      -7.884        5.96
       9.911      0.9369
      -6.722      -7.438
    -0.06779        10.1
       6.918      -7.449
       -10.2      0.8264
       8.135       6.324
      -1.738      -10.23
      -5.663       8.772
       10.17       -2.66
      -9.352      -4.937
       3.583       10.02
       4.152      -9.871
      -9.789       4.501
       10.32       3.314
      -5.404      -9.472
      -2.427        10.7
       9.069      -6.285
         -11      -1.499
       7.136       8.583
      0.5384      -11.21
      -8.016       7.947
       11.34     -0.4489
      -8.713       -7.37
       1.454       11.38
       6.651      -9.425
      -11.33        2.47
       10.08       5.863
      -3.487      -11.19
      -5.011       10.66
       10.95      -4.498
      -11.17      -4.101
       5.493       10.62
       3.139       -11.6
       -10.2       6.463
       11.94       2.134
      -7.401      -9.689
      -1.092        12.2
        9.09      -8.298
      -12.37    -0.02112
       9.145       8.407
       -1.07      -12.43
      -7.644       9.935
        12.4      -2.172
      -10.66      -6.807
       3.277       12.27
         5.9      -11.31
      -12.04       4.375
       11.89        4.93
      -5.458      -11.72
      -3.905       12.38
       11.29      -6.516
      -12.78      -2.831
        7.54       10.76
       1.717      -13.08
      -10.15       8.522
       13.29      0.5715
      -9.451      -9.436
      0.5973        13.4
       8.642      -10.32
       -13.4        1.78
       11.12       7.766
      -2.967      -13.29
      -6.816       11.85
       13.08      -4.149
      -12.49      -5.797
       5.316       12.76
       4.717      -13.05
      -12.34       6.459
       13.51       3.584
      -7.567      -11.81
      -2.406       13.87
       11.18      -8.633
      -14.13      -1.193
       9.646       10.46
    -0.04708      -14.28
      -9.643        10.6
       14.32      -1.304
      -11.48      -8.739
       2.568       14.25
       7.754      -12.28
      -14.06       3.829
          13       6.695
      -5.078      -13.76
       -5.57       13.62
       13.35      -6.302
      -14.15      -4.386
       7.495       12.83
       3.152      -14.57
      -12.21       8.643
       14.89       1.878
      -9.738      -11.48
     -0.5731       15.09
       10.65      -10.77
      -15.17      0.7527
       11.73       9.723
      -2.089      -15.14
      -8.712       12.61
       14.99      -3.425
      -13.41      -7.622
       4.751       14.72
       6.458      -14.11
      -14.33       6.055
        14.7       5.231
      -7.328      -13.83
      -3.948       15.19
       13.21      -8.558
      -15.57       -2.62
       9.735       12.48
       1.256      -15.82
      -11.65       10.85
       15.96     -0.1325
      -11.89      -10.71
       1.536       15.98
       9.686      -12.86
      -15.87       2.943
       13.73       8.572
      -4.343      -15.64
      -7.378        14.5
       15.28      -5.724
      -15.17      -6.115
       7.075        14.8
        4.79      -15.73
      -14.19       8.386
       16.17       3.414
      -9.644      -13.48
      -1.997       16.49
       12.65      -10.84
      -16.69     -0.5504
       11.97       11.71
     -0.9156      -16.76
      -10.67       13.01
        16.7      -2.389
      -13.96      -9.541
       3.859       16.51
       8.325      -14.82
      -16.19       5.314
       15.56       7.032
      -6.742      -15.74
      -5.671        16.2
       15.16      -8.131
      -16.71      -4.254
        9.47       14.46
        2.79       -17.1
      -13.64       10.75
       17.36       1.291
      -11.95      -12.71
      0.2338       17.49
       11.67      -13.08
      -17.48        1.77
       14.12       10.53
      -3.306      -17.34
      -9.293       15.05
       17.06      -4.831
      -15.88      -7.978
       6.332       16.64
       6.589      -16.59
       -16.1       7.797
       17.18       5.136
      -9.215      -15.42
      -3.631       17.64
       14.62      -10.58
      -17.96      -2.084
       11.86        13.7
      0.5055      -18.15
      -12.66       13.07
       18.21      -1.086
      -14.19      -11.52
       2.687       18.12
       10.28      -15.21
      -17.89       4.277
       16.11       8.949
      -5.851      -17.52
      -7.537       16.91
       17.01      -7.389
      -17.57      -6.055
       8.886       16.37
       4.514      -18.11
      -15.59       10.32
       18.51       2.923
       -11.7      -14.69
      -1.301       18.77
       13.66      -12.99
      -18.88      0.3482
       14.19       12.53
      -2.004      -18.86
      -11.28       15.29
       18.68      -3.661
