      -1.105     -0.4409
       1.574      -0.596
      -0.928        1.84
     -0.6451      -2.291
       2.262       1.401
      -2.864      0.5418
       1.885      -2.521
      0.3339       3.349
       -2.66       -2.38
       3.762    -0.04456
      -2.878         2.7
      0.3117       -4.11
        2.65       3.373
      -4.393     -0.7235
       3.859      -2.519
      -1.181        4.61
      -2.312      -4.327
       4.762       1.675
       -4.77       2.036
       2.198      -4.846
       1.693       5.183
      -4.861      -2.741
       5.558      -1.291
      -3.296       4.808
      -0.834       -5.89
       4.685       3.855
      -6.174      0.3282
        4.41      -4.493
     -0.2206       6.404
      -4.234      -4.954
       6.575       0.806
      -5.479       3.909
       1.422      -6.686
        3.52       5.979
      -6.731       -2.06
       6.445       -3.07
      -2.715       6.709
      -2.564      -6.872
       6.618       3.379
      -7.254       2.003
       4.045      -6.456
       1.395       7.584
      -6.224      -4.705
       7.857     -0.7437
      -5.351       5.922
    -0.05517       -8.07
       5.551       5.977
      -8.217     -0.6645
       6.575      -5.113
      -1.409       8.295
       -4.61      -7.138
       8.301       2.171
       -7.66       4.045
       2.943      -8.233
       3.422       8.133
       -8.09      -3.719
       8.553      -2.746
       -4.49       7.871
      -2.023      -8.913
       7.575       5.249
      -9.207       1.257
       5.989      -7.204
      0.4541       9.433
       -6.76      -6.701
       9.585      0.3782
      -7.379       6.243
       1.233      -9.661
       5.658       8.016
      -9.657      -2.104
       8.604      -5.007
      -2.982       9.572
      -4.296      -9.136
       9.404       3.861
      -9.608       3.529
       4.733      -9.153
       2.711       10.01
       -8.82      -5.588
       10.34      -1.849
      -6.419       8.404
     -0.9498       -10.6
       7.909       7.219
      -10.77     0.01972
        7.98      -7.337
     -0.9335       10.86
       -6.69      -8.693
       10.87       1.902
      -9.353       5.973
       2.878      -10.78
       5.191       9.952
      -10.61      -3.853
       10.48      -4.349
      -4.819       10.35
      -3.453      -10.94
       9.991       5.766
      -11.32        2.51
       6.688      -9.549
       1.526       11.62
       -9.02      -7.575
       11.83       -0.51
      -8.419       8.408
      0.5312      -11.95
       7.715       9.213
      -11.97      -1.589
       9.948      -6.947
      -2.655        11.9
      -6.109      -10.62
       11.73        3.72
      -11.22       5.205
       4.776      -11.47
       4.244       11.74
      -11.11      -5.813
       12.17       -3.23
      -6.822       10.65
      -2.173      -12.52
        10.1       7.795
      -12.77        1.08
       8.724      -9.462
    -0.04104       12.92
      -8.736      -9.599
       12.98       1.181
      -10.41        7.93
        2.33      -12.93
       7.046       11.16
      -12.78      -3.481
       11.83      -6.093
      -4.622       12.53
      -5.076      -12.41
       12.17       5.745
      -12.91       4.003
        6.84      -11.72
       2.881       13.31
      -11.16      -7.898
       13.61      -1.719
      -8.911        10.5
     -0.5265      -13.81
       9.755       9.868
      -13.91     -0.6883
       10.76       -8.92
      -1.916        13.9
      -8.002      -11.58
       13.77       3.146
      -12.33       7.009
       4.369      -13.54
       5.946       12.98
       -13.2      -5.575
       13.54      -4.821
      -6.753       12.75
      -3.643      -14.01
       12.19       7.896
      -14.37       2.421
       8.991      -11.53
       1.163       14.62
      -10.77      -10.03
       14.76      0.1208
         -11       9.916
       1.421      -14.79
       8.973       11.91
      -14.71      -2.726
       12.72      -7.948
      -4.027        14.5
      -6.848      -13.45
       14.18       5.312
      -14.09        5.68
       6.572      -13.75
       4.454       14.62
       -13.2      -7.796
       15.04      -3.178
      -8.974       12.54
      -1.861      -15.36
       11.78        10.1
      -15.55      0.5147
       11.15      -10.91
     -0.8527       15.63
      -9.955      -12.13
       15.58       2.228
      -13.03       8.907
       3.602      -15.41
       7.778       13.84
      -15.13      -4.964
       14.55      -6.575
      -6.303       14.71
      -5.307      -15.15
       14.18       7.607
      -15.64       3.984
       8.866      -13.54
       2.616       16.01
      -12.78      -10.07
       16.27      -1.211
      -11.21       11.91
      0.2173       -16.4
       10.95       12.27
       -16.4      -1.659
       13.25      -9.883
      -3.103       16.28
      -8.731      -14.14
       16.03       4.537
      -14.92         7.5
       5.952      -15.65
       6.198        15.6
      -15.14      -7.334
       16.16      -4.835
      -8.673       14.52
       -3.42       -16.6
       13.77       9.958
      -16.92       1.963
       11.18      -12.91
      0.4806       17.11
      -11.94      -12.32
       17.17       1.024
      -13.38       10.87
       2.531       -17.1
       9.704       14.35
      -16.89      -4.037
       15.22      -8.452
      -5.522       16.55
       -7.12      -15.97
       16.08       6.982
      -16.61       5.725
       8.399      -15.48
       4.269       17.12
      -14.75      -9.764
       17.51       -2.77
      -11.07        13.9
      -1.232      -17.77
       12.94       12.29
      -17.88     -0.3254
       13.44      -11.87
      -1.898       17.87
      -10.69      -14.49
       17.71       3.466
      -15.43       9.426
       5.025      -17.41
       8.075       16.27
      -16.98      -6.556
       16.98      -6.648
      -8.049       16.41
      -5.162      -17.57
       15.71       9.493
      -18.03       3.619
       10.88      -14.88
       2.039       18.36
      -13.93      -12.19
       18.54     -0.4257
      -13.41       12.87
         1.2      -18.59
       11.69       14.54
      -18.48      -2.834
       15.57      -10.42
      -4.457       18.24
      -9.051      -16.49
       17.85       6.058
      -17.29       7.607
       7.626      -17.32
       6.088       17.96
      -16.65      -9.147
       18.49      -4.514
