     -0.6844      0.9733
     -0.2161      -1.669
       1.576       1.328
      -2.378     0.09816
       1.886      -1.877
     -0.1348       2.911
      -2.017      -2.417
       3.335       0.449
       -2.93       2.038
      0.8261      -3.671
       1.962       3.424
      -3.927      -1.253
       3.895      -1.799
      -1.719       4.107
      -1.559      -4.336
       4.213       2.215
      -4.744        1.25
       2.731      -4.246
      0.8778       5.112
      -4.207      -3.259
       5.434     -0.4495
       -3.79       4.096
     0.02865      -5.706
       3.916       4.318
      -5.924     -0.5499
       4.833      -3.667
      -1.108       6.083
      -3.352      -5.329
       6.179       1.695
      -5.799       2.974
       2.304      -6.211
       2.537       6.234
      -6.176      -2.928
        6.63      -2.043
       -3.56       6.072
      -1.498       -6.98
       5.899       4.192
      -7.278      0.9056
       4.817      -5.657
      0.2727        7.52
      -5.346      -5.428
       7.701      0.3955
      -6.016       4.968
       1.092      -7.816
       4.525       6.575
      -7.864      -1.811
       7.098      -4.019
      -2.546        7.84
      -3.455      -7.579
       7.744       3.288
       -8.01       2.835
       4.031      -7.574
       2.165       8.387
       -7.33      -4.767
       8.704       -1.45
      -5.488       7.011
     -0.6956      -8.956
        6.62       6.188
      -9.139    -0.09177
       6.858      -6.157
     -0.9054       9.249
      -5.625      -7.492
       9.283       1.738
      -8.082       5.028
       2.583      -9.238
       4.369       8.623
      -9.114      -3.433
       9.107      -3.652
      -4.279       8.909
      -2.883      -9.528
       8.623       5.114
      -9.882       2.068
        5.93      -8.257
       1.213       10.16
      -7.812       -6.72
       10.37     -0.3238
      -7.475       7.289
      0.5916      -10.49
       6.693       8.188
      -10.53      -1.526
       8.852      -6.027
      -2.471       10.49
      -5.294      -9.459
       10.35        3.42
         -10         4.5
       4.363      -10.13
        3.65       10.48
      -9.827      -5.293
       10.88      -2.751
      -6.201       9.432
      -1.809      -11.21
       8.951       7.079
      -11.44       0.831
        7.92      -8.388
     -0.1749        11.6
      -7.744      -8.714
       11.66         1.2
      -9.455       7.025
       2.238      -11.63
       6.234       10.13
       -11.5      -3.278
       10.75      -5.377
      -4.313       11.28
       -4.46      -11.28
       10.96       5.334
      -11.74       3.489
       6.331      -10.55
       2.472       12.12
      -10.05      -7.297
        12.4      -1.416
      -8.223       9.462
     -0.3297      -12.59
       8.785       9.099
      -12.68     -0.7789
       9.919      -8.026
      -1.901       12.67
      -7.189      -10.67
       12.57       3.028
      -11.36       6.282
       4.149      -12.36
       5.309       11.96
      -12.04      -5.257
       12.48      -4.277
      -6.342       11.63
      -3.195      -12.91
       11.12       7.393
      -13.25        2.07
       8.403      -10.52
      0.9109       13.48
      -9.817      -9.363
       13.62      0.2735
      -10.26        9.03
       1.474      -13.64
       8.159        11.1
      -13.56      -2.681
       11.86       -7.21
      -3.885       13.37
      -6.191      -12.53
       13.08       5.076
      -13.12       5.108
       6.245      -12.67
        3.97       13.61
      -12.16      -7.381
          14      -2.784
      -8.475       11.55
       -1.56      -14.29
       10.84       9.517
      -14.47      0.3066
        10.5      -10.03
     -0.9667       14.54
      -9.139      -11.41
        14.5       2.249
      -12.25        8.16
       3.531      -14.34
       7.104          13
      -14.06      -4.802
       13.66      -5.978
      -6.052       13.68
      -4.792      -14.22
       13.18        7.27
      -14.67       3.552
       8.446      -12.57
        2.27       15.02
      -11.86      -9.571
       15.25     -0.9533
      -10.64       11.04
      0.3862      -15.37
       10.13       11.63
      -15.37      -1.739
       12.54      -9.127
      -3.094       15.25
      -8.042      -13.37
       15.01       4.442
      -14.11       6.881
        5.77      -14.64
       5.654       14.74
      -14.16      -7.068
       15.26      -4.368
      -8.326       13.57
      -3.034      -15.67
       12.86       9.533
      -15.97       1.661
       10.68      -12.04
      0.2606       16.14
      -11.12      -11.76
       16.19       1.157
      -12.75       10.11
       2.582      -16.11
       9.001       13.66
       -15.9      -4.002
       14.47      -7.813
      -5.405       15.58
      -6.552      -15.18
       15.12       6.781
      -15.77       5.227
       8.119      -14.55
       3.848       16.25
      -13.85      -9.408
       16.61      -2.424
      -10.64       13.04
     -0.9684      -16.84
       12.12       11.79
      -16.94     -0.5101
       12.87       -11.1
          -2       16.92
      -9.977      -13.86
       16.76       3.489
      -14.75       8.769
       4.964      -16.47
       7.482       15.53
      -16.05      -6.416
       16.21      -6.124
      -7.831        15.5
      -4.706      -16.76
       14.82       9.199
      -17.18       3.237
       10.51      -14.03
        1.73       17.48
      -13.11      -11.75
       17.65     -0.1961
      -12.91       12.09
       1.354      -17.68
       10.97       13.98
      -17.57      -2.907
       14.95      -9.746
      -4.451       17.32
      -8.439      -15.82
       16.94       5.975
      -16.57       7.054
       7.466      -16.43
       5.604       17.19
      -15.78      -8.912
       17.69      -4.095
       -10.3          15
      -2.544      -18.06
       14.11       11.62
      -18.29      0.9589
       12.87      -13.09
     -0.6467       18.38
      -11.97      -14.02
       18.33       2.261
      -15.08       10.74
       3.871      -18.14
       9.418       16.02
       -17.8      -5.464
       16.85      -8.014
      -7.028       17.33
      -6.535      -17.56
       16.71       8.552
      -18.14       4.995
       10.02      -15.97
       3.403       18.58
      -15.09      -11.42
       18.88      -1.773
      -12.75       14.09
     -0.1162      -19.04
