      0.3337       1.142
      -1.439     -0.8722
       2.021     -0.4029
      -1.407       1.919
     -0.2899      -2.645
       2.191       1.922
      -3.147     0.06812
       2.432      -2.326
     -0.2351       3.562
      -2.353      -2.936
         3.9      0.6031
      -3.429       2.287
       1.024      -4.166
       2.137       3.906
      -4.362      -1.487
       4.359      -1.911
      -1.983       4.487
      -1.615      -4.783
       4.542       2.503
      -5.171       1.255
       3.039      -4.527
      0.8364       5.518
      -4.442      -3.582
       5.817     -0.3664
      -4.125       4.286
      0.1494      -6.065
       4.063        4.66
      -6.256     -0.7049
        5.18      -3.772
      -1.293       6.387
      -3.417      -5.676
       6.455       1.907
      -6.142           3
        2.54      -6.456
       2.525       6.571
      -6.389      -3.184
       6.957      -1.995
      -3.833       6.253
      -1.416      -7.294
       6.047       4.479
      -7.577      0.7922
       5.113      -5.772
      0.1295       7.801
      -5.427       -5.73
       7.962      0.5657
      -6.322       5.016
       1.287      -8.055
       4.539       6.881
      -8.078      -2.028
       7.401      -4.001
      -2.782       8.029
      -3.405      -7.875
       7.905       3.541
      -8.298       2.755
       4.297      -7.707
       2.056       8.663
      -7.433      -5.044
       8.966      -1.313
      -5.773       7.085
      -0.533      -9.201
       6.663       6.478
      -9.365     -0.2779
        7.15       -6.17
      -1.113       9.453
      -5.608      -7.783
       9.464       1.965
      -8.369       4.981
       2.827      -9.395
       4.293       8.902
      -9.245      -3.691
       9.377      -3.548
      -4.549       9.013
      -2.753      -9.786
         8.7       5.392
      -10.13       1.912
       6.215      -8.304
       1.033       10.39
       -7.83      -7.008
       10.57     -0.1226
      -7.763       7.279
      0.8124      -10.68
       6.654       8.474
       -10.7      -1.764
       9.133      -5.959
      -2.725       10.63
      -5.198      -9.733
       10.47       3.686
      -10.27       4.377
       4.639      -10.22
       3.502       10.73
      -9.885      -5.577
       11.12      -2.579
       -6.49       9.462
      -1.614      -11.42
       8.953       7.371
      -11.64       0.616
        8.21      -8.361
     -0.4083       11.77
      -7.689      -9.001
       11.81        1.45
      -9.736       6.942
       2.502      -11.75
       6.123       10.41
       -11.6      -3.554
       11.01       -5.24
      -4.599       11.35
      -4.298      -11.53
       11.01       5.627
      -11.97       3.304
       6.628      -10.57
       2.265       12.33
      -10.04      -7.595
       12.59      -1.189
      -8.519       9.424
    -0.08411      -12.76
       8.718       9.392
      -12.83      -1.041
       10.21      -7.931
      -2.176        12.8
      -7.067      -10.95
       12.66       3.314
      -11.62       6.133
       4.445      -12.42
       5.135       12.21
      -12.09      -5.559
       12.72       -4.08
      -6.647       11.64
      -2.976      -13.13
       11.11         7.7
      -13.44       1.831
       8.708      -10.47
       0.654       13.65
      -9.742      -9.664
       13.76      0.5464
      -10.56       8.926
        1.76      -13.76
       8.028       11.38
      -13.66      -2.979
       12.13      -7.053
      -4.192       13.44
      -6.009      -12.79
       13.11       5.389
      -13.36       4.902
       6.561      -12.68
       3.741       13.83
      -12.14      -7.697
        14.2      -2.535
      -8.789        11.5
      -1.293      -14.47
       10.76       9.827
      -14.62     0.02319
        10.8      -9.925
      -1.263       14.66
      -9.002       -11.7
       14.59       2.557
      -12.53       7.995
       3.848       -14.4
       6.913       13.26
       -14.1      -5.125
        13.9      -5.764
      -6.378       13.68
      -4.554      -14.44
       13.15       7.597
      -14.88       3.294
       8.772      -12.52
       1.993        15.2
      -11.77      -9.892
       15.41     -0.6607
      -10.95       10.93
       0.693       -15.5
       9.986       11.93
      -15.47      -2.058
       12.83      -8.957
      -3.422       15.32
      -7.846      -13.65
       15.05       4.776
      -14.36        6.66
       6.107      -14.65
        5.41       14.97
      -14.14      -7.406
       15.47      -4.103
      -8.662       13.51
      -2.749      -15.86
       12.77       9.864
      -16.13        1.36
          11      -11.93
    -0.05564       16.27
      -10.98      -12.07
       16.29       1.487
      -13.05       9.933
       2.921      -16.18
         8.8       13.94
      -15.95      -4.347
       14.73      -7.587
      -5.754       15.59
      -6.302      -15.42
        15.1       7.132
      -15.99       4.955
       8.467      -14.49
       3.556       16.45
      -13.77      -9.751
       16.78      -2.115
      -10.97       12.92
      -0.642      -16.98
       11.97       12.12
      -17.06     -0.8493
       13.18      -10.92
      -2.348          17
      -9.774      -14.15
       16.81       3.844
      -15.03        8.54
       5.324      -16.49
       7.227       15.79
      -16.03      -6.777
       16.44      -5.846
      -8.191       15.45
      -4.406      -16.96
       14.74       9.554
      -17.36        2.92
       10.86      -13.91
       1.397       17.63
      -12.97      -12.09
       17.77      0.1508
      -13.23       11.92
       1.711      -17.77
       10.76       14.29
      -17.63      -3.272
       15.24      -9.514
      -4.822       17.35
      -8.181      -16.08
       16.93       6.347
      -16.81       6.772
       7.838      -16.38
       5.299       17.41
       -15.7       -9.28
       17.89      -3.772
      -10.66       14.89
      -2.203      -18.22
       13.96       11.97
      -18.42      0.6041
        13.2      -12.92
      -1.013       18.48
      -11.76      -14.34
        18.4       2.636
      -15.38       10.51
       4.251      -18.17
       9.158        16.3
       -17.8      -5.848
       17.11      -7.728
      -7.412       17.29
      -6.227      -17.79
       16.64       8.931
      -18.34       4.666
       10.39      -15.86
       3.057       18.75
      -14.95      -11.79
