      0.8852      -0.795
     -0.1637       1.675
      -1.238      -1.648
       2.339      0.4376
      -2.259       1.406
      0.7844      -2.807
       1.423       2.808
       -3.15      -1.186
       3.313      -1.329
      -1.628       3.392
      -1.144      -3.777
       3.545       2.102
      -4.199      0.8795
       2.596      -3.616
      0.5468       4.576
      -3.609      -3.103
       4.903      -0.154
      -3.613       3.525
      0.2911      -5.178
       3.368       4.119
      -5.396     -0.7808
       4.613      -3.142
      -1.308       5.554
      -2.847      -5.086
       5.649       1.865
      -5.533       2.489
       2.444      -5.679
       2.072       5.945
      -5.642      -3.037
       6.318      -1.598
      -3.638       5.536
      -1.074      -6.644
       5.362       4.239
       -6.92      0.5035
       4.832      -5.119
     -0.1063       7.138
      -4.809      -5.409
       7.296        0.75
      -5.964       4.433
       1.421       -7.39
       3.993       6.488
      -7.416      -2.113
       6.977      -3.492
      -2.818       7.372
      -2.935      -7.422
       7.257       3.529
      -7.819       2.325
       4.239       -7.07
       1.666        8.16
      -6.809      -4.941
       8.442     -0.9658
      -5.627       6.477
     -0.2284      -8.659
       6.074       6.289
      -8.807     -0.5394
       6.921      -5.602
      -1.331       8.884
      -5.063      -7.515
       8.885       2.139
      -8.064       4.462
       2.957       -8.81
       3.801       8.563
      -8.656      -3.776
       9.004      -3.087
       -4.59       8.423
      -2.323      -9.383
       8.112        5.39
      -9.694       1.516
       6.168      -7.722
      0.6728       9.932
      -7.256      -6.918
       10.09      0.2009
      -7.631       6.716
       1.098      -10.18
       6.105       8.301
      -10.18       -2.01
       8.919      -5.427
       -2.93       10.09
      -4.686      -9.481
       9.922       3.849
      -9.978       3.887
       4.761      -9.666
       3.037       10.41
      -9.324      -5.655
       10.76      -2.141
      -6.525       8.898
      -1.206      -11.03
       8.389       7.362
      -11.22      0.2398
       8.158      -7.801
     -0.7509       11.33
      -7.135      -8.907
       11.34       1.757
      -9.599       6.398
       2.771      -11.26
       5.592       10.23
      -11.09      -3.784
       10.79      -4.725
      -4.788       10.83
      -3.802      -11.27
       10.47       5.774
      -11.68        2.83
       6.733      -10.02
       1.815          12
      -9.488      -7.657
       12.23     -0.7667
      -8.537       8.865
      0.3087      -12.36
        8.16       9.366
       -12.4      -1.401
       10.14      -7.376
      -2.502       12.34
       -6.52      -10.84
       12.18       3.603
      -11.47       5.596
       4.695      -11.92
       4.612       12.02
      -11.57      -5.769
       12.48      -3.574
      -6.815       11.11
       -2.49      -12.85
       10.56       7.824
      -13.12       1.369
       8.789      -9.914
      0.2168        13.3
      -9.181        -9.7
       13.37      0.9544
      -10.55       8.363
       2.137      -13.34
       7.467       11.33
      -13.21      -3.321
       12.03      -6.497
      -4.496       12.96
      -5.462      -12.64
       12.62       5.655
      -13.17       4.368
       6.786      -12.16
       3.223        13.6
      -11.61       -7.88
       13.93      -2.036
      -8.928       10.95
     -0.8157      -14.15
        10.2       9.921
      -14.27     -0.4279
       10.85      -9.357
      -1.686       14.28
       -8.43      -11.71
       14.17       2.947
      -12.48       7.425
       4.203      -13.95
       6.347       13.17
      -13.62      -5.443
       13.77      -5.205
      -6.656       13.18
      -4.008      -14.26
       12.63       7.834
      -14.65       2.762
       8.965      -11.97
        1.48       14.93
      -11.21      -10.04
        15.1     -0.1705
      -11.05       10.36
       1.157      -15.15
       9.407       11.99
      -15.08      -2.492
       12.84      -8.373
      -3.824       14.89
      -7.262      -13.61
       14.59       5.142
      -14.27       6.081
       6.435      -14.17
       4.837       14.84
      -13.63      -7.694
       15.29      -3.542
      -8.907       12.98
      -2.204      -15.63
       12.22       10.06
      -15.85      0.8339
       11.16      -11.35
     -0.5583       15.95
      -10.39      -12.17
       15.93       1.962
      -13.11       9.341
       3.365      -15.78
       8.203       13.95
      -15.51      -4.758
       14.69       -6.99
       -6.13       15.12
      -5.708      -15.33
        14.6       7.467
      -15.85       4.369
       8.761      -13.97
       2.981       16.26
      -13.21         -10
       16.54      -1.557
      -11.17       12.35
      -0.105       -16.7
       11.39       12.27
      -16.73      -1.362
       13.29      -10.32
      -2.834       16.63
      -9.166      -14.21
        16.4       4.298
      -15.03       7.926
       5.744      -16.04
       6.614       15.74
      -15.55      -7.159
       16.34      -5.237
      -8.532       14.94
      -3.807      -16.82
        14.2       9.852
      -17.17       2.333
       11.11      -13.35
      0.8274       17.39
      -12.38      -12.29
       17.47      0.7001
      -13.39       11.31
       2.235      -17.42
       10.15       14.39
      -17.24      -3.767
       15.29      -8.889
      -5.284       16.92
      -7.551      -16.08
       16.47       6.774
      -16.76       6.144
       8.224      -15.88
       4.676       17.31
      -15.17      -9.623
       17.73      -3.159
      -10.96       14.33
      -1.604      -18.01
       13.38       12.22
      -18.16     0.02216
       13.41      -12.31
      -1.572       18.17
      -11.14      -14.49
       18.04       3.169
      -15.48       9.871
       4.754      -17.77
       8.516       16.35
      -17.36      -6.315
        17.1      -7.083
      -7.841       16.81
      -5.584      -17.73
       16.12       9.318
      -18.22       4.029
       10.74      -15.31
       2.429       18.58
      -14.37      -12.08
        18.8      -0.799
      -13.35       13.31
      0.8506      -18.87
       12.14       14.52
       -18.8      -2.507
       15.58      -10.87
      -4.157       18.58
