      -1.178      0.1703
       1.391      0.9473
     -0.4722      -2.006
      -1.163       2.076
       2.527     -0.8337
      -2.658      -1.196
       1.244       2.892
       1.108      -3.178
      -3.143       1.692
       3.648      0.9229
      -2.167      -3.298
     -0.6578       4.069
       3.366       -2.66
       -4.44     -0.3235
       3.163       3.351
     -0.0706      -4.759
       -3.26       3.666
       5.022     -0.5159
      -4.162      -3.094
       1.004       5.225
       2.858      -4.643
      -5.367       1.529
       5.102       2.555
      -2.081      -5.445
      -2.188       5.532
       5.456      -2.653
      -5.926      -1.762
       3.237         5.4
       1.283      -6.278
      -5.275       3.827
       6.582      0.7534
      -4.414      -5.081
     -0.1806       6.833
        4.82       -4.99
      -7.026      0.4299
       5.549       4.492
      -1.072      -7.158
      -4.099       6.082
       7.224      -1.739
      -6.584      -3.644
       2.423       7.223
       3.129      -7.047
      -7.152       3.119
       7.466        2.56
      -3.818      -7.009
       -1.94       7.833
       6.794      -4.514
      -8.144      -1.275
       5.198       6.508
      0.5691      -8.394
       -6.15       5.863
       8.578     -0.1702
      -6.502      -5.723
       0.937       8.693
       5.229      -7.108
      -8.735       1.725
       7.674        4.67
      -2.526      -8.702
       -4.05       8.193
       8.593      -3.333
      -8.659      -3.374
       4.139       8.405
       2.647      -9.066
      -8.139       4.936
       9.408       1.873
      -5.716      -7.795
      -1.059       9.681
       7.375      -6.471
      -9.881     -0.2117
       7.195        6.88
     -0.6623         -10
      -6.313       7.879
       10.05      -1.556
      -8.516      -5.677
       2.462       10.01
       4.977      -9.101
      -9.882       3.371
       9.625       4.216
      -4.277      -9.672
      -3.401       10.08
       9.378       -5.17
      -10.47      -2.538
       6.043       8.999
       1.632      -10.78
      -8.537       6.889
       11.01      0.6913
      -7.698      -7.995
      0.2773       11.16
       7.374      -8.463
      -11.22       1.266
       9.177        6.68
      -2.267      -11.19
      -5.916       9.832
       11.06      -3.271
      -10.42      -5.087
       4.271       10.85
         4.2      -10.94
      -10.54       5.256
       11.38       3.261
       -6.22      -10.14
      -2.276       11.74
       9.655      -7.154
      -12.01      -1.253
       8.048       9.081
      0.2002      -12.19
      -8.422       8.896
       12.28     -0.8746
      -9.689      -7.683
       1.963       12.27
       6.869      -10.42
      -12.16       3.056
       11.08       5.986
      -4.144      -11.95
      -5.039       11.66
       11.64      -5.218
      -12.16      -4.035
        6.27       11.24
       2.981      -12.58
      -10.74        7.29
        12.9       1.886
       -8.27      -10.14
     -0.7577       13.12
        9.46        -9.2
      -13.24      0.3963
       10.07       8.688
      -1.565      -13.26
      -7.836       10.88
       13.18       -2.74
      -11.61      -6.909
       3.912       12.99
       5.912      -12.27
      -12.69       5.071
       12.83       4.854
      -6.208      -12.29
      -3.741       13.31
       11.79      -7.313
      -13.69      -2.582
       8.377       11.19
       1.386      -13.96
      -10.49       9.391
       14.13      0.1604
      -10.35      -9.695
       1.083       14.19
       8.815      -11.23
      -14.14       2.335
       12.04       7.854
      -3.587      -13.97
      -6.817       12.77
        13.7      -4.827
      -13.41      -5.713
       6.046       13.31
       4.549      -13.95
      -12.82       7.234
       14.38       3.334
      -8.381      -12.21
      -2.076       14.72
       11.51      -9.478
      -14.94     -0.7866
       10.51        10.7
     -0.5254      -15.04
      -9.803       11.48
       15.03       -1.85
      -12.37      -8.816
       3.176        14.9
       7.748      -13.17
      -14.66       4.494
       13.88       6.606
      -5.793      -14.29
      -5.399       14.49
       13.81      -7.062
         -15      -4.135
       8.292       13.22
       2.824      -15.39
      -12.52        9.47
       15.67       1.476
      -10.59      -11.71
     -0.1005       15.83
        10.8      -11.64
      -15.87       1.291
       12.61       9.793
      -2.688      -15.78
      -8.701       13.49
       15.57       -4.08
      -14.28       -7.53
       5.455       15.24
       6.287      -14.96
      -14.78       6.803
       15.54        4.98
      -8.113       -14.2
      -3.622          16
       13.51      -9.373
      -16.34      -2.221
       10.57       12.71
      0.7888      -16.55
      -11.79        11.7
       16.64     -0.6649
      -12.75      -10.78
       2.128       16.61
       9.673      -13.72
      -16.44        3.59
       14.58       8.479
      -5.038      -16.14
      -7.207       15.34
       15.72      -6.463
      -15.99      -5.865
       7.851       15.17
       4.466      -16.53
      -14.49       9.191
       16.93       3.019
      -10.47       -13.7
      -1.534       17.22
       12.79      -11.69
      -17.36    -0.02331
       12.82       11.77
      -1.502      -17.38
      -10.66       13.86
       17.26      -3.031
      -14.81      -9.448
       4.549       17.01
       8.154      -15.65
      -16.62       6.046
       16.38       6.785
       -7.51       -16.1
      -5.351       16.98
       15.45      -8.929
      -17.46      -3.863
       10.29       14.68
       2.332      -17.81
      -13.78       11.59
       18.03      0.7686
       -12.8      -12.77
       0.814        18.1
       11.65      -13.93
      -18.04       2.405
       14.96       10.44
       -3.99      -17.84
      -9.126       15.88
       17.49      -5.558
      -16.69      -7.735
       7.095       17.01
       6.273      -17.37
      -16.39       8.591
       17.93       4.749
      -10.03      -15.65
      -3.177       18.35
       14.77      -11.41
      -18.63      -1.567
       12.71       13.77
    -0.06993      -18.78
      -12.66       13.92
       18.77      -1.718
      -15.03      -11.44
       3.366       18.62
       10.12      -16.04
      -18.33       5.001
       16.93       8.711
