      0.7424     -0.9298
      0.1141       1.679
      -1.492      -1.422
       2.379     0.04677
      -1.997       1.758
      0.3119      -2.898
       1.866       2.535
      -3.302     -0.6513
       3.049      -1.856
      -1.048       3.614
       -1.75      -3.537
       3.843        1.49
      -3.997       1.558
       1.966      -3.994
       1.292       4.423
       -4.07      -2.467
       4.811     -0.9587
      -2.984       4.072
     -0.5649      -5.155
           4       3.509
      -5.451      0.1176
       4.033      -3.858
     -0.3761       5.694
      -3.646      -4.548
       5.879      0.9096
      -5.048       3.366
       1.476      -6.004
       3.022       5.524
      -6.065      -2.068
       5.969      -2.616
      -2.678       6.059
      -2.152      -6.377
       5.986       3.299
      -6.742       1.635
       3.923      -5.844
        1.07       7.058
      -5.633      -4.544
        7.32     -0.4606
      -5.153       5.353
      0.1858      -7.523
       5.006       5.743
      -7.662     -0.8636
       6.307      -4.593
      -1.566       7.735
      -4.116      -6.838
       7.739       2.287
       -7.33        3.58
       3.018      -7.671
       2.987       7.775
       -7.53      -3.753
       8.168      -2.342
      -4.484       7.315
       -1.65      -8.503
       7.026       5.204
      -8.776       0.917
       5.905      -6.664
      0.1489       8.982
      -6.231      -6.579
       9.116      0.6483
       -7.22       5.728
       1.467      -9.176
       5.159       7.821
      -9.159        -2.3
       8.374      -4.526
      -3.141       9.064
      -3.835      -8.873
       8.888       3.981
      -9.312       3.091
       4.814      -8.632
       2.298       9.686
      -8.296       -5.63
        9.99      -1.463
      -6.422        7.88
      -0.592      -10.22
       7.388       7.183
      -10.37     -0.3083
       7.905      -6.821
      -1.229       10.44
      -6.182       -8.58
       10.42       2.164
      -9.202       5.476
       3.105      -10.32
       4.708       9.764
      -10.13      -4.044
       10.26      -3.882
      -4.972        9.85
      -3.005      -10.68
       9.486       5.882
      -11.03       2.083
       6.764      -9.037
       1.123       11.29
      -8.504      -7.611
       11.47     -0.1324
      -8.416        7.89
      0.8805      -11.56
       7.199       9.169
      -11.56      -1.908
       9.865      -6.436
      -2.941       11.47
      -5.605       -10.5
       11.28       3.972
      -11.05       4.713
       4.992         -11
       3.765       11.54
      -10.62      -5.992
       11.93      -2.768
      -6.963       10.15
       -1.73      -12.24
        9.59       7.896
      -12.46      0.6586
       8.784      -8.944
     -0.4373       12.58
      -8.215      -9.617
       12.61       1.549
      -10.39       7.407
       2.669      -12.53
       6.526       11.09
      -12.36      -3.788
       11.72      -5.579
      -4.894       12.08
      -4.571      -12.26
        11.7       5.981
      -12.72        3.51
       7.038      -11.23
       2.403       13.08
      -10.65      -8.057
       13.35      -1.259
      -9.028       9.985
    -0.08826      -13.51
       9.229       9.943
      -13.57      -1.102
       10.79      -8.388
      -2.303       13.53
      -7.468      -11.57
       13.37       3.502
      -12.27       6.476
       4.693      -13.11
       5.417       12.88
      -12.74      -5.863
       13.41        -4.3
      -7.005       12.27
      -3.134      -13.83
       11.69       8.108
      -14.15       1.926
       9.162      -11.01
      0.6869       14.36
      -10.24      -10.16
       14.46      0.5751
      -11.09       9.377
       1.851      -14.45
       8.428       11.95
      -14.33      -3.128
       12.72        -7.4
      -4.398        14.1
        -6.3      -13.41
       13.75       5.649
         -14       5.136
       6.873      -13.28
       3.917       14.48
      -12.71      -8.058
       14.86      -2.652
      -9.196       12.03
      -1.351      -15.13
       11.25       10.28
      -15.28     0.02238
       11.29      -10.37
      -1.322       15.32
      -9.402      -12.22
       15.24       2.672
      -13.08       8.346
       4.017      -15.03
       7.212       13.84
      -14.71      -5.347
        14.5       -6.01
       -6.65       14.27
      -4.746      -15.05
       13.71       7.917
       -15.5       3.431
       9.136      -13.04
       2.075       15.83
      -12.26       -10.3
       16.04     -0.6857
      -11.39       11.37
      0.7229      -16.12
       10.39       12.41
      -16.09      -2.141
       13.34      -9.312
      -3.558       15.92
      -8.152      -14.18
       15.63       4.963
      -14.92       6.918
       6.344      -15.22
       5.616       15.55
      -14.68      -7.689
       16.06      -4.257
      -8.989       14.02
      -2.851      -16.45
       13.25       10.23
      -16.73       1.408
       11.41      -12.37
    -0.05974       16.87
      -11.38      -12.51
       16.88       1.542
      -13.52       10.29
       3.027      -16.76
       9.115       14.44
      -16.52      -4.503
       15.26      -7.855
      -5.958       16.14
      -6.522      -15.96
       15.63       7.381
      -16.55       5.126
        8.76      -14.99
       3.677       17.01
      -14.24      -10.08
       17.35      -2.185
      -11.34       13.36
     -0.6626      -17.56
       12.38       12.53
      -17.63     -0.8787
       13.62      -11.28
      -2.427       17.56
       -10.1      -14.62
       17.36       3.971
      -15.52       8.817
       5.498      -17.02
        7.46        16.3
      -16.55      -6.996
       16.96      -6.033
      -8.452       15.94
      -4.546       -17.5
       15.21       9.856
      -17.91       3.011
        11.2      -14.35
       1.439       18.18
      -13.37      -12.46
       18.32      0.1566
      -13.64       12.28
       1.765      -18.31
       11.09       14.72
      -18.16      -3.373
        15.7      -9.801
      -4.968       17.87
      -8.425      -16.57
       17.44       6.538
      -17.31       6.973
        8.07      -16.87
       5.454       17.93
      -16.16      -9.554
       18.41      -3.881
      -10.97       15.33
      -2.266      -18.75
       14.37       12.32
      -18.95      0.6203
       13.58      -13.29
      -1.043       19.01
