     -0.8677      0.8141
      0.1271      -1.678
       1.273        1.62
      -2.348     -0.3866
       2.228      -1.455
     -0.7231       2.823
      -1.484      -2.776
       3.175       1.117
      -3.283       1.401
       1.554      -3.427
       1.226       3.751
       -3.59      -2.024
       4.179     -0.9707
      -2.517       3.672
     -0.6463      -4.563
       3.675       3.024
      -4.899      0.2607
       3.536      -3.603
     -0.1782       5.183
      -3.457      -4.045
       5.412       0.663
      -4.543       3.241
       1.186      -5.582
       2.958       5.023
      -5.689      -1.741
       5.477      -2.609
      -2.319       5.731
      -2.201      -5.899
       5.706       2.914
      -6.282       1.735
       3.517      -5.614
       1.218        6.62
      -5.453      -4.121
       6.907     -0.6542
      -4.719       5.223
    -0.04924      -7.139
       4.926       5.303
      -7.311     -0.5908
       5.865      -4.562
       -1.26       7.419
      -4.133        -6.4
        7.46       1.951
      -6.899       3.643
       2.657      -7.432
       3.096       7.357
      -7.332       -3.37
       7.766      -2.494
      -4.084        7.16
      -1.844      -8.122
       6.916       4.792
      -8.419        1.15
       5.484      -6.598
       0.417       8.652
       -6.21      -6.155
       8.817      0.3479
      -6.797       5.751
       1.138      -8.911
       5.226       7.403
       -8.93      -1.945
       7.965      -4.636
      -2.764       8.872
      -3.987      -8.478
       8.736       3.587
      -8.935       3.282
       4.405      -8.521
       2.527        9.33
      -8.227      -5.212
       9.658      -1.727
      -5.999       7.855
     -0.8885      -9.915
       7.405       6.758
       -10.1     0.01848
       7.483      -6.881
     -0.8762        10.2
      -6.284      -8.166
       10.22       1.788
      -8.799        5.62
       2.709      -10.15
       4.891       9.376
         -10      -3.632
       9.891      -4.104
      -4.549       9.767
      -3.263      -10.34
       9.445       5.451
      -10.71       2.375
       6.329      -9.038
       1.446          11
      -8.548      -7.177
       11.21     -0.4836
      -7.986       7.977
      0.5043      -11.34
       7.328       8.749
      -11.37       -1.51
       9.458      -6.605
      -2.525       11.32
      -5.814       -10.1
       11.17       3.542
      -10.68       4.959
       4.551      -10.93
       4.047       11.19
      -10.59      -5.544
       11.61      -3.083
      -6.513       10.17
      -2.076      -11.96
       9.653       7.448
      -12.21       1.032
       8.342      -9.049
    -0.03926       12.36
      -8.362      -9.186
       12.43        1.13
      -9.972       7.596
       2.233      -12.39
       6.755       10.69
      -12.26      -3.337
       11.34      -5.845
      -4.434       12.02
      -4.872      -11.91
       11.69       5.515
       -12.4       3.844
       6.571      -11.26
       2.769       12.79
      -10.73      -7.593
       13.09      -1.653
      -8.571        10.1
     -0.5066      -13.29
        9.39       9.497
      -13.39     -0.6627
       10.36      -8.591
      -1.845       13.39
      -7.712      -11.16
       13.28       3.032
      -11.88       6.758
       4.213      -13.06
       5.735       12.52
      -12.74      -5.378
       13.07      -4.653
      -6.519       12.31
      -3.518      -13.53
       11.77       7.625
      -13.88       2.339
       8.688      -11.14
       1.124       14.13
      -10.41      -9.697
       14.28      0.1168
      -10.64       9.591
       1.374      -14.31
       8.683       11.52
      -14.23      -2.638
       12.32      -7.694
      -3.898       14.04
      -6.632      -13.03
       13.74       5.145
      -13.65       5.503
       6.367      -13.32
       4.317       14.17
       -12.8      -7.557
       14.59      -3.081
      -8.702       12.16
      -1.805      -14.89
       11.43       9.794
      -15.09      0.4994
       10.82      -10.59
     -0.8268       15.17
      -9.666      -11.78
       15.13       2.163
      -12.66       8.651
       3.498      -14.97
       7.556       13.44
       -14.7      -4.823
       14.14      -6.389
      -6.125        14.3
      -5.159      -14.73
       13.79       7.396
      -15.21       3.874
       8.622      -13.17
       2.544       15.58
      -12.43      -9.796
       15.83      -1.179
      -10.91        11.6
      0.2105      -15.96
       10.66       11.95
      -15.97      -1.614
        12.9      -9.623
      -3.021       15.85
      -8.504      -13.77
       15.61       4.419
      -14.54       7.307
       5.799      -15.25
        6.04        15.2
      -14.76      -7.148
       15.75      -4.713
      -8.455       14.15
      -3.335      -16.19
       13.43       9.709
       -16.5       1.917
        10.9      -12.59
      0.4689       16.69
      -11.65      -12.02
       16.75      0.9974
      -13.06       10.61
       2.471      -16.69
       9.473       14.01
      -16.49       -3.94
       14.86      -8.252
      -5.392       16.16
      -6.956       -15.6
        15.7       6.819
      -16.22       5.592
       8.204      -15.12
       4.173       16.73
      -14.41      -9.541
       17.11      -2.707
      -10.82       13.59
      -1.206      -17.36
       12.65       12.02
      -17.48     -0.3181
       13.14       -11.6
      -1.856       17.47
      -10.46      -14.17
       17.32        3.39
       -15.1        9.22
       4.915      -17.03
         7.9       15.91
      -16.61      -6.412
       16.62      -6.508
      -7.877       16.06
      -5.052       -17.2
       15.38        9.29
      -17.65       3.544
       10.65      -14.57
       1.996       17.97
      -13.64      -11.93
       18.16     -0.4168
      -13.13        12.6
       1.175       -18.2
       11.45       14.25
      -18.11      -2.776
       15.26      -10.21
      -4.364       17.87
       -8.87      -16.16
       17.49       5.936
      -16.94       7.454
       7.472      -16.98
       5.969        17.6
      -16.32      -8.966
       18.13      -4.425
       -10.4       15.54
      -2.833      -18.52
       14.63       11.77
      -18.77        1.21
       13.05       -13.6
     -0.4404       18.88
      -12.46      -14.25
       18.85       2.096
      -15.34       11.21
       3.752      -18.66
