     -0.7033      0.9597
     -0.1834      -1.673
       1.549       1.359
      -2.379     0.05156
       1.922      -1.839
     -0.1919       2.908
      -1.969      -2.456
       3.326      0.5143
       -2.97       1.981
      0.8979      -3.654
       1.894       3.462
      -3.901       -1.33
       3.929      -1.722
      -1.799       4.072
      -1.474      -4.366
       4.168       2.297
      -4.767       1.157
       2.813      -4.191
      0.7775       5.128
      -4.142       -3.34
       5.442     -0.3428
       -3.87       4.021
      0.1405      -5.704
        3.83       4.394
      -5.912     -0.6659
       4.904      -3.572
      -1.227        6.06
      -3.247      -5.394
       6.145       1.815
      -5.856        2.86
       2.425      -6.165
       2.414       6.283
      -6.117      -3.049
       6.669      -1.912
      -3.679       6.001
       -1.36      -7.008
       5.816       4.307
      -7.295      0.7627
       4.927      -5.562
      0.1252       7.524
      -5.239      -5.531
       7.692      0.5463
      -6.112       4.849
       1.245      -7.794
       4.395       6.662
      -7.827      -1.965
       7.176      -3.879
      -2.699       7.789
      -3.305      -7.645
       7.678       3.439
      -8.064       2.677
       4.178      -7.494
           2       8.428
      -7.235      -4.909
       8.731      -1.279
      -5.624       6.902
     -0.5196      -8.968
       6.498       6.316
      -9.135     -0.2711
       6.978      -6.021
      -1.087       9.229
      -5.477      -7.601
       9.247        1.92
      -8.179       4.868
       2.764      -9.186
       4.199       8.707
      -9.045      -3.611
       9.176      -3.473
      -4.453       8.824
      -2.696      -9.583
       8.521       5.282
      -9.921       1.874
       6.091      -8.139
       1.013       10.19
      -7.678      -6.872
       10.37     -0.1203
      -7.616       7.141
      0.7972      -10.48
       6.531       8.317
       -10.5      -1.732
       8.968      -5.852
      -2.676       10.44
      -5.107      -9.561
       10.29       3.622
      -10.09       4.303
       4.561      -10.05
       3.443       10.55
      -9.721      -5.484
       10.93      -2.536
      -6.384       9.309
      -1.588      -11.24
       8.811       7.254
      -11.46      0.6063
       8.083      -8.231
      -0.402       11.59
      -7.572      -8.864
       11.63       1.429
       -9.59       6.838
       2.465      -11.58
       6.034       10.25
      -11.43      -3.503
       10.85      -5.165
      -4.533       11.19
      -4.237      -11.37
       10.86       5.547
      -11.81       3.258
       6.537      -10.43
       2.234       12.16
      -9.908      -7.493
       12.42      -1.173
      -8.407       9.299
    -0.08301      -12.59
       8.605        9.27
      -12.66      -1.027
       10.07       -7.83
      -2.149       12.63
      -6.978      -10.81
        12.5       3.273
      -11.48       6.057
        4.39      -12.27
       5.073       12.07
      -11.94      -5.492
       12.56      -4.031
      -6.568       11.51
      -2.941      -12.97
       10.98        7.61
      -13.29        1.81
       8.608      -10.35
      0.6465        13.5
      -9.632      -9.553
       13.61      0.5402
      -10.44       8.827
       1.741      -13.61
       7.939       11.25
      -13.51      -2.946
       11.99      -6.976
      -4.146        13.3
      -5.944      -12.65
       12.98       5.331
      -13.22        4.85
       6.492      -12.55
       3.703       13.69
      -12.02      -7.618
       14.06      -2.509
      -8.699       11.38
       -1.28      -14.32
       10.65       9.728
      -14.47     0.02296
       10.69      -9.827
      -1.251       14.52
      -8.914      -11.59
       14.45       2.532
      -12.41       7.918
       3.811      -14.27
       6.848       13.14
      -13.97      -5.077
       13.77      -5.709
      -6.318       13.56
      -4.512      -14.31
       13.03       7.526
      -14.74       3.264
       8.691       -12.4
       1.975       15.06
      -11.67      -9.802
       15.27     -0.6547
      -10.85       10.83
      0.6869      -15.36
       9.898       11.83
      -15.33      -2.039
       12.72      -8.879
      -3.392       15.18
      -7.778      -13.53
       14.92       4.735
      -14.24       6.604
       6.055      -14.53
       5.364       14.85
      -14.02      -7.344
       15.34      -4.069
       -8.59        13.4
      -2.727      -15.73
       12.67       9.784
      -15.99       1.349
       10.91      -11.83
    -0.05519       16.14
      -10.89      -11.97
       16.16       1.474
      -12.95       9.855
       2.898      -16.05
       8.731       13.83
      -15.82      -4.313
       14.62      -7.528
      -5.709       15.47
      -6.254       -15.3
       14.99       7.076
      -15.87       4.917
       8.402      -14.38
       3.529       16.32
      -13.66      -9.677
       16.65      -2.099
      -10.89       12.83
     -0.6383      -16.86
       11.89       12.03
      -16.93      -0.842
       13.09      -10.84
      -2.331       16.88
      -9.704      -14.05
       16.69       3.816
      -14.92       8.479
       5.286      -16.37
       7.176       15.68
      -15.92      -6.729
       16.32      -5.806
      -8.134       15.34
      -4.377      -16.85
       14.64       9.488
      -17.24         2.9
       10.78      -13.82
       1.387       17.51
      -12.88         -12
       17.65      0.1498
      -13.14       11.84
         1.7      -17.65
       10.69       14.19
      -17.51       -3.25
       15.14      -9.451
       -4.79       17.23
      -8.127      -15.98
       16.82       6.306
       -16.7       6.729
       7.787      -16.28
       5.266        17.3
       -15.6       -9.22
       17.77      -3.748
      -10.59        14.8
      -2.189      -18.11
       13.88        11.9
      -18.31      0.6003
       13.12      -12.84
      -1.007       18.37
      -11.69      -14.25
       18.28       2.619
      -15.28       10.44
       4.225      -18.06
       9.102        16.2
      -17.69      -5.812
       17.01      -7.682
      -7.366       17.19
       -6.19      -17.69
       16.54       8.878
      -18.23       4.638
       10.33      -15.77
       3.039       18.64
      -14.86      -11.72
       18.91      -1.403
      -13.02       13.84
      0.2568      -19.04
