        1.19     0.01416
      -1.227      -1.151
      0.1557       2.055
        1.47      -1.871
      -2.625      0.4322
        2.44       1.593
      -0.781       -3.05
      -1.587       2.968
       3.367      -1.185
      -3.461      -1.477
        1.63       3.594
        1.28      -3.918
      -3.737       2.107
       4.336       1.007
      -2.605      -3.801
     -0.6675       4.712
       3.788      -3.117
      -5.041     -0.2683
       3.633       3.702
     -0.1828      -5.318
      -3.543       4.145
       5.539     -0.6786
      -4.645      -3.314
       1.212       5.701
       3.018      -5.127
      -5.801       1.776
       5.582       2.659
      -2.362      -5.836
      -2.239       6.003
       5.804      -2.964
      -6.386      -1.764
       3.573       5.704
       1.237      -6.722
      -5.535       4.183
       7.008      0.6638
      -4.786      -5.297
    -0.04992       7.237
       4.992      -5.374
      -7.406       0.599
        5.94        4.62
      -1.276      -7.511
      -4.183       6.478
       7.548      -1.974
      -6.979      -3.685
       2.687       7.516
        3.13      -7.438
      -7.412       3.407
       7.848       2.521
      -4.127      -7.235
      -1.863       8.205
       6.984      -4.839
      -8.501      -1.161
       5.537       6.661
      0.4204      -8.733
      -6.267       6.212
       8.897      -0.351
      -6.858      -5.802
       1.147       8.988
        5.27      -7.466
      -9.005       1.962
       8.031       4.675
      -2.787      -8.945
      -4.019       8.546
       8.805      -3.615
      -9.004      -3.308
       4.439       8.587
       2.546        -9.4
      -8.289        5.25
       9.729        1.74
      -6.042      -7.912
     -0.8948       9.986
       7.457      -6.806
      -10.17    -0.01861
       7.534       6.928
     -0.8821      -10.27
      -6.326        8.22
       10.28        -1.8
      -8.856      -5.656
       2.727       10.22
       4.922      -9.435
      -10.07       3.655
       9.952       4.129
      -4.576      -9.826
      -3.283        10.4
       9.501      -5.483
      -10.77      -2.388
       6.366        9.09
       1.454      -11.07
      -8.596       7.218
       11.28      0.4863
      -8.031       -8.02
       0.507        11.4
       7.367      -8.797
      -11.44       1.518
       9.508        6.64
      -2.539      -11.38
      -5.844       10.16
       11.23       -3.56
      -10.74      -4.984
       4.574       10.98
       4.067      -11.24
      -10.65       5.572
       11.67       3.098
      -6.544      -10.22
      -2.086       12.01
       9.698      -7.484
      -12.26      -1.037
       8.381       9.091
    -0.03944      -12.42
        -8.4       9.228
       12.48      -1.136
      -10.02       -7.63
       2.243       12.45
       6.784      -10.74
      -12.31       3.352
       11.39        5.87
      -4.453      -12.07
      -4.893       11.96
       11.74      -5.539
      -12.45      -3.861
       6.598        11.3
        2.78      -12.84
      -10.77       7.624
       13.14        1.66
      -8.606      -10.14
     -0.5086       13.35
       9.427      -9.535
      -13.44      0.6654
        10.4       8.625
      -1.853      -13.44
      -7.742        11.2
       13.33      -3.044
      -11.93      -6.783
       4.229       13.11
       5.757      -12.57
      -12.78       5.398
       13.12        4.67
      -6.543      -12.35
      -3.531       13.58
       11.82      -7.653
      -13.93      -2.347
       8.718       11.18
       1.128      -14.18
      -10.45        9.73
       14.33     -0.1172
      -10.68      -9.624
       1.379       14.36
       8.713      -11.56
      -14.28       2.647
       12.36        7.72
      -3.911      -14.09
      -6.654       13.07
       13.78      -5.162
      -13.69      -5.521
       6.388       13.37
       4.331      -14.22
      -12.84       7.581
       14.63       3.091
       -8.73       -12.2
      -1.811       14.94
       11.46      -9.824
      -15.14     -0.5009
       10.86       10.63
     -0.8293      -15.21
      -9.695       11.82
       15.18      -2.169
      -12.69      -8.677
       3.509       15.02
       7.579      -13.48
      -14.74       4.837
       14.18       6.408
      -6.144      -14.34
      -5.174       14.77
       13.83      -7.417
      -15.25      -3.885
       8.647       13.21
       2.551      -15.62
      -12.47       9.824
       15.87       1.182
      -10.94      -11.63
      0.2111       16.01
       10.68      -11.98
      -16.01       1.618
       12.94       9.649
      -3.029       -15.9
      -8.527       13.81
       15.66      -4.431
      -14.58      -7.327
       5.814       15.29
       6.056      -15.24
       -14.8       7.166
        15.8       4.725
      -8.477      -14.19
      -3.344       16.23
       13.46      -9.734
      -16.55      -1.922
       10.93       12.63
      0.4701      -16.74
      -11.68       12.05
        16.8     -0.9999
      -13.09      -10.63
       2.477       16.73
       9.496      -14.04
      -16.53       3.951
       14.89       8.272
      -5.405       -16.2
      -6.972       15.63
       15.74      -6.836
      -16.26      -5.606
       8.223       15.15
       4.182      -16.77
      -14.45       9.564
       17.15       2.713
      -10.84      -13.62
      -1.209        17.4
       12.68      -12.05
      -17.52      0.3188
       13.17       11.63
       -1.86      -17.51
      -10.48        14.2
       17.36      -3.397
      -15.13      -9.241
       4.926       17.07
       7.918      -15.95
      -16.65       6.426
       16.66       6.522
      -7.894      -16.09
      -5.063       17.24
       15.41       -9.31
      -17.69      -3.552
       10.67        14.6
       2.001      -18.01
      -13.67       11.96
        18.2      0.4177
      -13.16      -12.63
       1.177       18.24
       11.48      -14.28
      -18.14       2.782
       15.29       10.23
      -4.373      -17.91
      -8.888       16.19
       17.53      -5.949
      -16.98       -7.47
       7.487       17.01
       5.981      -17.64
      -16.36       8.984
       18.17       4.434
      -10.42      -15.57
      -2.838       18.56
       14.66      -11.79
      -18.81      -1.212
       13.08       13.63
     -0.4413      -18.92
      -12.48       14.28
       18.88        -2.1
      -15.37      -11.23
