      0.9617     -0.7005
     -0.3337       1.649
      -1.063      -1.765
       2.282       0.674
      -2.391       1.168
       1.067      -2.712
       1.129       2.938
      -3.012      -1.501
       3.431     -0.9843
      -1.966       3.208
     -0.7524      -3.874
       3.312       2.453
      -4.267      0.4465
       2.952      -3.333
     0.07707       4.608
      -3.273      -3.455
       4.893      0.3471
      -3.954       3.138
      0.8178      -5.121
       2.931       4.441
      -5.288      -1.327
       4.909      -2.655
      -1.868       5.392
      -2.314       -5.35
        5.43       2.431
      -5.758       1.912
        3.01        -5.4
       1.454       6.126
      -5.302      -3.597
       6.448     -0.9451
      -4.184       5.136
     -0.3901      -6.719
       4.901       4.764
      -6.935      -0.205
       5.329      -4.599
     -0.8339        7.09
      -4.232      -5.871
       7.182        1.49
      -6.385       3.801
       2.167      -7.206
        3.31       6.862
      -7.162      -2.858
       7.297      -2.762
      -3.555       7.046
      -2.162      -7.683
       6.859       4.251
      -8.015       1.515
       4.939        -6.6
      0.8253       8.288
       -6.27       -5.61
       8.496    -0.09958
      -6.258       5.869
      0.6561      -8.637
         5.4       6.876
      -8.707      -1.435
       7.456      -4.866
       -2.23       8.702
       -4.27      -7.992
       8.621       3.035
      -8.478       3.616
        3.84      -8.462
       2.908       8.906
      -8.226       -4.64
       9.272      -2.152
      -5.425       7.911
      -1.354      -9.571
        7.52       6.189
      -9.798      0.5196
       6.924      -7.053
     -0.3439       9.949
      -6.512      -7.623
       10.02        1.23
      -8.277       5.902
        2.13      -10.01
       5.226        8.88
      -9.918      -3.038
       9.427      -4.489
      -3.944        9.74
      -3.694      -9.909
       9.477       4.842
      -10.32       2.849
       5.722       -9.13
        1.96       10.66
      -8.699      -6.577
       10.92      -1.032
      -7.399       8.186
    -0.07451       -11.1
       7.594        8.18
      -11.19     -0.9062
       8.912      -6.927
      -1.903       11.19
      -6.189      -9.588
        11.1       2.905
       -10.2       5.385
       3.906      -10.92
        4.52       10.75
      -10.65      -4.896
       11.22        -3.6
      -5.868       10.28
      -2.632       -11.6
       9.828       6.812
      -11.91       1.623
       7.721      -9.285
       0.582       12.12
      -8.657      -8.585
       12.24      0.4845
      -9.397       7.948
       1.568      -12.27
       7.162       10.15
      -12.19      -2.659
       10.84      -6.304
      -3.748       12.02
       -5.38      -11.45
       11.75       4.827
      -11.98       4.397
       5.887      -11.38
       3.362       12.42
      -10.92      -6.919
       12.78      -2.283
      -7.913       10.36
      -1.167      -13.04
       9.705       8.861
       -13.2     0.02254
       9.755      -8.966
      -1.141       13.25
      -8.144      -10.59
       13.21       2.314
      -11.35       7.244
       3.487      -13.06
       6.273       12.03
       -12.8       -4.65
       12.63      -5.237
      -5.796       12.44
      -4.144      -13.14
       11.97       6.913
      -13.55       3.002
       7.992      -11.41
       1.819       13.86
      -10.74      -9.023
       14.07      -0.604
      -9.999       9.982
      0.6325      -14.16
       9.133       10.91
      -14.15      -1.882
       11.75      -8.201
      -3.133       14.03
      -7.192      -12.51
        13.8       4.378
      -13.17       6.112
       5.605      -13.45
        4.97       13.75
         -13      -6.805
       14.23      -3.774
      -7.967       12.43
      -2.532       -14.6
       11.76       9.082
      -14.86       1.254
       10.14      -10.99
    -0.05039          15
      -10.13      -11.13
       15.03        1.37
      -12.05       9.174
       2.696      -14.95
       8.135       12.88
      -14.75      -4.018
       13.63       -7.02
      -5.324       14.42
      -5.836      -14.27
       13.99       6.604
      -14.82       4.593
       7.847      -13.44
       3.298       15.25
      -12.77      -9.044
       15.57      -1.964
      -10.18          12
     -0.5982      -15.77
       11.13       11.26
      -15.85     -0.7875
       12.26      -10.16
      -2.183       15.81
      -9.097      -13.17
       15.65       3.578
      -13.99       7.955
       4.959      -15.36
       6.737       14.71
      -14.95      -6.317
       15.33      -5.454
       -7.64       14.41
      -4.114      -15.83
       13.76       8.918
      -16.22       2.729
       10.14         -13
       1.307       16.48
      -12.13       -11.3
       16.61       0.139
      -12.38       11.15
         1.6      -16.62
       10.08       13.37
       -16.5      -3.063
       14.27      -8.912
      -4.516       16.25
      -7.668      -15.07
       15.87       5.949
      -15.76       6.352
        7.35      -15.37
       4.973       16.34
      -14.74      -8.708
       16.79      -3.543
      -10.01       13.99
      -2.072      -17.12
       13.12       11.25
      -17.31      0.5699
       12.41      -12.14
     -0.9505       17.38
      -11.06      -13.49
       17.31       2.479
      -14.47       9.888
       4.001      -17.11
       8.624       15.35
      -16.77      -5.506
       16.12      -7.282
      -6.983       16.29
      -5.871      -16.77
       15.69       8.418
       -17.3       4.402
       9.801      -14.96
       2.886       17.69
      -14.11      -11.12
       17.96      -1.334
      -12.37       13.14
      0.2418      -18.08
       12.06       13.53
      -18.07      -1.831
       14.59      -10.88
      -3.418       17.92
      -9.603      -15.55
       17.62       4.992
       -16.4       8.241
       6.541      -17.19
       6.804       17.13
      -16.62      -8.053
       17.73      -5.302
      -9.515       15.92
      -3.747       -18.2
       15.09       10.91
      -18.54       2.151
       12.24      -14.14
      0.5215       18.73
      -13.06      -13.49
       18.78       1.123
      -14.64       11.88
       2.771      -18.68
        10.6       15.68
      -18.44      -4.411
       16.61      -9.222
       -6.03       18.06
