     -0.7731     -0.9044
        1.67      0.2045
      -1.678       1.197
      0.4946      -2.328
        1.35       2.292
      -2.787     -0.8527
       2.842      -1.354
      -1.262        3.12
      -1.248      -3.344
       3.351       1.711
      -3.804       1.051
       2.188      -3.493
      0.7766       4.219
      -3.552      -2.684
       4.588     -0.4348
       -3.19       3.532
    -0.03414      -4.906
       3.436       3.698
       -5.17     -0.4175
         4.2      -3.267
     -0.9123       5.376
      -3.028      -4.688
       5.521       1.443
      -5.154       2.722
       2.002      -5.602
       2.353       5.592
      -5.618      -2.582
       5.994      -1.926
      -3.174       5.566
      -1.443      -6.355
       5.446       3.773
      -6.669       0.911
       4.369      -5.257
      0.3344        6.93
          -5      -4.955
       7.133      0.2806
      -5.525       4.675
      0.9279      -7.276
       4.285        6.07
      -7.353      -1.601
       6.584      -3.833
      -2.293       7.362
      -3.321       -7.06
       7.301       2.997
      -7.492       2.753
       3.705      -7.169
       2.133       7.873
      -6.964      -4.411
       8.199      -1.467
      -5.106       6.687
     -0.7594      -8.463
       6.338       5.783
      -8.662     0.01691
       6.436      -5.918
     -0.7543       8.792
      -5.431      -7.056
       8.849       1.547
      -7.636       4.878
       2.356       -8.83
       4.263       8.171
      -8.735      -3.171
       8.653      -3.591
      -3.987       8.561
      -2.866      -9.077
       8.309       4.794
      -9.437       2.093
       5.586      -7.978
       1.279       9.728
      -7.569      -6.355
       9.946     -0.4301
      -7.094       7.085
      0.4473      -10.09
       6.528       7.793
      -10.15      -1.346
       8.448      -5.901
      -2.258       10.12
      -5.207      -9.049
       10.02       3.176
      -9.592       4.453
       4.091      -9.825
       3.643       10.07
      -9.546      -4.995
       10.48      -2.782
      -5.881       9.183
      -1.878      -10.81
       8.736       6.741
      -11.06      0.9365
       7.565      -8.207
    -0.03427       11.22
      -7.599      -8.347
        11.3       1.028
      -9.078       6.916
       2.034      -11.29
       6.161       9.753
      -11.19      -3.046
       10.36      -5.341
      -4.054       10.99
       -4.46       -10.9
       10.71       5.051
      -11.36       3.526
       6.028      -10.33
       2.544       11.74
      -9.856      -6.976
       12.04      -1.522
      -7.887       9.298
      -0.468      -12.24
       8.654       8.752
      -12.35     -0.6104
       9.563      -7.929
      -1.703       12.36
      -7.127      -10.31
       12.28       2.803
      -10.99       6.253
         3.9      -12.09
       5.315        11.6
      -11.81      -4.985
       12.12      -4.317
       -6.05       11.42
      -3.268      -12.56
       10.94       7.085
      -12.91       2.176
       8.081      -10.36
       1.048       13.15
      -9.697      -9.029
        13.3       0.108
      -9.921       8.941
       1.281      -13.35
       8.103       10.75
      -13.29      -2.462
       11.51      -7.188
      -3.642       13.12
      -6.202      -12.18
       12.85       4.812
      -12.77       5.152
       5.962      -12.47
       4.045       13.27
      -11.99      -7.081
       13.68       -2.89
      -8.161       11.41
      -1.695      -13.98
       10.73       9.193
      -14.17      0.4699
       10.17      -9.953
     -0.7762       14.26
      -9.089      -11.08
       14.23       2.034
      -11.91       8.142
       3.292       -14.1
       7.118       12.66
      -13.85      -4.543
       13.32      -6.023
      -5.775       13.48
      -4.868      -13.89
       13.01       6.977
      -14.35       3.658
        8.14      -12.43
       2.404       14.71
      -11.75      -9.255
       14.96      -1.115
      -10.31       10.96
      0.1982       -15.1
       10.08        11.3
      -15.11      -1.527
       12.21      -9.111
       -2.86       15.01
      -8.057      -13.04
       14.79       4.187
      -13.78       6.928
       5.497      -14.46
       5.731       14.42
         -14       -6.78
       14.95      -4.473
      -8.025       13.44
      -3.168      -15.37
       12.76       9.222
      -15.68       1.823
       10.36      -11.97
      0.4457       15.87
      -11.08      -11.43
       15.94      0.9466
      -12.42       10.09
       2.351      -15.88
       9.018       13.33
       -15.7      -3.751
       14.15       -7.86
      -5.136       15.39
      -6.629      -14.86
       14.96       6.497
      -15.46       5.331
       7.822      -14.42
       3.981       15.95
      -13.75        -9.1
       16.33      -2.583
      -10.32       12.97
      -1.153      -16.57
       12.08       11.47
       -16.7     -0.3038
       12.55      -11.08
      -1.771       16.69
      -9.994      -13.54
       16.55        3.24
      -14.43       8.816
       4.698      -16.29
       7.556       15.22
      -15.89      -6.134
        15.9      -6.229
      -7.537       15.37
      -4.836      -16.46
       14.72       8.894
       -16.9       3.396
        10.2      -13.96
       1.912       17.22
      -13.07      -11.43
        17.4     -0.4037
      -12.59       12.08
       1.126      -17.45
       10.98       13.66
      -17.37       -2.66
       14.64       -9.79
      -4.187       17.14
      -8.513       -15.5
       16.79       5.696
      -16.26       7.156
       7.174       -16.3
       5.734        16.9
      -15.68      -8.609
       17.42      -4.251
      -9.991       14.93
      -2.726       -17.8
       14.06       11.31
      -18.05       1.163
       12.55      -13.08
     -0.4213       18.16
      -11.98       -13.7
       18.13       2.016
      -14.76       10.78
       3.608      -17.96
       9.489       15.71
      -17.65      -5.186
       16.55      -8.115
      -6.737        17.2
      -6.663      -17.27
       16.61       8.249
      -17.86       5.151
       9.709      -15.89
       3.582       18.31
      -15.04      -11.11
       18.63      -1.975
      -12.43       14.07
     -0.3399      -18.81
       12.98       13.67
      -18.84      -1.311
       14.81      -11.78
      -2.965       18.73
      -10.49      -15.84
       18.47       4.609
