       1.159     -0.2693
     -0.9513       1.388
     -0.2891       -2.04
       1.838       1.512
      -2.657      0.1416
       2.041       -2.08
      -0.108       3.146
      -2.187      -2.558
       3.543      0.4341
      -3.063       2.185
      0.8205       -3.86
       2.091       3.552
      -4.102      -1.255
       4.019      -1.915
      -1.729       4.272
      -1.664      -4.459
       4.369       2.231
      -4.866       1.344
       2.753      -4.395
      0.9633       5.233
       -4.35      -3.287
       5.556     -0.5266
      -3.825       4.234
    -0.04056      -5.829
       4.049       4.359
      -6.047     -0.4887
        4.88      -3.795
      -1.054       6.207
      -3.476      -5.382
       6.305       1.648
      -5.858       3.094
       2.265      -6.338
       2.651         6.3
      -6.304      -2.897
       6.702      -2.153
      -3.537       6.201
      -1.603      -7.058
       6.029       4.177
      -7.362       1.006
        4.81      -5.787
      0.3673        7.61
      -5.476      -5.428
       7.796      0.3071
      -6.025       5.098
        1.01      -7.917
       4.654       6.593
       -7.97      -1.736
       7.124      -4.147
      -2.477       7.952
      -3.581      -7.613
       7.861       3.227
      -8.054       2.959
       3.977      -7.695
       2.286       8.439
      -7.454      -4.722
       8.765      -1.568
      -5.452       7.139
     -0.8098      -9.025
       6.751       6.161
      -9.216     0.01743
        6.84       -6.29
     -0.8014       9.334
       -5.76      -7.484
       9.376        1.64
      -8.084       5.164
       2.492       -9.34
       4.505       8.634
      -9.223      -3.348
       9.129      -3.788
      -4.203       9.024
      -3.019       -9.56
       8.744       5.046
      -9.925       2.202
       5.871      -8.384
       1.343       10.22
      -7.944       -6.67
       10.43     -0.4505
      -7.435       7.426
      0.4692      -10.56
       6.833       8.158
      -10.62      -1.409
       8.833       -6.17
       -2.36       10.58
      -5.439      -9.452
       10.46       3.315
      -10.01       4.646
       4.266      -10.25
       3.797        10.5
      -9.945      -5.205
       10.91      -2.897
      -6.122       9.558
      -1.953      -11.24
       9.084        7.01
      -11.49      0.9727
        7.86      -8.527
    -0.03631       11.66
      -7.889      -8.665
       11.73       1.066
      -9.418       7.174
       2.109      -11.71
       6.387       10.11
      -11.59      -3.156
       10.73      -5.532
      -4.199       11.38
      -4.617      -11.28
       11.08       5.227
      -11.75       3.647
       6.234      -10.68
       2.629       12.14
      -10.19      -7.209
       12.44      -1.571
      -8.145       9.603
     -0.4824      -12.64
       8.932       9.033
      -12.74     -0.6299
       9.865      -8.179
      -1.757       12.75
      -7.348      -10.63
       12.65        2.89
      -11.33       6.444
       4.018      -12.46
       5.474       11.95
      -12.16      -5.134
       12.48      -4.444
      -6.227       11.76
      -3.362      -12.93
       11.25       7.288
      -13.27       2.237
       8.309      -10.66
       1.076       13.52
      -9.967       -9.28
       13.67       0.111
      -10.19       9.186
       1.316      -13.71
       8.322       11.04
      -13.64      -2.529
       11.81      -7.379
      -3.739       13.47
      -6.364       -12.5
       13.18       4.937
       -13.1       5.284
       6.114      -12.79
       4.147       13.61
      -12.29       -7.26
       14.02      -2.962
      -8.364       11.69
      -1.737      -14.32
       10.99       9.419
      -14.52      0.4804
       10.41      -10.19
     -0.7958        14.6
      -9.306      -11.34
       14.57       2.083
      -12.19       8.333
        3.37      -14.42
       7.282       12.95
      -14.17      -4.648
       13.63      -6.161
      -5.906       13.79
      -4.977       -14.2
       13.31       7.134
      -14.68       3.739
       8.321      -12.71
       2.457       15.04
      -12.01      -9.458
       15.29      -1.139
      -10.53        11.2
      0.2034      -15.42
        10.3       11.54
      -15.43       -1.56
       12.47      -9.304
       -2.92       15.33
      -8.225      -13.31
        15.1       4.274
      -14.06        7.07
        5.61      -14.75
       5.846       14.71
      -14.29      -6.917
       15.25      -4.564
      -8.186        13.7
       -3.23      -15.68
       13.01       9.404
      -15.99       1.857
       10.56       -12.2
      0.4544       16.18
      -11.29      -11.65
       16.24      0.9669
      -12.66       10.28
       2.396      -16.18
       9.189       13.58
      -15.99      -3.821
       14.41      -8.006
      -5.232       15.68
      -6.752      -15.13
       15.24       6.617
      -15.75       5.429
       7.965      -14.68
       4.052       16.24
         -14      -9.264
       16.62      -2.629
       -10.5        13.2
      -1.172      -16.87
       12.29       11.68
      -16.99     -0.3091
       12.77      -11.28
      -1.802       16.98
      -10.17      -13.77
       16.84       3.296
      -14.68       8.968
       4.778      -16.57
       7.685       15.48
      -16.16      -6.238
       16.17      -6.332
      -7.663       15.63
      -4.917      -16.74
       14.97       9.042
      -17.18        3.45
       10.37      -14.18
       1.944        17.5
      -13.29      -11.62
       17.68     -0.4081
      -12.79       12.27
       1.145      -17.73
       11.16       13.88
      -17.64      -2.702
       14.87      -9.945
      -4.253       17.41
      -8.647      -15.75
       17.05       5.785
      -16.52       7.267
       7.285      -16.55
       5.822       17.16
      -15.92      -8.744
       17.68      -4.316
      -10.14       15.16
      -2.765      -18.07
       14.27       11.48
      -18.32        1.18
       12.74      -13.27
     -0.4276       18.43
      -12.16      -13.91
        18.4       2.045
      -14.98       10.94
       3.661      -18.22
       9.628       15.94
       -17.9      -5.261
       16.79      -8.233
      -6.836       17.45
      -6.758      -17.52
       16.85       8.367
      -18.11       5.222
       9.849      -16.12
       3.633       18.57
      -15.26      -11.26
       18.89      -2.003
       -12.6       14.27
