       1.024      0.6067
      -1.647       0.345
       1.202      -1.674
      0.2825       2.363
      -2.017      -1.735
       2.913    -0.09161
      -2.253       2.198
      0.1887       -3.36
        2.26       2.763
      -3.724     -0.5387
       3.261      -2.222
     -0.9445       4.012
      -2.096      -3.743
       4.228       1.395
      -4.202       1.891
       1.881      -4.372
       1.614       4.633
      -4.445      -2.393
       5.028      -1.272
      -2.922       4.447
       -0.87      -5.383
       4.378       3.461
      -5.691      0.4144
       4.001      -4.239
    -0.08843       5.948
      -4.031      -4.534
        6.15       0.632
      -5.053       3.756
        1.21      -6.292
       3.416        5.55
      -6.371      -1.815
       6.019      -3.013
       -2.44       6.385
      -2.551      -6.452
        6.33       3.078
      -6.843       2.035
       3.722      -6.207
       1.468       7.186
      -6.014      -4.364
       7.476     -0.8558
      -4.996       5.752
     -0.2036      -7.708
        5.42       5.612
      -7.878     -0.4822
       6.204      -5.022
      -1.195       7.981
      -4.558      -6.765
       8.014       1.929
      -7.288       4.032
       2.677      -7.976
       3.448       7.766
      -7.864       -3.43
       8.194      -2.809
      -4.183       7.678
      -2.121      -8.565
       7.416       4.927
      -8.875       1.389
       5.655       -7.08
       0.618       9.118
      -6.671      -6.359
       9.291      0.1846
      -7.033        6.19
       1.013      -9.389
        5.64       7.668
      -9.411      -1.859
       8.258      -5.025
      -2.715       9.353
      -4.348      -8.796
       9.214       3.574
      -9.275       3.614
       4.429      -8.994
       2.829       9.691
      -8.692      -5.271
       10.04      -1.998
      -6.093        8.31
      -1.128      -10.31
       7.848       6.886
      -10.51      0.2245
       7.644      -7.309
     -0.7037       10.62
      -6.695      -8.357
       10.65        1.65
       -9.02       6.012
       2.605      -10.59
       5.263       9.625
      -10.44      -3.563
       10.17      -4.453
      -4.514       10.21
      -3.587      -10.64
       9.885        5.45
      -11.03       2.673
       6.363      -9.474
       1.717       11.35
      -8.977      -7.245
       11.57     -0.7259
      -8.086       8.397
      0.2918      -11.71
       7.738       8.881
      -11.76      -1.328
        9.62      -7.002
      -2.375       11.72
      -6.195       -10.3
       11.58       3.424
       -10.9       5.323
       4.466      -11.34
       4.391       11.44
      -11.01      -5.493
       11.89      -3.405
      -6.495       10.59
      -2.374      -12.25
       10.07       7.463
      -12.52       1.306
        8.39      -9.465
      0.2078        12.7
      -8.772      -9.266
       12.78      0.9114
      -10.08       7.997
       2.043      -12.76
       7.145       10.84
      -12.64      -3.177
       11.51      -6.222
      -4.306       12.42
      -5.234      -12.11
       12.09       5.419
      -12.63       4.188
       6.507      -11.66
       3.092       13.05
      -11.14      -7.562
       13.37      -1.955
      -8.572       10.51
     -0.7843       -13.6
       9.799       9.531
      -13.72     -0.4104
       10.43      -8.996
       -1.62       13.73
      -8.109      -11.26
       13.63       2.835
      -12.01       7.146
       4.045      -13.43
       6.111       12.68
      -13.12      -5.242
       13.26      -5.015
      -6.414        12.7
      -3.863      -13.75
       12.18       7.552
      -14.13       2.665
       8.647      -11.55
       1.429        14.4
      -10.82      -9.688
       14.57     -0.1654
      -10.67       9.998
       1.116      -14.63
       9.087       11.58
      -14.57      -2.407
       12.41      -8.092
      -3.696       14.39
       -7.02      -13.15
       14.11       4.971
       -13.8       5.881
       6.225       -13.7
       4.681       14.35
      -13.19      -7.445
        14.8      -3.429
      -8.622       12.56
      -2.135      -15.13
       11.83       9.746
      -15.35      0.8087
       10.81         -11
       -0.54       15.46
      -10.07       -11.8
       15.44       1.901
      -12.71       9.055
       3.263      -15.31
       7.956       13.53
      -15.05      -4.615
       14.25      -6.781
      -5.947       14.67
       -5.54      -14.88
       14.17       7.247
      -15.39       4.242
       8.506      -13.56
       2.896       15.79
      -12.84      -9.712
       16.07      -1.513
      -10.86          12
      -0.103      -16.23
       11.07       11.93
      -16.26      -1.324
       12.92      -10.03
      -2.755       16.17
      -8.913      -13.82
       15.95        4.18
      -14.62       7.711
       5.587       -15.6
       6.436       15.32
      -15.13      -6.965
        15.9      -5.098
      -8.304       14.54
      -3.707      -16.37
       13.83       9.591
      -16.71       2.273
       10.82         -13
      0.8069       16.93
      -12.06      -11.97
       17.02       0.681
      -13.04       11.02
       2.177      -16.98
       9.888       14.02
       -16.8      -3.671
       14.91      -8.665
       -5.15        16.5
      -7.364      -15.68
       16.06       6.604
      -16.34       5.993
        8.02      -15.49
       4.561       16.88
       -14.8      -9.388
        17.3      -3.082
       -10.7       13.99
      -1.565      -17.58
       13.06       11.93
      -17.73     0.02271
       13.09      -12.02
      -1.534       17.74
      -10.88      -14.15
       17.62       3.093
      -15.11       9.641
       4.642      -17.36
       8.319       15.97
      -16.96      -6.168
       16.71      -6.921
       -7.66       16.42
      -5.457      -17.32
       15.76       9.107
      -17.81       3.938
       10.49      -14.97
       2.376       18.16
      -14.05      -11.81
       18.38     -0.7824
      -13.05       13.02
      0.8307      -18.45
       11.88        14.2
      -18.38      -2.451
       15.24      -10.63
      -4.065       18.17
      -9.298      -16.18
       17.82       5.662
         -17       7.879
       7.228      -17.33
       6.388        17.7
       -16.7      -8.751
       18.26      -4.835
      -10.22       15.93
      -3.233      -18.69
       15.04       11.62
      -18.97       1.594
