      -1.183      0.1239
       1.116       -1.26
     0.03459       2.061
      -1.637      -1.727
       2.654      0.1882
      -2.283       1.812
      0.4963      -3.109
       1.854       2.809
      -3.462     -0.8688
        3.31       -1.79
      -1.291       3.729
      -1.636      -3.783
       3.915       1.753
      -4.225       1.403
       2.244      -4.025
         1.1       4.631
       -4.06      -2.754
       4.995     -0.7323
      -3.276       4.021
     -0.3087      -5.312
        3.91         3.8
      -5.578     -0.1645
       4.319      -3.729
     -0.6809       5.789
      -3.479      -4.826
        5.94       1.233
      -5.312       3.163
       1.813      -6.029
       2.784       5.771
      -6.053      -2.415
       6.195      -2.346
      -3.032       6.009
      -1.852      -6.579
       5.897       3.654
      -6.917       1.308
       4.277      -5.716
      0.7176       7.202
      -5.466       -4.89
        7.43    -0.08708
      -5.489       5.148
      0.5771      -7.597
       4.763       6.064
      -7.698      -1.269
       6.609      -4.314
      -1.982       7.732
      -3.803      -7.117
       7.694       2.708
      -7.582       3.234
       3.441      -7.585
       2.612       7.998
      -7.401      -4.174
       8.358       -1.94
      -4.898       7.144
      -1.225      -8.657
       6.813       5.607
      -8.891      0.4716
       6.293      -6.411
      -0.313       9.056
      -5.937      -6.948
       9.148       1.122
      -7.566       5.396
        1.95      -9.164
       4.791       8.139
      -9.101      -2.787
       8.661      -4.125
      -3.628        8.96
      -3.403      -9.125
       8.738       4.463
      -9.527        2.63
       5.286      -8.435
       1.813        9.86
      -8.054      -6.088
       10.12     -0.9567
      -6.863       7.594
    -0.06918       -10.3
       7.058       7.601
      -10.41     -0.8429
       8.296      -6.449
      -1.772       10.43
      -5.772      -8.941
       10.36        2.71
      -9.528        5.03
        3.65      -10.21
       4.228       10.05
      -9.967      -4.583
       10.51      -3.372
        -5.5       9.639
      -2.469      -10.89
       9.226       6.394
      -11.18       1.525
       7.257      -8.727
      0.5474        11.4
      -8.148      -8.079
       11.53      0.4562
      -8.854       7.489
       1.478      -11.56
       6.757       9.574
      -11.51      -2.509
       10.23      -5.954
      -3.541       11.36
      -5.087      -10.82
       11.12       4.565
      -11.34       4.162
       5.574      -10.78
       3.185       11.77
      -10.35      -6.557
       12.12      -2.164
      -7.507       9.826
      -1.107      -12.37
       9.216       8.414
      -12.54     0.02142
        9.27      -8.522
      -1.084        12.6
      -7.747      -10.07
       12.57       2.201
       -10.8       6.897
        3.32      -12.43
       5.976       11.46
       -12.2      -4.432
       12.04      -4.993
      -5.527       11.86
      -3.954      -12.53
       11.43       6.597
      -12.94       2.866
       7.633      -10.89
       1.738       13.24
      -10.27      -8.624
       13.45     -0.5783
      -9.563       9.548
      0.6044      -13.55
       8.742       10.44
      -13.55      -1.801
       11.25      -7.855
      -3.001       13.44
      -6.892      -11.98
       13.23       4.196
      -12.63       5.861
       5.375       -12.9
       4.769       13.19
      -12.47       -6.53
       13.66      -3.623
      -7.649       11.94
      -2.432      -14.02
        11.3       8.725
      -14.28       1.206
       9.746      -10.57
    -0.04757       14.43
      -9.742      -10.71
       14.46       1.317
      -11.59       8.827
       2.594      -14.39
       7.832        12.4
       -14.2      -3.868
       13.13      -6.761
      -5.127        13.9
      -5.624      -13.76
       13.48       6.364
      -14.29       4.428
       7.566      -12.96
       3.182       14.71
      -12.32      -8.724
       15.02      -1.896
      -9.829       11.58
     -0.5784      -15.23
       10.74       10.87
      -15.31     -0.7596
       11.84      -9.811
      -2.108       15.28
      -8.791      -12.73
       15.12       3.456
      -13.53       7.689
       4.794      -14.85
       6.515       14.23
      -14.46      -6.109
       14.83      -5.276
      -7.391       13.95
      -3.982      -15.32
       13.32       8.631
       -15.7       2.643
       9.817      -12.59
       1.267       15.96
      -11.74      -10.94
        16.1      0.1336
      -11.99        10.8
       1.549      -16.11
       9.765       12.96
         -16      -2.967
       13.84      -8.641
      -4.378       15.76
      -7.437      -14.62
        15.4        5.77
      -15.29       6.163
       7.131      -14.91
       4.827       15.85
      -14.31      -8.451
        16.3       -3.44
      -9.719       13.58
      -2.013      -16.62
       12.74       10.92
      -16.82      0.5546
       12.06       -11.8
     -0.9224       16.89
      -10.75      -13.11
       16.82       2.408
      -14.07       9.611
       3.888      -16.63
       8.386       14.92
       -16.3      -5.353
       15.68      -7.083
       -6.79       15.85
      -5.712      -16.31
       15.27       8.189
      -16.83       4.284
       9.537      -14.56
        2.81       17.22
      -13.73      -10.82
       17.48      -1.299
      -12.04       12.79
      0.2354      -17.61
       11.75       13.17
       -17.6      -1.782
       14.21       -10.6
      -3.328       17.45
      -9.356      -15.15
       17.17       4.863
      -15.98       8.031
       6.374      -16.76
       6.632        16.7
       -16.2      -7.849
       17.29       -5.17
      -9.276       15.52
      -3.654      -17.75
       14.72       10.64
      -18.08       2.097
       11.94      -13.79
      0.5087       18.27
      -12.74      -13.16
       18.32       1.093
      -14.28       11.59
       2.704      -18.23
       10.34        15.3
         -18      -4.304
       16.22      -9.004
      -5.887       17.63
      -7.583      -17.01
       17.12       7.434
      -17.68       6.092
        8.94      -16.47
       4.541       18.22
      -15.69      -10.39
       18.62      -2.941
      -11.77       14.78
      -1.309      -18.88
       13.74       13.06
         -19     -0.3503
       14.27       -12.6
