      -1.075      0.5097
       1.608      0.4956
      -1.042      -1.778
     -0.4993       2.327
       2.169      -1.541
      -2.892       -0.36
       2.041       2.397
      0.1222      -3.363
      -2.505       2.543
       3.758     -0.1927
      -3.043      -2.513
      0.5702       4.082
       2.432      -3.534
      -4.338       0.999
        4.01       2.271
      -1.469      -4.527
      -2.035       4.464
       4.647      -1.972
      -4.889      -1.731
       2.499       4.698
       1.363      -5.279
      -4.679       3.042
       5.629      0.9379
      -3.592       -4.59
      -0.461       5.931
       4.432      -4.143
      -6.182     0.06171
       4.685       4.206
     -0.6239      -6.377
      -3.913       5.211
       6.512      -1.219
      -5.715      -3.556
        1.84       6.583
       3.136      -6.189
      -6.587       2.481
       6.626       2.658
      -3.133      -6.524
      -2.125        7.02
       6.391       -3.79
      -7.365      -1.542
       4.444       6.188
      0.9141      -7.657
      -5.915       5.088
       7.889      0.2469
      -5.714      -5.573
      0.4537       8.057
       5.163      -6.315
      -8.158       1.181
       6.884       4.688
      -1.929      -8.189
       -4.15       7.415
       8.147       -2.69
        -7.9      -3.554
       3.457       8.031
       2.903      -8.333
      -7.839       4.222
       8.709       2.202
      -4.977      -7.572
      -1.457       9.022
       7.229      -5.717
      -9.268     -0.6736
       6.431       6.812
     -0.1418      -9.443
      -6.324       7.114
       9.542     -0.9821
      -7.759      -5.765
        1.84       9.564
       5.141      -8.357
      -9.505       2.709
       8.902       4.455
       -3.58      -9.365
      -3.712       9.389
       9.142      -4.447
      -9.811      -2.916
         5.3       8.837
       2.075      -10.16
       -8.45       6.133
       10.44       1.193
      -6.936      -7.983
     -0.2793       10.64
       7.438      -7.704
      -10.75      0.6599
       8.426       6.819
      -1.617      -10.78
      -6.129       9.098
       10.73      -2.584
      -9.711      -5.372
       3.552       10.58
       4.554      -10.26
      -10.35       4.514
       10.74        3.68
      -5.461      -10.02
      -2.757       11.14
       9.607      -6.385
      -11.46      -1.791
       7.277       9.108
      0.7906      -11.69
      -8.524       8.129
       11.84      -0.237
      -8.933       -7.86
       1.284       11.89
       7.119      -9.681
      -11.85       2.341
       10.37       6.306
        -3.4      -11.71
      -5.427       10.98
       11.47      -4.453
      -11.52      -4.487
        5.49       11.14
       3.495      -11.98
      -10.72       6.502
       12.35       2.456
      -7.481       -10.2
      -1.379       12.63
       9.589      -8.417
      -12.81     -0.2722
       9.303       8.893
     -0.8562       -12.9
      -8.114       10.13
       12.88      -1.997
      -10.89      -7.258
       3.141       12.76
       6.329      -11.58
      -12.54        4.28
       12.19       5.335
      -5.403      -12.21
      -4.283       12.71
       11.79      -6.501
      -13.13      -3.181
       7.565       11.26
       2.036      -13.47
      -10.64       8.586
       13.69      0.8572
      -9.555       -9.92
       0.346       13.82
       9.114      -10.46
      -13.84       1.564
        11.3       8.224
      -2.788      -13.75
      -7.256       12.06
       13.55      -4.009
      -12.74      -6.217
       5.215       13.24
       5.115      -13.33
      -12.82       6.396
       13.82       3.957
      -7.544       -12.3
      -2.752       14.21
       11.67      -8.648
      -14.49       -1.51
         9.7       10.94
      0.2382      -14.67
      -10.12       10.69
       14.73      -1.052
      -11.61      -9.203
       2.351       14.67
       8.204      -12.45
       -14.5       3.648
        13.2        7.13
      -4.933      -14.22
      -5.985       13.86
       13.82      -6.196
      -14.42       -4.78
       7.426       13.31
       3.523      -14.87
      -12.68       8.613
       15.21       2.222
      -9.747      -11.95
      -0.889       15.44
       11.12      -10.82
      -15.55      0.4672
       11.82       10.19
      -1.837      -15.54
       -9.17       12.74
       15.41      -3.207
      -13.57      -8.068
       4.568       15.16
       6.889       -14.3
      -14.78       5.908
       14.93       5.644
      -7.218      -14.29
      -4.341       15.45
       13.68      -8.486
      -15.86       -2.99
       9.702       12.95
         1.6      -16.15
      -12.12       10.86
       16.31      0.1822
      -11.94      -11.18
       1.251       16.35
       10.15      -12.94
      -16.27        2.69
       13.85       9.027
      -4.123      -16.05
      -7.822       14.66
       15.71      -5.539
      -15.36      -6.544
       6.926       15.24
       5.202      -15.96
      -14.65       8.274
       16.43       3.806
      -9.571      -13.94
      -2.366       16.79
       13.12      -10.81
      -17.01     -0.8929
       11.97       12.18
     -0.6008      -17.11
      -11.14       13.05
       17.07      -2.104
      -14.04         -10
       3.606        16.9
        8.78      -14.93
       -16.6       5.094
       15.72       7.475
      -6.556      -16.17
        -6.1       16.39
        15.6      -7.982
      -16.94      -4.665
       9.359       14.91
       3.181      -17.36
       -14.1       10.68
       17.65       1.659
      -11.92      -13.18
     -0.1098       17.81
       12.14      -13.09
      -17.83       1.454
       14.16       10.99
       -3.02      -17.71
      -9.757       15.13
       17.45      -4.577
         -16      -8.434
       6.112       17.06
       7.032      -16.75
      -16.53       7.614
       17.37       5.565
      -9.068      -15.87
      -4.042       17.87
       15.08      -10.47
      -18.23      -2.475
       11.79       14.17
      0.8758      -18.45
      -13.14       13.04
       18.53     -0.7437
       -14.2      -11.99
       2.371       18.47
       10.75      -15.25
      -18.27       3.993
        16.2       9.414
      -5.598      -17.92
      -7.994       17.03
       17.43      -7.172
      -17.73        -6.5
       8.703       16.81
       4.944      -18.31
      -16.04       10.18
       18.74       3.338
