     -0.5813      -1.038
       1.598      0.5273
      -1.879      0.8458
      0.9404      -2.186
      0.8757       2.512
      -2.566      -1.381
       3.052     -0.7722
      -1.848       2.813
     -0.5697      -3.524
       2.952       2.333
      -3.936      0.2868
       2.829      -2.998
     -0.0635        4.29
      -2.958      -3.327
       4.584      0.4708
       -3.82       2.839
      0.9261      -4.818
       2.646       4.299
      -4.988      -1.421
       4.758      -2.382
      -1.946       5.093
      -2.053       -5.19
       5.132       2.495
      -5.587       1.662
       3.059      -5.102
       1.214       5.944
      -5.004      -3.631
       6.255     -0.7162
      -4.202       4.837
     -0.1724      -6.515
       4.602       4.765
      -6.718      -0.411
       5.312      -4.301
      -1.027       6.861
      -3.934      -5.837
       6.941        1.67
      -6.332       3.504
       2.333      -6.954
       3.016       6.791
      -6.898      -3.008
       7.207      -2.471
      -3.689       6.771
      -1.876      -7.573
       6.574       4.367
      -7.886       1.234
       5.036      -6.306
      0.5518       8.138
      -5.967      -5.688
       8.327      0.1652
      -6.315       5.559
      0.9106      -8.448
       5.084       6.911
      -8.498      -1.678
       7.469      -4.546
      -2.459       8.474
      -3.946      -7.982
       8.375       3.248
      -8.443       3.291
       4.037      -8.199
       2.583       8.847
      -7.946      -4.818
       9.188      -1.829
      -5.584       7.616
      -1.035      -9.462
       7.211       6.327
      -9.664      0.2071
       7.039      -6.731
     -0.6482        9.79
       -6.18      -7.713
       9.838       1.524
      -8.342       5.561
       2.411      -9.804
       4.878       8.919
      -9.687      -3.304
       9.438      -4.134
      -4.194       9.487
      -3.337      -9.893
       9.202       5.074
      -10.28       2.491
       5.933      -8.835
       1.603       10.59
      -8.385      -6.766
       10.82     -0.6791
      -7.564       7.855
      0.2725      -10.97
       7.249       8.319
      -11.03      -1.245
       9.024      -6.569
      -2.229          11
       -5.82      -9.672
       10.88       3.218
      -10.26       5.007
       4.203      -10.68
       4.135       10.77
      -10.38      -5.175
       11.21      -3.211
      -6.126       9.989
      -2.242      -11.56
       9.512       7.048
      -11.83       1.235
       7.931      -8.949
      0.1973       12.02
      -8.302      -8.769
        12.1      0.8622
      -9.553       7.576
       1.935       -12.1
       6.775       10.27
      -11.99      -3.014
       10.93      -5.905
      -4.088       11.79
      -4.972      -11.51
       11.49        5.15
         -12       3.982
       6.189      -11.09
       2.943       12.42
       -10.6      -7.198
       12.73      -1.862
      -8.167       10.02
     -0.7483      -12.96
       9.344       9.087
      -13.08     -0.3906
       9.951      -8.584
      -1.545        13.1
      -7.743      -10.75
       13.02       2.708
      -11.48       6.828
       3.867      -12.84
       5.844       12.13
      -12.55      -5.013
       12.69      -4.799
      -6.138       12.16
      -3.699      -13.16
       11.66       7.232
      -13.53       2.554
       8.286      -11.07
       1.371       13.81
      -10.38      -9.289
       13.98     -0.1595
      -10.23       9.593
       1.071      -14.04
       8.723       11.11
      -13.99      -2.311
       11.92      -7.772
       -3.55       13.83
      -6.748      -12.64
       13.56       4.778
      -13.27       5.655
       5.986      -13.18
       4.504       13.81
      -12.69      -7.163
       14.24      -3.301
        -8.3        12.1
      -2.057      -14.57
        11.4       9.387
      -14.79        0.78
       10.41       -10.6
     -0.5205        14.9
      -9.711      -11.37
       14.89       1.833
      -12.26       8.735
       3.147      -14.77
       7.677       13.05
      -14.52      -4.453
       13.76      -6.547
      -5.741       14.16
      -5.351      -14.37
       13.69       6.999
      -14.87       4.099
       8.218       -13.1
         2.8       15.26
      -12.41      -9.387
       15.54      -1.463
       -10.5       11.61
    -0.09963      -15.69
       10.71       11.54
      -15.73       -1.28
        12.5      -9.711
      -2.666       15.65
      -8.629      -13.38
       15.44       4.046
      -14.16       7.468
       5.411      -15.11
       6.236       14.84
      -14.66      -6.748
       15.41      -4.941
      -8.047       14.09
      -3.594      -15.87
        13.4       9.299
      -16.21       2.204
       10.49      -12.61
      0.7827       16.43
       -11.7      -11.61
       16.52      0.6597
      -12.66        10.7
       2.112      -16.48
       9.599       13.61
      -16.32      -3.563
       14.47      -8.415
      -5.001       16.02
      -7.153      -15.23
        15.6       6.414
      -15.88       5.823
       7.792      -15.06
       4.434       16.41
      -14.39      -9.124
       16.81      -2.997
       -10.4        13.6
      -1.523      -17.09
        12.7        11.6
      -17.24     0.02314
       12.73      -11.69
      -1.491       17.26
      -10.58      -13.77
       17.14       3.009
      -14.71       9.384
       4.518      -16.89
       8.098       15.54
      -16.51      -6.005
       16.27      -6.739
       -7.46       15.99
      -5.315      -16.87
       15.35       8.869
      -17.35       3.837
       10.22      -14.58
       2.316        17.7
      -13.69      -11.51
       17.91     -0.7636
      -12.72       12.69
      0.8087      -17.99
       11.58       13.84
      -17.93      -2.389
       14.86      -10.37
      -3.965       17.72
      -9.068      -15.78
       17.38       5.523
      -16.58       7.687
       7.051      -16.91
       6.234       17.26
      -16.29      -8.538
       17.82       -4.72
      -9.971       15.55
      -3.157      -18.24
       14.68       11.34
      -18.52       1.557
       12.63      -13.69
    -0.06837       18.66
      -12.58      -13.83
       18.66       1.708
      -14.94       11.37
       3.346      -18.51
       10.06       15.94
      -18.22      -4.971
       16.83       -8.66
      -6.571       17.79
      -7.184      -17.59
       17.21       8.133
