       1.167     -0.2326
     -0.9946       1.357
     -0.2246      -2.049
       1.789       1.569
       -2.66     0.05757
       2.106      -2.015
     -0.2073       3.141
      -2.105      -2.626
       3.528      0.5455
       -3.13       2.088
      0.9418      -3.832
       1.978       3.616
      -4.061      -1.384
       4.077      -1.787
      -1.863       4.215
      -1.522      -4.509
       4.297       2.368
      -4.906        1.19
        2.89      -4.306
      0.7977       5.261
      -4.244      -3.423
        5.57     -0.3508
      -3.957       4.111
      0.1436      -5.827
       3.909       4.484
      -6.029     -0.6791
       4.998       -3.64
      -1.249       6.171
      -3.305      -5.489
        6.25       1.847
      -5.953       2.907
       2.464      -6.263
       2.451        6.38
      -6.209      -3.095
       6.766       -1.94
      -3.731       6.087
      -1.379      -7.105
       5.894       4.365
       -7.39      0.7726
        4.99      -5.633
      0.1267       7.618
      -5.303      -5.598
       7.783       0.553
      -6.183       4.905
        1.26      -7.882
       4.444       6.736
      -7.911      -1.987
       7.251       -3.92
      -2.727        7.87
      -3.339      -7.722
       7.755       3.473
      -8.143       2.703
       4.218      -7.566
       2.019       8.507
      -7.302      -4.955
        8.81       -1.29
      -5.674       6.964
     -0.5241      -9.046
       6.553       6.371
      -9.212     -0.2734
       7.035      -6.071
      -1.096       9.304
      -5.521      -7.662
        9.32       1.935
      -8.243       4.906
       2.785      -9.256
        4.23       8.772
      -9.112      -3.638
       9.244      -3.498
      -4.485       8.887
      -2.715      -9.651
       8.581       5.319
      -9.989       1.887
       6.132      -8.195
        1.02       10.25
      -7.729      -6.917
       10.44     -0.1211
      -7.666       7.188
      0.8023      -10.54
       6.573        8.37
      -10.57      -1.743
       9.023      -5.888
      -2.692        10.5
      -5.138      -9.619
       10.35       3.643
      -10.15       4.327
       4.587      -10.11
       3.463       10.61
      -9.776      -5.515
          11      -2.551
       -6.42        9.36
      -1.597       -11.3
       8.858       7.293
      -11.52      0.6095
       8.125      -8.275
     -0.4041       11.65
      -7.611       -8.91
       11.69       1.436
      -9.639       6.873
       2.477      -11.64
       6.064       10.31
      -11.49       -3.52
        10.9       -5.19
      -4.555       11.25
      -4.258      -11.42
       10.91       5.574
      -11.86       3.273
       6.568      -10.48
       2.244       12.22
      -9.953      -7.527
       12.48      -1.178
      -8.444       9.341
    -0.08338      -12.65
       8.643       9.311
      -12.72      -1.032
       10.12      -7.864
      -2.158       12.69
      -7.008      -10.86
       12.56       3.287
      -11.53       6.083
       4.409      -12.32
       5.094       12.11
      -11.99      -5.514
       12.62      -4.048
      -6.595       11.55
      -2.953      -13.03
       11.02        7.64
      -13.34       1.817
       8.641      -10.39
       0.649       13.55
      -9.669       -9.59
       13.66      0.5423
      -10.48        8.86
       1.747      -13.66
       7.969        11.3
      -13.56      -2.957
       12.04      -7.002
      -4.161       13.34
      -5.966       -12.7
       13.02       5.351
      -13.26       4.868
       6.515      -12.59
       3.716       13.73
      -12.06      -7.644
        14.1      -2.518
      -8.729       11.42
      -1.284      -14.37
       10.69       9.761
      -14.52     0.02304
       10.73       -9.86
      -1.255       14.57
      -8.943      -11.63
        14.5       2.541
      -12.45       7.944
       3.823      -14.31
        6.87       13.18
      -14.01      -5.093
       13.82      -5.728
      -6.338        13.6
      -4.526      -14.35
       13.07        7.55
      -14.79       3.274
       8.718      -12.44
       1.981       15.11
       -11.7      -9.832
       15.32     -0.6567
      -10.88       10.86
      0.6889      -15.41
       9.928       11.86
      -15.38      -2.045
       12.76      -8.905
      -3.403       15.23
      -7.801      -13.57
       14.96       4.748
      -14.28       6.623
       6.073      -14.57
       5.379       14.89
      -14.06      -7.365
       15.39       -4.08
      -8.614       13.44
      -2.734      -15.77
        12.7       9.811
      -16.04       1.352
       10.94      -11.86
    -0.05534       16.18
      -10.92         -12
        16.2       1.478
      -12.98       9.881
       2.905       -16.1
       8.754       13.87
      -15.86      -4.324
       14.66      -7.548
      -5.724       15.51
       -6.27      -15.34
       15.02       7.095
      -15.91        4.93
       8.425      -14.42
       3.538       16.36
       -13.7      -9.702
       16.69      -2.104
      -10.92       12.86
     -0.6399       -16.9
       11.92       12.06
      -16.97     -0.8451
       13.12      -10.87
      -2.337       16.92
      -9.727      -14.09
       16.73       3.826
      -14.95       8.499
       5.299      -16.41
       7.193       15.72
      -15.96      -6.745
       16.36      -5.819
      -8.152       15.38
      -4.387      -16.89
       14.67       9.511
      -17.28       2.906
       10.81      -13.85
        1.39       17.55
      -12.91      -12.03
       17.69      0.1501
      -13.17       11.86
       1.704      -17.69
       10.71       14.22
      -17.55      -3.258
       15.17      -9.472
      -4.801       17.27
      -8.145      -16.01
       16.86        6.32
      -16.74       6.743
       7.803      -16.31
       5.277       17.34
      -15.64      -9.241
       17.81      -3.756
      -10.62       14.83
      -2.194      -18.15
        13.9       11.92
      -18.35      0.6016
       13.15      -12.86
      -1.009       18.41
      -11.71      -14.28
       18.32       2.625
      -15.31       10.46
       4.234       -18.1
       9.121       16.24
      -17.73      -5.824
       17.04      -7.698
      -7.382       17.22
      -6.202      -17.72
       16.58       8.895
      -18.27       4.648
       10.35       -15.8
       3.045       18.68
      -14.89      -11.74
       18.95      -1.406
      -13.05       13.86
