    -0.03159       1.189
       1.169       -1.21
      -2.057      0.1256
       1.849       1.498
     -0.3938      -2.631
      -1.629       2.417
       3.061     -0.7363
      -2.944       -1.63
       1.135       3.384
       1.527      -3.439
      -3.617       1.577
       3.899       1.337
      -2.052      -3.767
      -1.071       4.321
       3.839       -2.55
      -4.702     -0.7364
       3.061       3.834
      0.3421      -5.036
      -3.754       3.578
        5.32     -0.1049
      -4.092      -3.603
      0.5976       5.549
       3.382      -4.596
      -5.719       1.128
       5.082       3.093
       -1.69      -5.827
       -2.74       5.542
        5.87      -2.276
       -5.97      -2.327
       2.878       5.847
       1.857      -6.359
      -5.756       3.489
       6.703       1.335
      -4.102      -5.596
     -0.7663       6.997
       5.367      -4.708
      -7.236     -0.1559
         5.3        5.07
     -0.4902      -7.414
      -4.706       5.872
       7.529      -1.165
      -6.416      -4.278
       1.863       7.576
       3.787      -6.924
      -7.554       2.576
       7.391       3.239
      -3.298      -7.461
      -2.636       7.811
       7.294       -4.02
      -8.176      -1.983
       4.736       7.055
       1.285      -8.483
      -6.742       5.439
       8.726      0.5486
       -6.12      -6.357
      0.2204       8.901
       5.902      -6.772
      -9.004       1.015
       7.388       5.379
       -1.83      -9.033
      -4.792       7.962
       8.984      -2.656
      -8.486      -4.144
       3.486       8.857
       3.439      -8.955
      -8.651       4.313
       9.362       2.684
      -5.128      -8.365
      -1.882       9.703
       7.999      -5.926
      -9.971      -1.041
       6.696       7.556
      0.1679      -10.16
      -7.037       7.432
       10.28     -0.7316
      -8.127      -6.446
       1.649       10.31
       5.785      -8.772
      -10.26       2.577
       9.362        5.06
      -3.507      -10.12
      -4.275        9.89
       9.892      -4.432
      -10.35      -3.435
       5.343        9.58
       2.546      -10.74
      -9.183       6.233
       11.04       1.616
      -7.092      -8.701
     -0.6515       11.27
       8.137      -7.913
      -11.41      0.3399
       8.688       7.495
       -1.35      -11.46
      -6.779       9.409
       11.41      -2.372
      -10.07      -5.992
       3.395       11.28
       5.141      -10.66
      -11.05       4.413
       11.18       4.231
      -5.415      -10.73
      -3.268       11.62
       10.31      -6.394
      -11.98      -2.261
       7.341       9.807
       1.217      -12.25
      -9.213       8.247
       12.42      0.1426
      -9.104      -8.534
      0.9526        12.5
       7.776      -9.904
      -12.48        2.06
       10.64       6.941
      -3.171      -12.36
      -6.037        11.3
       12.14      -4.276
      -11.89      -5.068
       5.366       11.82
       4.043      -12.39
       -11.4       6.432
        12.8       2.968
      -7.465      -10.88
      -1.853       13.12
       10.27      -8.456
      -13.34     -0.7041
       9.396       9.566
     -0.4683      -13.45
      -8.776       10.28
       13.46      -1.655
      -11.09      -7.905
       2.848       13.37
       6.957      -11.83
      -13.17       4.036
       12.48        5.94
       -5.21      -12.86
      -4.862       13.05
       12.45      -6.361
      -13.52      -3.729
       7.479       11.93
       2.551       -13.9
      -11.31       8.554
       14.17       1.336
      -9.576      -10.59
     -0.0927       14.33
        9.78      -10.54
      -14.38       1.168
       11.43       8.881
      -2.437      -14.32
        -7.9       12.25
       14.14      -3.704
      -12.97      -6.844
       4.959       13.86
       5.721      -13.61
      -13.46       6.192
       14.15       4.538
      -7.392      -12.95
      -3.305       14.59
       12.33       -8.55
      -14.91       -2.03
       9.655       11.61
      0.7226      -15.13
      -10.78        10.7
       15.23     -0.6063
      -11.67      -9.867
       1.947       15.21
       8.862      -12.57
      -15.07       3.288
       13.37       7.775
       -4.62      -14.81
      -6.615       14.08
       14.43      -5.933
      -14.69       -5.39
       7.213       13.94
       4.108      -15.19
      -13.33       8.453
       15.58        2.78
       -9.64      -12.61
      -1.415       15.86
       11.79      -10.77
      -16.01    -0.02344
       11.82       10.86
      -1.384      -16.04
      -9.838       12.79
       15.94      -2.796
      -13.68      -8.729
       4.201       15.72
        7.54      -14.47
      -15.37        5.59
       15.15       6.279
      -6.949       -14.9
      -4.956       15.72
       14.31      -8.268
      -16.18      -3.581
       9.537       13.61
       2.164      -16.52
      -12.78       10.75
       16.73      0.7152
      -11.88      -11.86
      0.7537       16.81
       10.83      -12.94
      -16.76       2.232
        13.9       9.701
      -3.708      -16.58
       -8.49       14.77
       16.28      -5.169
      -15.53      -7.201
       6.604       15.84
       5.843      -16.18
      -15.27       8.001
       16.71       4.428
       -9.35      -14.58
      -2.964       17.11
       13.78      -10.64
      -17.38      -1.464
       11.86       12.85
    -0.06314      -17.53
      -11.82          13
       17.53      -1.603
      -14.04      -10.69
       3.144       17.41
       9.461      -14.99
      -17.14       4.674
       15.83       8.151
      -6.183      -16.74
      -6.765       16.56
       16.21      -7.657
      -17.16      -5.315
       9.084       15.55
       3.811      -17.64
      -14.76       10.45
       17.98       2.264
      -11.76      -13.84
     -0.6853       18.19
       12.82      -12.98
      -18.26      0.9112
       14.11       11.68
      -2.514      -18.18
      -10.45       15.14
       17.97      -4.112
      -16.06      -9.125
        5.69       17.61
       7.717      -16.87
      -17.12       7.238
       17.55       6.239
      -8.743      -16.49
        -4.7        18.1
       15.72      -10.19
      -18.52      -3.111
       11.57       14.83
       1.486      -18.79
      -13.82       12.88
       18.92     -0.1629
      -14.09      -12.69
       1.824       18.91
       11.45      -15.21
