      0.1876       1.175
      0.9268      -1.404
      -1.999      0.5015
       2.093       1.132
     -0.8707      -2.514
      -1.157       2.675
       2.873      -1.286
      -3.194      -1.061
       1.738       3.118
      0.8693      -3.661
      -3.266       2.215
       4.078       0.598
      -2.709      -3.326
     -0.2583       4.444
       3.305      -3.212
      -4.757      0.1403
       3.713       3.206
     -0.5894      -5.013
      -3.033       4.207
        5.21      -1.081
      -4.685       -2.79
       1.607       5.344
        2.48      -5.139
      -5.414        2.16
       5.564       2.106
      -2.733      -5.417
      -1.675       5.951
       5.352      -3.316
      -6.296       -1.19
       3.904       5.218
      0.6569      -6.592
      -5.016       4.488
       6.835     0.08052
       -5.06      -4.746
      0.5328       7.019
        4.41      -5.614
      -7.141       1.177
       6.142       4.009
      -1.845      -7.198
      -3.547       6.637
       7.186      -2.529
      -7.093      -3.025
       3.224       7.105
        2.45      -7.502
      -6.952       3.921
       7.861       1.825
      -4.613      -6.727
      -1.155       8.162
       6.431      -5.292
      -8.402     -0.4461
       5.952       6.064
     -0.2959      -8.575
      -5.627       6.585
       8.678      -1.065
      -7.184      -5.124
       1.853       8.709
       4.557      -7.741
      -8.664       2.653
       8.251        3.93
      -3.459      -8.543
      -3.247       8.707
       8.343      -4.262
      -9.103      -2.513
       5.054       8.066
       1.735      -9.435
      -7.711       5.829
       9.696      0.9172
      -6.578      -7.279
    -0.06696       9.883
       6.774      -7.295
      -9.993      0.8094
        7.97       6.197
      -1.703      -10.02
      -5.552       8.599
       9.969      -2.608
      -9.173      -4.843
       3.516       9.831
       4.075      -9.686
      -9.608       4.418
       10.13       3.253
      -5.307      -9.301
      -2.384       10.51
       8.909      -6.175
       -10.8      -1.474
       7.013       8.435
      0.5292      -11.02
      -7.881       7.814
       11.15     -0.4414
       -8.57       -7.25
       1.431        11.2
       6.544      -9.274
      -11.15       2.431
       9.917       5.771
      -3.433      -11.01
      -4.934        10.5
       10.78      -4.429
         -11      -4.039
        5.41       10.46
       3.094      -11.43
      -10.05       6.368
       11.77       2.104
      -7.295      -9.549
      -1.076       12.03
       8.962       -8.18
      -12.19    -0.02083
       9.018       8.291
      -1.055      -12.26
       -7.54         9.8
       12.24      -2.143
      -10.52      -6.716
       3.234       12.11
       5.823      -11.16
      -11.89       4.318
       11.73       4.867
      -5.388      -11.57
      -3.856       12.22
       11.15      -6.434
      -12.62      -2.796
       7.447       10.63
       1.696      -12.92
      -10.02       8.417
       13.13      0.5646
      -9.338      -9.324
      0.5902       13.24
        8.54       -10.2
      -13.24       1.759
       10.99       7.676
      -2.933      -13.14
      -6.738       11.71
       12.93      -4.102
      -12.35      -5.732
       5.257       12.62
       4.665       -12.9
       -12.2       6.388
       13.36       3.545
      -7.485      -11.68
      -2.381       13.72
       11.06       -8.54
      -13.98       -1.18
       9.544       10.35
    -0.04659      -14.13
      -9.543       10.49
       14.17      -1.291
      -11.36       -8.65
       2.542        14.1
       7.676      -12.16
      -13.92       3.791
       12.87       6.629
      -5.027      -13.63
      -5.515       13.49
       13.22      -6.241
      -14.01      -4.343
       7.421       12.71
       3.122      -14.43
      -12.09       8.559
       14.74        1.86
      -9.646      -11.37
     -0.5677       14.95
       10.55      -10.67
      -15.03      0.7457
       11.62       9.634
       -2.07         -15
      -8.634        12.5
       14.85      -3.394
      -13.29      -7.553
       4.708       14.59
       6.401      -13.98
      -14.21       6.002
       14.57       5.185
      -7.263      -13.71
      -3.914       15.06
        13.1      -8.484
      -15.43      -2.598
       9.652       12.38
       1.246      -15.69
      -11.55       10.76
       15.83     -0.1314
      -11.79      -10.63
       1.523       15.85
       9.607      -12.75
      -15.74       2.919
       13.62       8.502
      -4.307      -15.51
      -7.319       14.38
       15.15      -5.678
      -15.05      -6.066
       7.018       14.68
       4.752      -15.61
      -14.08        8.32
       16.05       3.387
      -9.569      -13.37
      -1.982       16.37
       12.55      -10.76
      -16.56     -0.5462
       11.87       11.62
     -0.9086      -16.63
      -10.59       12.91
       16.57      -2.371
      -13.86       -9.47
        3.83       16.38
       8.263      -14.71
      -16.07       5.274
       15.45        6.98
      -6.693      -15.62
       -5.63       16.08
       15.05      -8.072
      -16.59      -4.224
       9.402       14.35
        2.77      -16.98
      -13.54       10.67
       17.24       1.282
      -11.87      -12.62
      0.2311       17.36
       11.59      -12.99
      -17.36       1.756
       14.02       10.45
      -3.283      -17.22
       -9.23       14.95
       16.94      -4.798
      -15.77      -7.924
       6.289       16.53
       6.545      -16.48
      -15.99       7.745
       17.06       5.102
      -9.154      -15.32
      -3.607       17.52
       14.53      -10.51
      -17.85       -2.07
       11.79       13.61
      0.5044      -18.04
      -12.58       12.99
       18.09      -1.079
       -14.1      -11.45
        2.67          18
       10.22      -15.11
      -17.78        4.25
       16.01       8.893
      -5.814      -17.41
       -7.49        16.8
       16.91      -7.343
      -17.46      -6.018
       8.831       16.27
       4.486         -18
       -15.5       10.26
        18.4       2.908
      -11.62       -14.6
      -1.293       18.65
       13.58      -12.91
      -18.77      0.3461
        14.1       12.45
      -1.992      -18.74
      -11.21        15.2
       18.57      -3.639
      -16.18      -9.882
       5.268       18.26
       8.462      -17.05
