      -1.167      0.2302
       1.437      0.8751
      -0.574      -1.979
      -1.055       2.133
       2.481     -0.9617
      -2.715      -1.059
        1.39       2.824
      0.9438       -3.23
      -3.053        1.85
        3.69      0.7354
      -2.333      -3.183
      -0.449       4.097
       3.225      -2.829
      -4.451     -0.0962
        3.33       3.185
     -0.3135      -4.749
      -3.068       3.828
       4.989     -0.7717
      -4.315      -2.878
        1.27       5.167
       2.617      -4.783
      -5.282       1.801
       5.226       2.291
      -2.356      -5.332
      -1.903       5.637
       5.314      -2.928
      -6.008      -1.457
       3.509       5.227
      0.9601      -6.335
      -5.073       4.091
       6.612      0.4163
      -4.668      -4.849
      0.1686       6.833
       4.559       -5.23
      -6.995      0.7881
       5.771       4.203
      -1.436      -7.094
      -3.783       6.284
       7.126      -2.106
      -6.762      -3.302
       2.789        7.09
       2.765      -7.198
      -6.983       3.481
       7.587       2.175
      -4.172      -6.805
      -1.537       7.922
       6.555      -4.855
      -8.199     -0.8569
       5.523       6.234
      0.1397      -8.412
      -5.843       6.169
       8.558     -0.6081
      -6.786      -5.384
        1.38       8.634
       4.859      -7.366
      -8.636       2.169
       7.902       4.272
      -2.967      -8.562
      -3.626       8.389
       8.411      -3.768
       -8.82      -2.927
       4.563       8.182
        2.18      -9.189
      -7.876       5.345
       9.491        1.39
      -6.106      -7.493
     -0.5633       9.723
       7.035      -6.839
      -9.879      0.2932
       7.537       6.503
      -1.172      -9.957
      -5.902       8.191
       9.954      -2.067
      -8.796      -5.234
        2.97       9.867
       4.505      -9.343
      -9.696       3.872
       9.828       3.719
      -4.765      -9.441
      -2.882       10.24
       9.101      -5.642
      -10.59          -2
       6.495       8.678
       1.079      -10.85
      -8.174       7.316
       11.03       0.128
      -8.096       -7.59
      0.8468       11.13
       6.932      -8.829
      -11.14       1.837
       9.506       6.202
      -2.835      -11.05
      -5.406       10.12
       10.88      -3.832
      -10.67      -4.548
       4.819       10.62
       3.636      -11.14
      -10.26       5.788
       11.53       2.675
       -6.73      -9.812
      -1.673       11.84
       9.277      -7.638
      -12.06     -0.6381
       8.502       8.657
     -0.4227      -12.18
      -7.956       9.315
       12.22        -1.5
      -10.07      -7.178
       2.587       12.15
       6.328      -10.76
      -11.99       3.673
       11.37       5.412
      -4.749      -11.72
      -4.436        11.9
       11.36      -5.806
      -12.35      -3.408
       6.837        10.9
       2.335      -12.71
      -10.35        7.83
       12.98       1.225
      -8.778      -9.708
    -0.08663       13.14
       8.977      -9.672
      -13.21       1.072
        10.5       8.163
       -2.24      -13.17
      -7.271       11.27
       13.02       -3.41
      -11.95      -6.307
        4.57       12.77
       5.278      -12.55
      -12.42       5.713
       13.07       4.192
      -6.829      -11.96
      -3.056       13.48
        11.4      -7.907
       -13.8       -1.88
       8.938       10.75
      0.6711      -14.01
      -9.995       9.915
       14.12     -0.5613
      -10.83      -9.154
       1.806       14.11
        8.23      -11.67
         -14       3.054
       12.43       7.228
      -4.296      -13.77
      -6.156        13.1
       13.43      -5.521
      -13.68      -5.021
       6.719       12.99
       3.831      -14.16
      -12.43        7.88
       14.54       2.595
      -8.995      -11.77
      -1.322        14.8
       11.01      -10.05
      -14.96    -0.02281
       11.05       10.15
      -1.293      -14.99
      -9.204       11.97
       14.92      -2.615
       -12.8      -8.173
       3.933       14.72
       7.065      -13.55
      -14.41       5.238
        14.2       5.888
      -6.516      -13.98
      -4.652       14.75
       13.43      -7.759
      -15.19      -3.364
       8.956       12.78
       2.034      -15.52
      -12.02        10.1
       15.73      0.6733
      -11.17      -11.15
      0.7081       15.81
       10.19      -12.17
      -15.78         2.1
       13.09       9.136
      -3.491      -15.62
      -8.001       13.92
       15.34      -4.871
      -14.64      -6.791
       6.227       14.94
       5.514      -15.26
      -14.41       7.549
       15.77        4.18
      -8.827      -13.77
        -2.8       16.16
       13.01      -10.05
      -16.43      -1.384
       11.21       12.15
    -0.05768      -16.57
      -11.18       12.29
       16.59      -1.514
      -13.29      -10.11
       2.975       16.48
       8.959      -14.19
      -16.23       4.426
          15       7.723
      -5.857      -15.86
      -6.414       15.69
       15.37      -7.257
      -16.27      -5.041
       8.615       14.74
       3.616      -16.73
         -14       9.919
       17.07        2.15
      -11.16      -13.14
     -0.6529       17.27
       12.18      -12.32
      -17.34      0.8646
        13.4        11.1
      -2.388      -17.28
      -9.935       14.39
       17.09      -3.909
      -15.27      -8.679
       5.412       16.76
       7.344      -16.05
      -16.29       6.887
        16.7        5.94
      -8.323       -15.7
      -4.477       17.24
       14.98      -9.707
      -17.64      -2.966
       11.03       14.13
       1.419      -17.91
      -13.17       12.27
       18.04     -0.1531
      -13.44       -12.1
       1.738       18.04
       10.93      -14.51
      -17.89       3.323
       15.47       9.658
      -4.896      -17.61
      -8.303       16.33
       17.19      -6.444
      -17.06      -6.873
       7.955       16.63
       5.377      -17.67
      -15.93       9.417
       18.15       3.828
      -10.82      -15.11
      -2.235       18.49
       14.17      -12.15
      -18.69     -0.6129
       13.39        13.1
      -1.029      -18.75
      -11.93       14.55
       18.66      -2.674
       -15.6      -10.65
       4.313       18.43
       9.286      -16.53
      -18.05        5.93
       17.35       7.836
