      0.3916      -1.124
      -1.482      0.7975
       1.998      0.5055
      -1.307      -1.989
     -0.4247       2.626
       2.286      -1.807
       -3.14     -0.2288
        2.31       2.448
    -0.05284      -3.569
        -2.5       2.812
       3.926     -0.4032
      -3.308      -2.459
      0.8097       4.213
       2.334      -3.791
      -4.432       1.262
       4.256       2.131
      -1.751      -4.583
      -1.857       4.694
       4.664      -2.268
        -5.1      -1.517
       2.804       4.676
       1.117      -5.468
      -4.619       3.351
       5.791      0.6632
      -3.901      -4.491
     -0.1605       6.065
       4.295      -4.447
      -6.284      0.3843
        4.98       4.032
     -0.9649      -6.445
      -3.702       5.494
       6.544      -1.575
       -5.98       -3.31
       2.207       6.577
       2.857      -6.433
      -6.544       2.854
       6.846       2.348
      -3.509      -6.441
      -1.787       7.212
       6.268      -4.164
      -7.527      -1.178
       4.812       6.025
       0.528      -7.784
      -5.713       5.445
        7.98     -0.1581
      -6.057      -5.332
      0.8742        8.11
       4.885       -6.64
      -8.171       1.613
       7.187       4.374
      -2.368       -8.16
      -3.803       7.691
       8.076      -3.132
      -8.147      -3.175
       3.898       7.916
       2.496      -8.547
      -7.681       4.657
       8.887        1.77
      -5.404      -7.371
      -1.003       9.162
       6.985      -6.129
      -9.367     -0.2007
       6.825       6.527
     -0.6288      -9.498
      -5.998       7.486
       9.552      -1.479
      -8.104      -5.402
       2.344       9.528
       4.742      -8.671
      -9.422       3.214
       9.183       4.023
      -4.082      -9.234
       -3.25       9.633
       8.964      -4.941
      -10.01      -2.427
       5.783       8.611
       1.563      -10.32
      -8.178       6.599
       10.55      0.6626
      -7.381      -7.666
       0.266       10.71
       7.078      -8.123
      -10.77       1.216
       8.816       6.418
      -2.178      -10.75
      -5.689       9.454
       10.64      -3.146
      -10.03      -4.897
       4.111       10.44
       4.046      -10.54
      -10.16       5.065
       10.97       3.144
      -5.998      -9.781
      -2.196       11.32
       9.318      -6.904
      -11.59       -1.21
       7.773        8.77
      0.1934      -11.78
      -8.139       8.597
       11.87     -0.8455
      -9.369       -7.43
       1.899       11.87
       6.648      -10.08
      -11.77       2.957
       10.73       5.796
      -4.013      -11.57
      -4.882        11.3
       11.28      -5.057
      -11.79      -3.911
        6.08        10.9
       2.892       -12.2
      -10.42       7.073
       12.51        1.83
      -8.027      -9.847
     -0.7356       12.74
       9.187      -8.934
      -12.86      0.3841
       9.787       8.442
       -1.52      -12.89
      -7.618       10.58
       12.81      -2.663
      -11.29       -6.72
       3.805       12.64
       5.752      -11.94
      -12.35       4.935
       12.49       4.724
      -6.044      -11.97
      -3.643       12.96
       11.48      -7.123
      -13.33      -2.515
       8.162        10.9
        1.35       -13.6
      -10.22       9.153
       13.77      0.1572
      -10.09      -9.454
       1.055       13.84
       8.599      -10.95
      -13.79       2.277
       11.75       7.664
        -3.5      -13.64
      -6.654       12.46
       13.37      -4.712
      -13.09      -5.578
       5.904          13
       4.443      -13.62
      -12.52       7.067
       14.05       3.257
       -8.19      -11.94
       -2.03       14.38
       11.25      -9.264
       -14.6     -0.7699
       10.28       10.46
     -0.5129      -14.71
      -9.588       11.23
        14.7      -1.809
       -12.1      -8.625
       3.108       14.58
       7.582      -12.89
      -14.34       4.398
       13.59       6.466
      -5.671      -13.99
      -5.286       14.19
       13.53      -6.915
      -14.69       -4.05
        8.12       12.95
       2.767      -15.08
      -12.26       9.277
       15.35       1.447
      -10.37      -11.47
    -0.09942       15.51
       10.58      -11.41
      -15.55       1.266
       12.36       9.601
      -2.636      -15.47
      -8.532       13.23
       15.27      -4.001
         -14      -7.385
       5.351       14.95
       6.167      -14.68
       -14.5       6.674
       15.24       4.888
       -7.96      -13.94
      -3.556        15.7
       13.26      -9.198
      -16.04      -2.182
       10.38       12.47
      0.7754      -16.25
      -11.58       11.49
       16.34     -0.6529
      -12.53      -10.59
        2.09       16.31
       9.501      -13.47
      -16.15       3.527
       14.33        8.33
       -4.95      -15.86
      -7.081       15.08
       15.45       -6.35
      -15.72      -5.765
       7.715       14.91
       4.391      -16.24
      -14.25       9.034
       16.65       2.969
       -10.3      -13.47
      -1.508       16.93
       12.58      -11.49
      -17.08    -0.02292
       12.61       11.58
      -1.477       -17.1
      -10.48       13.64
       16.98      -2.981
      -14.57      -9.296
       4.475       16.74
       8.024       -15.4
      -16.36       5.949
       16.12       6.678
      -7.391      -15.85
      -5.267       16.72
       15.21      -8.789
      -17.19      -3.803
       10.13       14.45
       2.296      -17.54
      -13.57       11.41
       17.75      0.7568
      -12.61      -12.58
      0.8016       17.83
       11.48      -13.72
      -17.77       2.368
       14.73       10.28
      -3.929      -17.57
      -8.991       15.64
       17.24      -5.474
      -16.44      -7.622
       6.991       16.76
       6.181      -17.12
      -16.16       8.466
       17.67        4.68
      -9.888      -15.42
      -3.131       18.09
       14.56      -11.25
      -18.37      -1.544
       12.53       13.57
    -0.06781      -18.51
      -12.48       13.72
       18.51      -1.693
      -14.82      -11.28
       3.318       18.36
       9.979      -15.81
      -18.08       4.932
       16.69       8.591
      -6.519      -17.65
      -7.128       17.45
       17.08      -8.069
      -18.08      -5.597
       9.569       16.37
        4.01      -18.57
      -15.53       11.01
