       1.147     -0.3146
      -1.497     -0.7681
      0.7166       1.932
      0.8969      -2.204
      -2.404        1.14
       2.785      0.8583
      -1.592      -2.716
     -0.7061        3.29
        2.91      -2.068
      -3.734     -0.4648
       2.558       3.005
      0.1495      -4.119
      -3.011       3.056
       4.446      -0.228
      -3.553      -2.935
      0.6585       4.714
       2.781      -4.041
      -4.919       1.133
       4.513       2.556
      -1.643      -5.061
      -2.262       4.961
       5.137      -2.181
      -5.379      -1.904
       2.738       5.146
       1.487       -5.76
      -5.086       3.307
       6.098       1.016
       -3.88      -4.958
     -0.4964       6.388
       4.761       -4.45
      -6.624     0.06622
       5.008       4.497
     -0.6656      -6.803
      -4.166       5.548
       6.919      -1.295
      -6.062      -3.771
       1.949        6.97
       3.315      -6.543
      -6.954       2.619
       6.984       2.801
      -3.298      -6.868
      -2.234        7.38
       6.711       -3.98
      -7.725      -1.617
       4.656       6.483
      0.9566      -8.013
      -6.184       5.319
       8.239      0.2577
      -5.962      -5.815
      0.4733         8.4
       5.378      -6.578
      -8.491        1.23
        7.16       4.875
      -2.005       -8.51
       -4.31         7.7
       8.455      -2.792
      -8.192      -3.685
       3.582       8.323
       3.006      -8.631
      -8.114        4.37
       9.009       2.278
      -5.146      -7.829
      -1.505       9.323
       7.466      -5.904
      -9.567     -0.6952
       6.636       7.029
     -0.1462      -9.738
      -6.518       7.333
       9.832      -1.012
       -7.99      -5.938
       1.894       9.845
        5.29      -8.599
      -9.777       2.786
       9.153       4.581
       -3.68      -9.625
      -3.813       9.646
       9.389      -4.567
      -10.07      -2.993
        5.44       9.069
       2.128      -10.43
      -8.666        6.29
        10.7       1.223
       -7.11      -8.182
     -0.2862        10.9
        7.62      -7.891
      -11.01      0.6758
       8.627       6.981
      -1.655      -11.04
      -6.271        9.31
       10.97      -2.643
      -9.932      -5.494
       3.633       10.82
       4.655      -10.49
      -10.57       4.614
       10.97       3.759
      -5.579      -10.24
      -2.815       11.38
        9.81       -6.52
       -11.7      -1.828
       7.427       9.296
      0.8067      -11.93
      -8.696       8.293
       12.07     -0.2418
      -9.109      -8.016
       1.309       12.12
       7.257      -9.869
      -12.07       2.386
       10.56       6.426
      -3.465      -11.93
      -5.528       11.19
       11.69      -4.536
      -11.73       -4.57
        5.59       11.35
       3.558       -12.2
      -10.91       6.618
       12.57         2.5
      -7.612      -10.38
      -1.403       12.85
       9.755      -8.562
      -13.03     -0.2769
       9.461       9.044
     -0.8706      -13.11
      -8.249        10.3
       13.09      -2.031
      -11.07      -7.376
       3.193       12.97
       6.431      -11.77
      -12.74       4.349
       12.38        5.42
      -5.488      -12.41
       -4.35        12.9
       11.97      -6.602
      -13.34      -3.229
       7.681       11.43
       2.067      -13.67
       -10.8       8.715
        13.9        0.87
      -9.696      -10.07
      0.3511       14.02
       9.246      -10.62
      -14.04       1.588
       11.46       8.342
      -2.829      -13.94
      -7.359       12.24
       13.74      -4.065
      -12.92      -6.304
       5.287       13.42
       5.186      -13.51
         -13       6.484
       14.01       4.011
      -7.646      -12.46
      -2.789        14.4
       11.82      -8.764
      -14.69       -1.53
       9.828       11.08
      0.2404      -14.86
      -10.25       10.83
       14.92      -1.066
      -11.76       -9.32
       2.381       14.86
       8.308      -12.61
      -14.69       3.694
       13.37       7.219
      -4.995       -14.4
      -6.059       14.03
       13.99      -6.272
      -14.59      -4.838
       7.516       13.47
       3.565      -15.05
      -12.83       8.716
        15.4       2.249
      -9.863      -12.09
     -0.8985       15.62
       11.25      -10.95
      -15.73      0.4736
       11.95       10.31
      -1.858      -15.72
      -9.275       12.88
       15.58      -3.243
      -13.72      -8.159
       4.619       15.33
       6.966      -14.46
      -14.95       5.974
        15.1       5.706
      -7.297      -14.44
      -4.388       15.62
       13.83      -8.578
      -16.03      -3.021
       9.807       13.09
       1.616      -16.32
      -12.25       10.97
       16.49      0.1842
      -12.06       -11.3
       1.264       16.52
       10.26      -13.07
      -16.43       2.718
       13.99        9.12
      -4.166      -16.22
      -7.902       14.81
       15.87      -5.595
      -15.52       -6.61
       6.996        15.4
       5.254      -16.12
       -14.8       8.357
        16.6       3.842
      -9.666      -14.08
      -2.388       16.95
       13.24      -10.91
      -17.18     -0.9016
       12.09        12.3
     -0.6065      -17.27
      -11.25       13.18
       17.23      -2.124
      -14.18       -10.1
        3.64       17.06
       8.861      -15.08
      -16.76       5.142
       15.87       7.544
      -6.618      -16.32
      -6.156       16.54
       15.75      -8.056
      -17.09      -4.708
       9.444       15.05
        3.21      -17.52
      -14.23       10.77
       17.81       1.674
      -12.03      -13.29
     -0.1108       17.97
       12.24       -13.2
      -17.98       1.467
       14.28       11.09
      -3.047      -17.86
      -9.841       15.26
       17.61      -4.618
      -16.14      -8.505
       6.165       17.21
       7.092      -16.89
      -16.67       7.678
       17.52       5.612
      -9.145         -16
      -4.076       18.02
       15.21      -10.55
      -18.38      -2.496
       11.89       14.28
       0.883       -18.6
      -13.24       13.15
       18.68     -0.7498
      -14.31      -12.09
       2.391       18.62
       10.84      -15.38
      -18.42       4.026
       16.33        9.49
      -5.643      -18.06
      -8.057       17.17
       17.57      -7.229
      -17.87      -6.551
