     -0.1669       1.178
       1.299      -1.069
      -2.058     -0.1096
       1.667       1.699
    -0.09126      -2.659
      -1.894       2.215
       3.125     -0.3826
       -2.74      -1.955
      0.7422       3.491
       1.909      -3.242
      -3.773       1.155
       3.721       1.773
      -1.609      -3.977
      -1.556       4.171
       4.104      -2.095
      -4.587      -1.267
       2.604       4.158
      0.9138      -4.965
      -4.138       3.127
       5.297      0.5021
      -3.655      -4.046
    -0.03883       5.581
       3.884      -4.181
       -5.81      0.4692
       4.696       3.652
      -1.016      -5.981
      -3.354       5.194
       6.091      -1.592
      -5.666      -2.992
       2.193       6.137
        2.57      -6.106
      -6.116       2.811
       6.507       2.091
      -3.437      -6.027
      -1.559       6.864
       5.868      -4.065
      -7.171     -0.9796
       4.688       5.641
      0.3582      -7.422
      -5.344       5.298
       7.613     -0.2994
      -5.886      -4.981
      0.9875       7.739
       4.552      -6.448
      -7.799       1.699
       6.974        4.06
      -2.426      -7.788
      -3.508       7.459
       7.705      -3.163
      -7.897      -2.902
       3.902       7.548
       2.244      -8.281
      -7.318       4.635
       8.607        1.54
      -5.356      -7.013
     -0.7957       8.868
       6.635      -6.055
      -9.061    -0.01769
       6.727       6.186
     -0.7884      -9.183
      -5.668       7.364
       9.229      -1.614
      -7.959      -5.084
       2.454       9.197
       4.437      -8.505
      -9.086       3.299
       8.995       3.733
      -4.142      -8.895
      -2.976       9.425
       8.622      -4.976
      -9.788      -2.171
       5.791        8.27
       1.325      -10.08
      -7.838       6.582
       10.29      0.4446
      -7.339       -7.33
      0.4632       10.43
       6.747      -8.056
      -10.48       1.391
       8.725       6.094
      -2.331      -10.45
      -5.374       9.339
       10.33      -3.276
      -9.891      -4.592
       4.216       10.13
       3.753      -10.38
      -9.833       5.146
       10.79       2.865
      -6.054      -9.452
      -1.932       11.12
       8.986      -6.934
      -11.37     -0.9623
       7.777       8.437
    -0.03593      -11.54
      -7.807       8.576
       11.61      -1.055
      -9.322      -7.101
       2.088       11.59
       6.323      -10.01
      -11.48       3.125
       10.63       5.478
      -4.158      -11.27
      -4.573       11.18
       10.97      -5.178
      -11.64      -3.613
       6.176       10.58
       2.605      -12.03
      -10.09       7.144
       12.32       1.557
      -8.072      -9.516
     -0.4781       12.53
       8.854      -8.954
      -12.63      0.6244
        9.78       8.108
      -1.742      -12.64
      -7.285       10.54
       12.55      -2.865
      -11.23       -6.39
       3.985       12.35
       5.429      -11.85
      -12.06       5.092
       12.38       4.409
      -6.177      -11.66
      -3.336       12.82
       11.17      -7.231
      -13.17      -2.219
       8.244       10.57
       1.068      -13.42
       -9.89       9.209
       13.57     -0.1102
      -10.12      -9.117
       1.306       13.61
        8.26      -10.96
      -13.54        2.51
       11.72       7.325
      -3.712      -13.37
      -6.318       12.41
       13.09      -4.902
      -13.01      -5.247
       6.071        12.7
       4.118      -13.51
      -12.21       7.209
       13.92       2.941
      -8.307      -11.61
      -1.725       14.22
       10.92      -9.355
      -14.42     -0.4781
       10.34       10.13
     -0.7905       -14.5
      -9.245       11.26
       14.47      -2.069
      -12.11      -8.279
       3.348       14.33
       7.236      -12.87
      -14.07       4.618
       13.54       6.122
      -5.869       -13.7
      -4.946       14.11
       13.22      -7.089
      -14.58      -3.716
        8.27       12.63
       2.442      -14.95
      -11.93         9.4
        15.2       1.133
      -10.47      -11.13
      0.2021       15.33
       10.24      -11.47
      -15.34       1.551
        12.4       9.249
      -2.903      -15.24
      -8.178       13.24
       15.01      -4.249
      -13.98      -7.029
       5.578       14.67
       5.813      -14.63
      -14.21       6.878
       15.17       4.538
       -8.14      -13.63
      -3.213       15.59
       12.94      -9.352
       -15.9      -1.847
       10.51       12.14
      0.4519      -16.09
      -11.23       11.59
       16.15     -0.9617
      -12.59      -10.23
       2.383        16.1
        9.14      -13.51
      -15.91       3.801
       14.34       7.964
      -5.205       -15.6
      -6.717       15.06
       15.16      -6.583
      -15.67      -5.401
       7.924        14.6
       4.033      -16.16
      -13.93       9.217
       16.54       2.616
      -10.45      -13.13
      -1.166       16.79
       12.23      -11.62
      -16.91      0.3076
       12.71       11.22
      -1.793       -16.9
      -10.12       13.71
       16.76       -3.28
      -14.61      -8.925
       4.756       16.49
       7.648      -15.41
      -16.09       6.208
       16.09       6.304
      -7.627      -15.55
      -4.894       16.66
        14.9          -9
       -17.1      -3.436
       10.32       14.12
       1.935      -17.42
      -13.22       11.56
        17.6      0.4062
      -12.74      -12.22
       1.139       17.65
       11.11      -13.82
      -17.56        2.69
        14.8       9.901
      -4.234      -17.34
      -8.609       15.68
       16.98      -5.759
      -16.44      -7.235
       7.253       16.48
       5.797      -17.09
      -15.85       8.704
       17.61       4.298
       -10.1      -15.09
      -2.754       17.99
       14.21      -11.43
      -18.24      -1.175
       12.68       13.22
     -0.4258      -18.35
      -12.11       13.85
       18.32      -2.037
      -14.91       -10.9
       3.646       18.15
       9.588      -15.88
      -17.83        5.24
       16.72       8.199
      -6.807      -17.38
      -6.731       17.45
       16.78      -8.333
      -18.04      -5.201
        9.81       16.05
       3.618       -18.5
       -15.2       11.22
       18.82       1.995
      -12.56      -14.21
     -0.3433          19
       13.11       -13.8
