      -1.018     -0.6167
        1.65     -0.3289
      -1.218       1.662
     -0.2594      -2.365
           2       1.754
      -2.914     0.06306
       2.275      -2.176
     -0.2216       3.358
      -2.233      -2.785
       3.718       0.575
      -3.283        2.19
      0.9838      -4.003
       2.059       3.764
      -4.214      -1.436
       4.221       -1.85
      -1.924       4.353
      -1.569      -4.648
       4.421       2.436
       -5.04       1.223
       2.966      -4.418
      0.8172       5.391
      -4.344      -3.504
       5.695     -0.3587
      -4.042         4.2
      0.1465      -5.947
       3.987       4.573
      -6.144     -0.6922
       5.089      -3.706
      -1.271        6.28
      -3.361      -5.583
       6.353       1.877
      -6.048       2.954
       2.502      -6.361
       2.488       6.476
        -6.3       -3.14
       6.862      -1.968
      -3.782       6.171
      -1.398        -7.2
       5.971       4.422
      -7.484      0.7825
       5.052      -5.703
      0.1283        7.71
      -5.365      -5.665
       7.873      0.5594
      -6.253       4.961
       1.273      -7.969
       4.492       6.809
      -7.995      -2.008
       7.327      -3.961
      -2.755        7.95
      -3.372      -7.799
        7.83       3.507
      -8.221       2.729
       4.258      -7.636
       2.037       8.586
      -7.368      -4.999
       8.888      -1.302
      -5.724       7.025
     -0.5286      -9.124
       6.608       6.424
      -9.289     -0.2757
       7.093      -6.121
      -1.104       9.379
      -5.565      -7.722
       9.392        1.95
      -8.306       4.944
       2.806      -9.326
       4.262       8.838
      -9.179      -3.664
       9.311      -3.523
      -4.517       8.951
      -2.734      -9.719
       8.641       5.356
      -10.06         1.9
       6.174       -8.25
       1.027       10.32
       -7.78      -6.963
       10.51     -0.1219
      -7.715       7.234
      0.8074      -10.61
       6.614       8.422
      -10.63      -1.754
       9.078      -5.924
      -2.709       10.56
      -5.169      -9.676
       10.41       3.665
      -10.21       4.353
       4.613      -10.16
       3.483       10.67
      -9.831      -5.546
       11.06      -2.565
      -6.455       9.411
      -1.606      -11.36
       8.906       7.332
      -11.58      0.6128
       8.168      -8.318
     -0.4062       11.71
      -7.651      -8.956
       11.75       1.443
      -9.688       6.908
        2.49       -11.7
       6.094       10.36
      -11.55      -3.537
       10.96      -5.215
      -4.577        11.3
      -4.278      -11.48
       10.96         5.6
      -11.92       3.289
       6.598      -10.52
       2.255       12.27
      -9.998      -7.561
       12.54      -1.184
      -8.482       9.382
    -0.08374       -12.7
       8.681       9.351
      -12.77      -1.036
       10.16      -7.897
      -2.167       12.74
      -7.038      -10.91
       12.61       3.301
      -11.58       6.108
       4.427      -12.37
       5.114       12.16
      -12.04      -5.537
       12.67      -4.064
      -6.621        11.6
      -2.965      -13.08
       11.06        7.67
      -13.39       1.824
       8.675      -10.43
      0.6515        13.6
      -9.706      -9.627
       13.71      0.5443
      -10.52       8.893
       1.754      -13.71
       7.998       11.34
      -13.61      -2.968
       12.08      -7.028
      -4.176       13.39
      -5.987      -12.74
       13.07        5.37
      -13.31       4.885
       6.538      -12.64
       3.728       13.78
       -12.1      -7.671
       14.15      -2.527
      -8.759       11.46
      -1.288      -14.42
       10.72       9.794
      -14.57     0.02312
       10.77      -9.893
      -1.259       14.62
      -8.972      -11.67
       14.54       2.549
      -12.49        7.97
       3.836      -14.36
       6.892       13.22
      -14.06      -5.109
       13.86      -5.746
      -6.358       13.64
       -4.54       -14.4
       13.11       7.573
      -14.83       3.284
       8.744      -12.48
       1.987       15.15
      -11.74      -9.862
       15.36     -0.6587
      -10.92       10.89
       0.691      -15.45
       9.957        11.9
      -15.42      -2.051
        12.8      -8.931
      -3.413       15.27
      -7.823      -13.61
          15       4.762
      -14.32       6.641
        6.09      -14.61
       5.394       14.93
       -14.1      -7.385
       15.43      -4.091
      -8.639       13.48
      -2.742      -15.82
       12.74       9.838
      -16.08       1.356
       10.97       -11.9
    -0.05549       16.23
      -10.95      -12.04
       16.25       1.483
      -13.02       9.907
       2.913      -16.14
       8.777       13.91
      -15.91      -4.335
        14.7      -7.567
      -5.739       15.55
      -6.286      -15.38
       15.06       7.113
      -15.95       4.943
       8.446      -14.46
       3.547       16.41
      -13.73      -9.726
       16.74       -2.11
      -10.94       12.89
     -0.6414      -16.94
       11.94       12.09
      -17.01     -0.8472
       13.15      -10.89
      -2.343       16.96
      -9.751      -14.12
       16.77       3.835
      -14.99       8.519
       5.311      -16.45
        7.21       15.75
      -15.99      -6.762
        16.4      -5.833
      -8.171       15.41
      -4.396      -16.93
       14.71       9.533
      -17.32       2.913
       10.83      -13.88
       1.394       17.59
      -12.94      -12.06
       17.73      0.1504
       -13.2       11.89
       1.707      -17.73
       10.74       14.26
      -17.59      -3.265
       15.21      -9.493
      -4.811       17.31
      -8.163      -16.05
        16.9       6.334
      -16.77       6.758
        7.82      -16.35
       5.287       17.38
      -15.67       -9.26
       17.85      -3.764
      -10.64       14.86
      -2.199      -18.18
       13.93       11.95
      -18.38      0.6029
       13.18      -12.89
      -1.011       18.44
      -11.74      -14.31
       18.36        2.63
      -15.35       10.48
       4.243      -18.13
       9.139       16.27
      -17.77      -5.836
       17.08      -7.712
      -7.397       17.26
      -6.215      -17.76
       16.61       8.913
       -18.3       4.657
       10.37      -15.83
       3.051       18.72
      -14.92      -11.76
       18.99      -1.408
