      -1.159     -0.2669
       1.464     -0.8293
     -0.6362        1.96
     -0.9872      -2.165
       2.449       1.039
      -2.747      0.9727
       1.479      -2.779
      0.8414       3.258
      -2.993      -1.946
       3.711     -0.6186
      -2.432       3.108
     -0.3196      -4.109
       3.134       2.929
      -4.452    -0.04416
       3.429      -3.079
     -0.4632       4.737
      -2.946      -3.923
       4.962      0.9287
      -4.403        2.74
       1.432      -5.125
       2.465       4.864
      -5.223      -1.966
       5.296      -2.125
      -2.523       5.255
      -1.724      -5.694
       5.219       3.094
      -6.051       1.267
       3.672      -5.114
      0.7599       6.362
      -4.941      -4.249
       6.621     -0.2075
      -4.818         4.7
       0.384      -6.824
       4.392       5.371
      -6.966      -1.008
       5.901      -4.018
      -1.659       7.045
      -3.583        -6.4
       7.056       2.329
      -6.863       3.088
       3.012      -6.998
       2.537       7.282
       -6.87      -3.699
       7.652      -1.935
      -4.384        6.67
      -1.287      -7.967
       6.399       5.059
      -8.222      0.5979
       5.717      -6.057
     -0.1258       8.412
      -5.645      -6.351
       8.535      0.8779
      -6.952       5.167
       1.652      -8.586
       4.624       7.515
      -8.563       -2.44
       8.033      -4.021
      -3.235       8.464
       -3.36      -8.499
       8.288       4.031
      -8.908       2.648
       4.819      -8.034
       1.889       9.253
      -7.704      -5.591
       9.531       -1.09
       -6.34       7.297
     -0.2562      -9.736
       6.816       7.058
      -9.865     -0.6048
       7.738      -6.263
      -1.486       9.915
      -5.641      -8.373
       9.883        2.38
      -8.956       4.955
       3.279      -9.768
       4.208       9.481
      -9.569      -4.175
       9.941      -3.407
      -5.061       9.286
      -2.557      -10.33
       8.919       5.927
      -10.64       1.665
       6.766      -8.469
      0.7363       10.88
      -7.939       -7.57
       11.03      0.2202
      -8.331       7.332
       1.198       -11.1
        6.65       9.043
      -11.07      -2.188
       9.697      -5.899
      -3.182       10.96
      -5.084      -10.29
       10.75       4.173
      -10.81       4.209
       5.152      -10.46
       3.283       11.25
      -10.07      -6.109
       11.61       -2.31
      -7.037       9.595
      -1.299      -11.89
       9.032       7.927
      -12.07      0.2572
       8.771      -8.385
     -0.8069       12.17
      -7.659      -9.561
       12.16       1.885
      -10.29       6.857
       2.969      -12.06
       5.986       10.95
      -11.86      -4.049
       11.53      -5.051
      -5.116       11.57
      -4.059      -12.04
       11.17       6.162
      -12.45       3.017
       7.177      -10.68
       1.933       12.78
       -10.1      -8.152
       13.01      -0.815
      -9.079       9.427
      0.3281      -13.14
       8.668        9.95
      -13.17      -1.488
       10.76      -7.827
      -2.655       13.09
      -6.911      -11.49
       12.91       3.819
      -12.14       5.927
       4.971      -12.62
       4.879       12.71
      -12.23      -6.102
       13.19      -3.778
      -7.202       11.74
       -2.63      -13.57
       11.15       8.262
      -13.85       1.443
       9.272      -10.46
      0.2286       14.03
      -9.677      -10.23
       14.09       1.007
      -11.11       8.808
        2.25      -14.05
       7.858       11.92
      -13.89      -3.494
       12.65      -6.833
      -4.728       13.63
      -5.739      -13.29
       13.25       5.941
      -13.83       4.586
       7.125      -12.77
       3.382       14.27
      -12.18      -8.268
       14.61      -2.135
      -9.361       11.48
     -0.8541      -14.84
       10.69        10.4
      -14.95     -0.4491
       11.36      -9.798
      -1.765       14.95
      -8.822      -12.25
       14.83       3.084
      -13.06       7.765
       4.396      -14.59
       6.634       13.77
      -14.24      -5.689
       14.38      -5.437
      -6.953       13.77
      -4.184      -14.89
       13.18       8.178
      -15.29       2.883
       9.355      -12.49
       1.543       15.57
      -11.69      -10.47
       15.74     -0.1768
      -11.52       10.79
       1.207      -15.78
       9.799       12.49
      -15.71      -2.597
       13.37      -8.719
      -3.982        15.5
      -7.558      -14.16
       15.18       5.351
      -14.85       6.325
       6.694      -14.73
        5.03       15.43
      -14.17          -8
       15.89      -3.681
      -9.258       13.49
      -2.289      -16.24
       12.69       10.46
      -16.46      0.8651
       11.59      -11.79
     -0.5806       16.56
      -10.79      -12.64
       16.53       2.037
       -13.6        9.69
       3.492      -16.37
       8.507       14.47
      -16.09      -4.935
       15.23      -7.246
      -6.354       15.67
      -5.915      -15.89
       15.13       7.739
      -16.42       4.525
       9.076      -14.47
       3.087       16.84
      -13.68      -10.36
       17.13       -1.61
      -11.57       12.79
     -0.1076      -17.28
       11.78        12.7
      -17.31       -1.41
       13.75      -10.68
      -2.932        17.2
      -9.476       -14.7
       16.95       4.446
      -15.54       8.193
       5.938      -16.58
       6.834       16.27
      -16.07      -7.398
       16.88       -5.41
      -8.814       15.43
      -3.931      -17.37
       14.66       10.17
      -17.72       2.408
       11.47      -13.78
      0.8529       17.95
      -12.78      -12.68
       18.03      0.7224
      -13.81       11.67
       2.306      -17.98
       10.46       14.84
      -17.78      -3.886
       15.77      -9.165
      -5.449       17.45
      -7.784      -16.58
       16.98       6.983
      -17.27       6.331
       8.476      -16.37
       4.817       17.83
      -15.63      -9.915
       18.26      -3.253
      -11.29       14.76
      -1.651      -18.55
       13.78       12.59
       -18.7     0.02282
        13.8      -12.67
       -1.62       18.71
      -11.46      -14.92
       18.57       3.262
      -15.93       10.16
       4.892      -18.28
        8.76       16.82
      -17.85      -6.497
       17.59      -7.284
