      0.3426       1.139
      0.7313      -1.515
      -1.914      0.7636
       2.225      0.8429
      -1.198      -2.376
     -0.7901       2.805
       2.676      -1.658
      -3.307     -0.6254
       2.138       2.858
      0.3733      -3.744
      -2.941       2.631
       4.121     0.04881
      -3.129      -2.935
      0.3367       4.439
       2.847      -3.624
      -4.696      0.7734
       4.108       2.682
      -1.253       -4.89
      -2.445       4.574
       5.019      -1.766
      -5.015       -2.14
       2.305       5.082
       1.772      -5.424
      -5.078       2.863
       5.795       1.346
      -3.431      -5.004
     -0.8667       6.121
       4.862          -4
      -6.398     -0.3401
       4.565       4.651
      -0.228      -6.621
      -4.373       5.117
       6.784     -0.8316
      -5.648      -4.029
       1.464       6.885
       3.622      -6.152
       -6.92       2.118
       6.622       3.154
      -2.788      -6.888
       -2.63       7.051
       6.785      -3.465
      -7.433      -2.053
       4.143       6.612
       1.428      -7.762
      -6.367       4.813
       8.034      0.7604
      -5.469      -6.052
    -0.05635       8.243
       5.668      -6.103
      -8.386      0.6782
       6.708       5.216
      -1.437      -8.459
      -4.699       7.277
       8.459      -2.212
      -7.803       -4.12
       2.997       8.384
       3.484       -8.28
      -8.233       3.784
       8.702       2.794
      -4.567      -8.005
      -2.057       9.062
       7.701      -5.336
      -9.357      -1.277
       6.085        7.32
      0.4613      -9.582
      -6.865       6.805
       9.732      -0.384
       -7.49      -6.337
       1.252       9.804
        5.74      -8.133
      -9.796       2.134
       8.726       5.078
      -3.024      -9.706
      -4.355       9.262
       9.532      -3.914
      -9.737      -3.576
       4.795       9.274
       2.747      -10.14
      -8.933        5.66
       10.48       1.873
        -6.5       -8.51
     -0.9616       10.73
       8.006      -7.308
       -10.9    -0.01996
       8.075       7.425
     -0.9445      -10.99
      -6.768       8.795
       10.99      -1.924
       -9.46      -6.041
        2.91       10.91
       5.249      -10.06
      -10.73       3.896
        10.6       4.397
      -4.871      -10.46
       -3.49       11.06
        10.1      -5.828
      -11.44      -2.536
       6.757       9.648
       1.542      -11.74
      -9.112       7.652
       11.95      0.5152
      -8.503      -8.491
      0.5365       12.06
        7.79      -9.303
      -12.09       1.604
       10.04       7.014
       -2.68      -12.01
      -6.166       10.72
       11.84      -3.755
      -11.32      -5.253
        4.82       11.57
       4.282      -11.84
      -11.21       5.865
       12.28       3.259
      -6.883      -10.74
      -2.192       12.63
       10.19      -7.864
      -12.88      -1.089
       8.798       9.542
    -0.04139      -13.03
       -8.81       9.679
       13.09      -1.191
       -10.5      -7.995
        2.35       13.04
       7.104      -11.25
      -12.89       3.509
       11.92       6.142
      -4.659      -12.63
      -5.116       12.51
       12.27       -5.79
      -13.01      -4.034
       6.893       11.81
       2.903      -13.41
      -11.24       7.959
       13.72       1.732
      -8.977      -10.58
     -0.5303       13.92
       9.827       -9.94
      -14.01      0.6934
       10.84       8.984
       -1.93         -14
      -8.059       11.67
       13.87      -3.169
      -12.41      -7.058
         4.4       13.64
       5.987      -13.07
      -13.29       5.613
       13.64       4.854
        -6.8      -12.83
      -3.668        14.1
       12.27      -7.949
      -14.47      -2.437
       9.051       11.61
       1.171      -14.72
      -10.84        10.1
       14.86     -0.1225
      -11.08       -9.98
        1.43       14.89
        9.03      -11.98
       -14.8       2.744
        12.8       7.998
      -4.052      -14.59
       -6.89       13.54
       14.27      -5.345
      -14.17      -5.715
       6.613       13.83
       4.481      -14.71
      -13.28       7.843
       15.13       3.197
      -9.027      -12.62
      -1.872       15.45
       11.85      -10.15
      -15.64     -0.5167
       11.22       10.98
     -0.8576      -15.72
      -10.01        12.2
       15.67      -2.241
      -13.11      -8.958
       3.623        15.5
       7.821      -13.92
      -15.21       4.993
       14.63       6.611
      -6.338       -14.8
      -5.336       15.23
       14.26      -7.649
      -15.72      -4.006
       8.914       13.61
       2.629       -16.1
      -12.85       10.12
       16.36       1.217
      -11.27      -11.98
      0.2184       16.49
          11      -12.34
      -16.49       1.667
       13.32       9.934
      -3.118      -16.36
      -8.776       14.21
       16.11      -4.561
         -15      -7.538
       5.982       15.73
       6.229      -15.68
      -15.22       7.371
       16.24       4.859
      -8.716      -14.59
      -3.436       16.69
       13.84      -10.01
         -17      -1.973
       11.23       12.97
      0.4829      -17.19
         -12       12.38
       17.25      -1.029
      -13.45      -10.92
       2.545       17.18
        9.75      -14.42
      -16.97       4.056
       15.29       8.491
       -5.55      -16.63
      -7.153       16.05
       16.15      -7.014
      -16.68      -5.751
       8.438       15.55
       4.288       -17.2
      -14.82       9.809
       17.59       2.782
      -11.12      -13.96
      -1.237       17.84
          13      -12.35
      -17.96      0.3268
        13.5       11.92
      -1.906      -17.94
      -10.74       14.55
       17.79      -3.481
       -15.5      -9.465
       5.046       17.49
        8.11      -16.34
      -17.05       6.584
       17.06       6.677
      -8.083      -16.48
      -5.184       17.65
       15.78      -9.533
      -18.11      -3.634
       10.92       14.94
       2.047      -18.43
      -13.99       12.24
       18.62      0.4274
      -13.47      -12.92
       1.205       18.66
       11.74      -14.61
      -18.56       2.845
       15.64       10.46
      -4.475      -18.31
      -9.087       16.56
       17.92      -6.082
      -17.36      -7.637
       7.656       17.39
       6.112      -18.03
