      0.9478     -0.7192
     -0.3014       1.655
      -1.097      -1.744
       2.295      0.6293
      -2.367       1.214
       1.013      -2.733
       1.187       2.916
      -3.041      -1.442
       3.411      -1.051
      -1.903       3.246
     -0.8279      -3.858
        3.36       2.387
      -4.257      0.5299
       2.886       -3.39
      0.1671       4.605
       -3.34       -3.39
       4.899      0.2514
      -3.892       3.215
      0.7176      -5.136
       3.017       4.383
      -5.313      -1.224
       4.856       -2.75
      -1.762       5.427
      -2.418      -5.304
       5.476       2.325
      -5.719       2.024
       2.904      -5.458
       1.574       6.096
      -5.372      -3.493
       6.428      -1.071
      -4.083       5.217
     -0.5214       -6.71
       4.994       4.667
      -6.937    -0.06946
       5.238      -4.703
     -0.6953       7.105
      -4.346      -5.787
       7.209        1.35
      -6.309       3.925
       2.026      -7.247
       3.443       6.796
      -7.216      -2.718
       7.241      -2.904
      -3.417       7.114
      -2.312      -7.639
       6.941       4.116
      -7.984       1.671
       4.809      -6.696
      0.9872        8.27
      -6.378      -5.486
       8.493     -0.2655
      -6.142       5.991
      0.4873      -8.648
       5.534       6.769
      -8.733      -1.265
        7.36      -5.011
       -2.06       8.744
      -4.426      -7.907
       8.678       2.866
      -8.405       3.781
       3.674      -8.536
       3.081       8.847
      -8.315      -4.478
       9.228      -2.333
      -5.269       8.016
      -1.541      -9.543
       7.639       6.041
      -9.786      0.7109
       6.785      -7.187
     -0.1495       9.954
       -6.66      -7.493
       10.04       1.034
       -8.16       6.063
       1.934      -10.05
       5.399       8.776
      -9.975      -2.843
       9.337      -4.672
      -3.753       9.815
      -3.887      -9.835
        9.57       4.655
      -10.26        3.05
       5.542       -9.24
       2.168       10.62
      -8.825      -6.406
        10.9      -1.246
      -7.237       8.329
     -0.2913      -11.09
       7.753       8.029
       -11.2     -0.6875
       8.775      -7.101
      -1.683       11.22
      -6.376      -9.465
       11.16       2.687
      -10.09       5.583
       3.692      -10.99
       4.729       10.66
      -10.74      -4.687
       11.14      -3.818
      -5.666       10.39
      -2.858      -11.55
       9.959       6.619
      -11.87       1.856
       7.538      -9.434
      0.8186       12.11
      -8.823      -8.414
       12.25      0.2453
       -9.24        8.13
       1.328      -12.29
       7.359       10.01
      -12.24       -2.42
       10.71      -6.514
      -3.512       12.09
      -5.603      -11.34
       11.84       4.597
      -11.89       4.631
       5.664       -11.5
       3.604       12.35
      -11.05      -6.704
       12.73      -2.532
      -7.709       10.51
      -1.421      -13.01
       9.877       8.669
      -13.19      0.2803
       9.578      -9.155
     -0.8821       13.27
      -8.349      -10.42
       13.25       2.055
       -11.2       7.464
       3.231      -13.12
       6.506        11.9
      -12.89        -4.4
       12.52      -5.482
      -5.551       12.55
        -4.4      -13.05
       12.11       6.677
      -13.49       3.266
       7.766      -11.56
       2.089       13.82
      -10.92      -8.811
       14.05     -0.8786
      -9.802       10.18
      0.3557      -14.17
       9.345       10.73
      -14.19      -1.605
       11.59      -8.429
      -2.859       14.09
      -7.435      -12.36
       13.88       4.107
      -13.05       6.369
       5.341      -13.56
       5.238       13.65
      -13.13      -6.549
       14.15      -4.051
      -7.722       12.59
      -2.817      -14.54
       11.94        8.85
      -14.83       1.543
       9.923      -11.19
      0.2427          15
      -10.34      -10.93
       15.06       1.076
      -11.87       9.407
       2.404         -15
       8.385       12.72
      -14.82      -3.728
       13.49      -7.285
       -5.04       14.53
      -6.114      -14.16
       14.11       6.328
      -14.73       4.882
       7.583      -13.59
       3.596       15.18
      -12.95      -8.793
       15.53      -2.267
      -9.948        12.2
     -0.9062      -15.76
       11.35       11.04
      -15.87     -0.4777
       12.06      -10.39
      -1.873       15.85
      -9.353      -12.99
       15.71        3.27
      -13.83       8.226
       4.657      -15.45
       7.023       14.58
      -15.07      -6.023
       15.22      -5.753
      -7.357       14.56
      -4.423      -15.75
       13.94       8.648
      -16.16       3.045
       9.884       -13.2
       1.629       16.45
      -12.34      -11.06
       16.61     -0.1856
      -12.16       11.39
       1.274      -16.65
       10.33       13.17
      -16.56      -2.739
        14.1      -9.189
      -4.197       16.34
      -7.961      -14.92
       15.99       5.637
      -15.64       6.658
       7.049      -15.51
       5.292       16.24
      -14.91      -8.418
       16.72       -3.87
      -9.736       14.18
      -2.406      -17.07
       13.34       10.99
       -17.3       0.908
       12.17      -12.38
     -0.6108       17.39
      -11.33      -13.27
       17.36        2.14
      -14.28       10.17
       3.666      -17.18
       8.922       15.18
      -16.87      -5.178
       15.97      -7.596
      -6.663       16.43
      -6.198      -16.65
       15.85        8.11
      -17.21       4.739
       9.507      -15.15
       3.231       17.63
      -14.32      -10.84
       17.93      -1.685
      -12.11       13.38
     -0.1115      -18.08
       12.32       13.29
       -18.1      -1.477
       14.38      -11.16
      -3.067       17.98
      -9.905      -15.36
       17.72       4.647
      -16.24        8.56
       6.204      -17.32
       7.137       16.99
      -16.78      -7.727
       17.63      -5.647
      -9.202        16.1
      -4.101      -18.13
        15.3       10.62
      -18.49       2.511
       11.96      -14.37
      0.8873       18.72
      -13.32      -13.23
        18.8      0.7555
       -14.4       12.16
       2.406      -18.73
        10.9       15.47
      -18.53       -4.05
       16.43      -9.546
      -5.676       18.17
