      0.3783       1.128
      0.6831      -1.538
      -1.889      0.8236
       2.251      0.7722
      -1.272      -2.336
     -0.7011       2.829
       2.622      -1.742
      -3.325     -0.5208
       2.227       2.789
      0.2551      -3.754
      -2.857       2.722
       4.121    -0.08127
       -3.22      -2.835
      0.4766       4.426
       2.731      -3.712
      -4.669      0.9212
        4.19       2.551
      -1.406      -4.848
      -2.299       4.649
       4.961      -1.924
       -5.08       -1.98
       2.465       5.007
         1.6      -5.477
      -4.985       3.022
       5.834       1.162
      -3.587      -4.893
     -0.6731       6.146
       4.733      -4.152
      -6.406     -0.1381
       4.709       4.505
     -0.4368       -6.61
      -4.209       5.252
       6.755      -1.045
      -5.772      -3.849
        1.68       6.836
       3.426      -6.263
       -6.85       2.336
       6.718       2.944
      -3.004      -6.796
      -2.406        7.13
       6.672      -3.677
      -7.494      -1.817
       4.349       6.478
       1.182      -7.803
      -6.212       5.011
       8.054      0.5066
      -5.657      -5.877
      0.2038       8.241
       5.472      -6.279
       -8.36      0.9425
       6.869       5.002
      -1.703      -8.409
      -4.467       7.421
       8.385      -2.478
      -7.929      -3.872
        3.26       8.285
       3.221      -8.386
       -8.11       4.043
       8.785       2.518
      -4.817      -7.857
       -1.77       9.123
       7.528      -5.577
      -9.393     -0.9812
       6.313       7.124
      0.1587      -9.591
      -6.646       7.019
       9.715     -0.6909
      -7.687      -6.098
        1.56       9.759
       5.481       -8.31
      -9.724       2.442
       8.882       4.801
      -3.329      -9.605
      -4.061       9.395
       9.404      -4.213
      -9.845      -3.267
       5.085       9.118
       2.425      -10.22
       -8.75       5.939
       10.53       1.541
      -6.765      -8.301
     -0.6225       10.76
       7.772      -7.557
       -10.9      0.3241
       8.305       7.166
      -1.292      -10.96
      -6.488       9.004
       10.93      -2.271
      -9.646       -5.74
       3.254       10.81
       4.929      -10.22
       -10.6       4.232
       10.73        4.06
      -5.198       -10.3
       -3.14       11.16
       9.908      -6.143
      -11.51      -2.174
       7.058        9.43
       1.171      -11.78
      -8.866       7.935
       11.96      0.1379
      -8.766      -8.219
      0.9176       12.04
       7.493      -9.544
      -12.03       1.986
       10.26       6.694
      -3.059      -11.92
      -5.825       10.91
       11.72      -4.127
      -11.48      -4.893
       5.183       11.41
       3.906      -11.97
      -11.02       6.216
       12.38        2.87
      -7.218      -10.52
      -1.793       12.69
       9.935      -8.181
      -12.91     -0.6814
       9.095        9.26
     -0.4534      -13.03
        -8.5       9.952
       13.04      -1.604
      -10.74       -7.66
        2.76       12.96
       6.745      -11.47
      -12.77       3.914
       12.11       5.762
      -5.055      -12.48
      -4.719       12.66
       12.08      -6.174
      -13.13      -3.621
       7.262       11.58
       2.477       -13.5
      -10.98       8.309
       13.76       1.298
      -9.306      -10.29
     -0.0901       13.93
       9.509      -10.24
      -13.98       1.136
       11.12       8.638
      -2.371      -13.93
      -7.687       11.91
       13.76      -3.605
      -12.63      -6.663
       4.828       13.49
       5.571      -13.25
      -13.11        6.03
       13.78       4.421
      -7.201      -12.61
       -3.22       14.21
       12.01      -8.331
      -14.54      -1.978
       9.412       11.31
      0.7046      -14.75
      -10.52       10.43
       14.85     -0.5913
      -11.39      -9.625
       1.899       14.83
       8.647      -12.26
       -14.7       3.209
       13.05        7.59
       -4.51      -14.46
       -6.46       13.75
       14.09      -5.792
      -14.35      -5.264
       7.045       13.62
       4.013      -14.84
      -13.02       8.258
       15.23       2.717
       -9.42      -12.33
      -1.383        15.5
       11.52      -10.52
      -15.65    -0.02292
       11.56       10.62
      -1.353      -15.68
      -9.622       12.51
       15.59      -2.734
      -13.38       -8.54
        4.11       15.38
       7.378      -14.16
      -15.04       5.469
       14.83       6.145
      -6.801      -14.59
      -4.852       15.39
       14.01      -8.094
      -15.84      -3.506
       9.338       13.32
       2.119      -16.18
      -12.52       10.52
       16.39      0.7006
      -11.64      -11.62
      0.7385       16.47
       10.61      -12.68
      -16.43       2.187
       13.63       9.508
      -3.633      -16.26
      -8.322       14.48
       15.96      -5.066
      -15.23       -7.06
       6.474       15.53
        5.73      -15.87
      -14.98       7.846
       16.39       4.343
      -9.172      -14.31
      -2.908       16.79
       13.52      -10.44
      -17.06      -1.436
       11.64       12.61
    -0.06092       -17.2
       -11.6       12.76
       17.21      -1.572
      -13.79      -10.49
       3.085       17.09
        9.29      -14.72
      -16.83       4.589
       15.55       8.004
      -6.072      -16.44
      -6.644       16.26
       15.92       -7.52
      -16.86      -5.221
       8.924       15.27
       3.744      -17.33
       -14.5       10.27
       17.67       2.225
      -11.55      -13.61
     -0.6746       17.87
        12.6      -12.75
      -17.94      0.8946
       13.87       11.49
      -2.471      -17.87
      -10.27       14.88
       17.67      -4.041
      -15.79      -8.972
       5.595       17.32
       7.589      -16.59
      -16.84       7.118
       17.26       6.136
      -8.599      -16.22
      -4.623        17.8
       15.47      -10.03
      -18.22      -3.062
       11.39       14.59
       1.464      -18.49
       -13.6       12.67
       18.62     -0.1592
      -13.87      -12.49
       1.794       18.61
       11.27      -14.97
      -18.46       3.429
       15.96        9.96
       -5.05      -18.16
      -8.561       16.84
       17.72      -6.645
      -17.59      -7.084
       8.201       17.14
       5.541      -18.21
