      0.5711      -1.044
      -1.593      0.5428
       1.887      0.8274
     -0.9617      -2.177
      -0.851       2.521
       2.553      -1.406
      -3.059     -0.7423
       1.875       2.794
      0.5352      -3.529
      -2.929       2.362
       3.938      0.2483
      -2.858       -2.97
      0.1055       4.289
       2.926      -3.356
      -4.579      0.5157
       3.847       2.802
     -0.9731      -4.808
      -2.604       4.325
       4.974      -1.469
      -4.781      -2.336
       1.996       5.074
       2.002      -5.209
      -5.107       2.545
       5.603       1.607
      -3.109      -5.072
      -1.156       5.956
       4.968      -3.679
      -6.262     -0.6549
       4.249       4.796
      0.1086      -6.516
      -4.556        4.81
       6.714     -0.4766
      -5.354      -4.249
       1.094       6.851
       3.877      -5.876
      -6.924       1.738
       6.366       3.442
      -2.401       -6.93
      -2.949        6.82
       6.868      -3.076
       -7.23      -2.401
       3.755       6.735
       1.802      -7.591
      -6.531       4.431
       7.897       1.157
      -5.097      -6.256
     -0.4723       8.143
       5.911      -5.746
      -8.325      0.2466
       6.369       5.497
     -0.9931      -8.439
      -5.017       6.961
       8.481      -1.761
      -7.513      -4.472
       2.543        8.45
       3.868       -8.02
      -8.343        3.33
       8.475       3.208
      -4.117      -8.159
      -2.496       8.872
       7.899      -4.896
      -9.206      -1.739
       5.658       7.561
      0.9427      -9.472
      -7.148       6.397
       9.666      0.1127
      -7.104      -6.662
      0.7438       9.783
       6.104      -7.773
      -9.822        1.62
       8.396       5.479
      -2.508       -9.78
       -4.79       8.966
       9.654      -3.399
      -9.478      -4.042
       4.287       9.445
        3.24      -9.925
      -9.152       5.163
        10.3        2.39
      -6.019      -8.776
      -1.499        10.6
       8.319      -6.847
      -10.82     -0.5734
        7.64       7.781
     -0.3796      -10.96
      -7.167       8.389
       11.02      -1.353
      -9.088      -6.481
       2.337       10.98
       5.725      -9.728
      -10.85       3.325
        10.3       4.906
      -4.307      -10.64
      -4.029       10.81
       10.33      -5.277
      -11.24      -3.101
       6.224       9.929
       2.129      -11.58
      -9.443        7.14
       11.85       1.119
      -8.018      -8.871
    -0.07921       12.02
       8.216       -8.85
      -12.09      0.9811
       9.626       7.482
      -2.054      -12.08
      -6.675       10.34
       11.96      -3.131
      -10.99      -5.798
       4.203       11.75
       4.859      -11.56
      -11.44       5.262
       12.04       3.865
      -6.297      -11.03
      -2.822       12.44
       10.53      -7.301
      -12.75      -1.737
       8.264       9.938
      0.6209      -12.96
      -9.255       9.178
       13.08     -0.5192
      -10.03      -8.487
       1.674       13.09
       7.638      -10.83
         -13       2.835
       11.54       6.716
      -3.992       -12.8
      -5.726       12.18
        12.5      -5.136
      -12.74      -4.675
       6.257        12.1
       3.571       -13.2
      -11.59       7.346
       13.56       2.421
      -8.393      -10.99
      -1.235       13.82
       10.28       -9.39
      -13.98    -0.02217
       10.33       9.493
      -1.209      -14.03
      -8.614        11.2
       13.97      -2.447
      -11.99      -7.656
       3.685       13.79
       6.624       -12.7
      -13.51        4.91
       13.33       5.525
      -6.114      -13.12
      -4.368       13.85
       12.62      -7.287
      -14.28      -3.161
       8.418       12.01
       1.914      -14.59
      -11.31       9.498
        14.8      0.6346
      -10.52       -10.5
       0.666       14.89
         9.6      -11.47
      -14.87       1.978
       12.34       8.614
      -3.291      -14.73
      -7.549       13.13
       14.48      -4.595
      -13.82      -6.412
       5.879       14.11
       5.209      -14.42
      -13.62       7.133
       14.91       3.953
      -8.346      -13.02
       -2.65       15.29
       12.32      -9.508
      -15.55      -1.311
       10.61        11.5
    -0.05367      -15.69
      -10.59       11.64
       15.72      -1.434
       -12.6      -9.588
       2.818       15.62
       8.498      -13.46
       -15.4       4.197
       14.23       7.328
      -5.558      -15.06
       -6.09        14.9
       14.59      -6.891
      -15.46       -4.79
       8.184       14.01
       3.438       -15.9
      -13.31       9.429
       16.23       2.046
      -10.61       -12.5
     -0.6222       16.43
       11.59      -11.73
      -16.51       0.821
       12.76       10.57
      -2.273      -16.46
      -9.466       13.71
       16.28      -3.722
      -14.56      -8.272
       5.157       15.97
       7.003       -15.3
      -15.54       6.567
       15.93       5.667
      -7.939      -14.98
      -4.273       16.45
        14.3      -9.264
      -16.84      -2.833
       10.53        13.5
       1.356      -17.11
      -12.59       11.73
       17.24     -0.1453
      -12.84      -11.57
        1.66       17.24
       10.45      -13.87
      -17.11       3.176
        14.8        9.24
      -4.683      -16.85
      -7.946       15.62
       16.45      -6.166
      -16.33       -6.58
       7.615       15.92
        5.15      -16.92
      -15.26       9.019
       17.39       3.668
      -10.37      -14.48
      -2.143       17.72
       13.58      -11.64
      -17.92     -0.5886
       12.84       12.56
     -0.9843      -17.98
      -11.44       13.95
        17.9      -2.563
      -14.96      -10.22
       4.138       17.68
       8.914      -15.87
      -17.33       5.692
       16.66       7.524
      -7.216      -16.84
      -6.065       17.32
       16.21      -8.697
      -17.86      -4.546
       10.12       15.45
       2.979      -18.27
      -14.57       11.48
       18.53       1.376
      -12.76      -13.56
      0.2506       18.66
       12.45      -13.96
      -18.64        1.89
       15.05       11.22
      -3.526      -18.48
      -9.902       16.04
       18.17      -5.149
      -16.91      -8.495
       6.745       17.72
       7.012      -17.66
      -17.13       8.301
