      -1.134     -0.3617
       1.528     -0.7056
     -0.7958       1.901
     -0.8052      -2.239
       2.355       1.238
      -2.818      0.7425
       1.703      -2.648
      0.5696       3.317
      -2.822      -2.186
        3.75     -0.3102
       -2.68       2.896
     0.02069      -4.122
       2.882       3.178
      -4.433     -0.4115
       3.671      -2.785
     -0.8526       4.682
      -2.612      -4.152
       4.868       1.335
      -4.615       2.367
       1.851      -4.989
       2.055        5.05
      -5.043      -2.391
       5.453       -1.68
      -2.948       5.028
      -1.248      -5.817
       4.945       3.514
      -6.135      0.7633
       4.082      -4.794
      0.2322       6.403
      -4.573      -4.643
       6.616      0.3397
       -5.19       4.286
       0.946      -6.769
       3.933       5.715
      -6.859       -1.58
       6.212      -3.518
      -2.235       6.884
      -3.042      -6.674
        6.84       2.904
      -7.094       2.511
       3.579      -6.726
       1.927       7.466
      -6.541      -4.253
       7.785      -1.297
       -4.92       6.285
     -0.6247      -8.046
       5.959        5.57
      -8.243    -0.08278
       6.198      -5.564
     -0.8197       8.373
      -5.102      -6.795
       8.433       1.579
      -7.355       4.575
       2.355       -8.42
       3.988       7.871
      -8.332      -3.138
       8.337      -3.344
      -3.923       8.168
      -2.647      -8.747
       7.927       4.701
      -9.096       1.904
       5.465      -7.609
       1.119       9.377
      -7.216      -6.207
       9.588     -0.2995
       -6.92       6.749
      0.5483      -9.724
        6.21       7.596
      -9.781      -1.417
       8.229      -5.602
      -2.299       9.758
       -4.93       -8.81
       9.653       3.188
      -9.335       4.198
       4.074      -9.464
       3.411       9.796
      -9.192      -4.951
       10.19      -2.575
       -5.81       8.837
      -1.696      -10.51
       8.399       6.643
      -10.75      0.7803
       7.442      -7.882
     -0.1644        10.9
      -7.287      -8.199
       10.98        1.13
      -8.908       6.619
        2.11      -10.96
       5.881       9.561
      -10.86      -3.094
       10.15      -5.079
      -4.076       10.66
      -4.218      -10.67
       10.37       5.047
      -11.12       3.303
       5.997      -9.997
       2.343       11.48
      -9.532      -6.919
       11.76      -1.343
      -7.805       8.981
     -0.3131      -11.95
       8.346       8.645
      -12.05     -0.7404
       9.433      -7.632
      -1.809       12.06
      -6.843      -10.16
       11.97       2.883
      -10.82       5.984
       3.955      -11.78
       5.061       11.41
      -11.49      -5.014
       11.91      -4.081
      -6.053       11.11
      -3.051      -12.33
       10.63       7.063
      -12.66       1.979
       8.034      -10.05
      0.8712        12.9
      -9.393      -8.958
       13.03      0.2618
      -9.826       8.645
       1.412      -13.07
       7.817       10.63
         -13       -2.57
       11.37      -6.913
      -3.726       12.83
       -5.94      -12.02
       12.55       4.871
      -12.59       4.904
       5.996      -12.17
       3.814       13.07
      -11.69      -7.091
       13.46      -2.676
      -8.147       11.11
        -1.5      -13.74
       10.43       9.154
      -13.92       0.295
        10.1      -9.658
     -0.9301          14
        -8.8      -10.99
       13.96       2.166
       -11.8       7.861
       3.402      -13.82
       6.847       12.53
      -13.56      -4.629
       13.17      -5.765
      -5.837       13.19
      -4.623      -13.72
       12.72       7.015
      -14.16       3.429
       8.154      -12.14
       2.192        14.5
      -11.45      -9.245
       14.74     -0.9215
      -10.28       10.67
      0.3733      -14.86
       9.791       11.24
      -14.86      -1.681
       12.13      -8.827
      -2.993       14.75
      -7.781      -12.94
       14.52       4.298
      -13.65       6.661
       5.585      -14.18
       5.474       14.27
      -13.72      -6.845
       14.78      -4.231
      -8.066       13.14
       -2.94      -15.19
       12.46       9.239
      -15.48       1.611
       10.35      -11.67
      0.2527       15.65
      -10.79       -11.4
        15.7       1.123
      -12.37       9.805
       2.505      -15.63
       8.735       13.25
      -15.44      -3.884
       14.05      -7.585
      -5.248       15.12
      -6.363      -14.74
       14.69       6.586
      -15.32       5.078
       7.888      -14.13
       3.739       15.79
      -13.46      -9.142
       16.14      -2.356
      -10.34       12.68
     -0.9406      -16.37
       11.79       11.47
      -16.48     -0.4971
       12.52      -10.79
      -1.946       16.46
      -9.708      -13.48
       16.31       3.395
      -14.35       8.534
       4.832      -16.03
       7.283       15.12
      -15.62      -6.246
       15.78      -5.963
      -7.626       15.09
      -4.584      -16.32
       14.44        8.96
      -16.74       3.154
       10.24      -13.67
       1.686       17.04
      -12.78      -11.45
        17.2     -0.1911
      -12.58       11.79
        1.32      -17.23
       10.69       13.63
      -17.13      -2.835
       14.58      -9.506
      -4.342        16.9
      -8.231      -15.43
       16.53       5.829
      -16.16       6.882
       7.285      -16.03
       5.467       16.78
       -15.4      -8.698
       17.27      -3.998
      -10.06       14.65
      -2.483      -17.63
       13.77       11.35
      -17.86      0.9364
       12.57      -12.79
     -0.6316       17.95
      -11.69       -13.7
       17.91       2.209
      -14.73       10.49
       3.782      -17.72
       9.202       15.66
       -17.4       -5.34
       16.47      -7.832
       -6.87       16.94
      -6.388      -17.17
       16.34        8.36
      -17.73       4.884
       9.797      -15.61
       3.328       18.17
      -14.76      -11.17
       18.47      -1.734
      -12.47       13.78
     -0.1137      -18.62
       12.69       13.68
      -18.64      -1.521
        14.8      -11.49
      -3.157       18.51
      -10.19      -15.81
       18.23       4.782
      -16.71       8.807
       6.384      -17.82
       7.341       17.48
      -17.26      -7.948
       18.13      -5.807
