      0.8597     -0.8225
     -0.1108       1.679
      -1.289      -1.608
       2.352      0.3636
      -2.213       1.476
      0.6955       -2.83
       1.511       2.762
      -3.185      -1.086
       3.269      -1.433
      -1.521       3.442
      -1.262      -3.739
        3.61       1.989
      -4.169       1.011
       2.481      -3.696
      0.6908       4.556
      -3.705      -2.988
       4.896     -0.3085
        -3.5       3.637
      0.1276      -5.185
       3.497       4.011
      -5.418     -0.6103
       4.511      -3.285
      -1.132       5.593
      -3.006      -4.994
       5.705       1.685
      -5.451       2.663
       2.263      -5.753
       2.258       5.877
      -5.735      -2.858
       6.264      -1.796
      -3.462       5.648
      -1.283      -6.607
       5.493       4.068
        -6.9      0.7216
       4.668      -5.269
       0.119       7.138
      -4.977      -5.254
       7.316      0.5196
      -5.821       4.618
       1.187      -7.431
       4.195       6.359
      -7.479      -1.878
       6.863      -3.711
      -2.584       7.457
      -3.167      -7.326
       7.365       3.299
      -7.742        2.57
       4.014        -7.2
       1.923       8.104
      -6.962      -4.724
       8.407      -1.232
       -5.42       6.652
     -0.5015      -8.648
       6.269       6.094
       -8.82     -0.2618
       6.741      -5.817
       -1.05       8.921
      -5.298      -7.351
       8.948       1.858
       -7.92       4.714
       2.678      -8.899
        4.07       8.439
      -8.771      -3.501
       8.902      -3.369
      -4.322       8.564
      -2.618      -9.305
       8.278       5.131
      -9.641       1.822
       5.922      -7.913
      0.9853       9.906
      -7.471      -6.686
        10.1     -0.1171
      -7.415       6.954
      0.7765      -10.21
       6.364       8.104
      -10.23      -1.688
       8.744      -5.706
       -2.61       10.18
      -4.983      -9.328
       10.04       3.534
       -9.85         4.2
       4.453      -9.811
       3.364        10.3
      -9.498      -5.358
       10.69      -2.479
      -6.241       9.099
      -1.553      -10.99
       8.618       7.094
      -11.21      0.5931
       7.908      -8.054
     -0.3935       11.34
      -7.413      -8.677
       11.39       1.399
      -9.393       6.697
       2.415      -11.34
       5.912       10.05
       -11.2      -3.433
       10.63      -5.063
      -4.444       10.97
      -4.156      -11.15
       10.65       5.441
      -11.58       3.196
       6.413      -10.23
       2.192       11.93
      -9.725      -7.354
        12.2      -1.151
      -8.253        9.13
    -0.08151      -12.36
       8.451       9.104
      -12.44      -1.009
       9.898      -7.693
      -2.112       12.41
      -6.859      -10.63
       12.29       3.217
      -11.28       5.955
       4.317      -12.07
       4.988       11.86
      -11.74      -5.401
       12.36      -3.965
      -6.461       11.32
      -2.894      -12.76
        10.8       7.487
      -13.08       1.781
       8.472      -10.19
      0.6364       13.29
      -9.482      -9.405
        13.4      0.5319
      -10.28       8.692
       1.715       -13.4
       7.821       11.09
      -13.31      -2.902
       11.82      -6.874
      -4.085        13.1
      -5.858      -12.47
       12.79       5.254
      -13.03       4.781
       6.398      -12.37
        3.65       13.49
      -11.85       -7.51
       13.86      -2.474
      -8.578       11.23
      -1.262      -14.12
       10.51       9.594
      -14.28     0.02265
       10.55      -9.695
      -1.234       14.32
      -8.795      -11.43
       14.26       2.499
      -12.24       7.814
       3.761      -14.08
       6.759       12.96
      -13.79       -5.01
        13.6      -5.636
      -6.237       13.38
      -4.455      -14.13
       12.87       7.432
      -14.56       3.223
       8.583      -12.25
       1.951       14.88
      -11.52      -9.682
       15.08     -0.6468
      -10.72        10.7
      0.6786      -15.18
        9.78       11.68
      -15.15      -2.015
       12.57      -8.774
      -3.352       15.01
      -7.687      -13.37
       14.74       4.679
      -14.07       6.527
       5.985      -14.36
       5.303       14.68
      -13.86       -7.26
       15.17      -4.023
      -8.493       13.25
      -2.696      -15.55
       12.53       9.674
      -15.82       1.334
       10.79       -11.7
    -0.05458       15.96
      -10.77      -11.84
       15.99       1.458
      -12.81       9.749
       2.866      -15.88
       8.638       13.68
      -15.66      -4.266
       14.47      -7.449
       -5.65        15.3
      -6.189      -15.14
       14.83       7.003
      -15.71       4.867
       8.316      -14.24
       3.493       16.16
      -13.52      -9.578
       16.48      -2.078
      -10.78        12.7
     -0.6319      -16.69
       11.77       11.91
      -16.76     -0.8337
       12.96      -10.74
      -2.308       16.71
      -9.609      -13.92
       16.53       3.778
      -14.77       8.397
       5.235      -16.21
       7.108       15.53
      -15.77      -6.665
       16.17      -5.751
      -8.056        15.2
      -4.336      -16.69
        14.5       9.399
      -17.08       2.874
       10.68      -13.69
       1.376       17.35
      -12.76      -11.89
       17.49      0.1484
      -13.02       11.73
       1.684      -17.49
       10.59       14.06
      -17.35      -3.221
          15      -9.367
      -4.747       17.08
      -8.055      -15.84
       16.67        6.25
      -16.55        6.67
       7.719      -16.14
        5.22       17.15
      -15.47       -9.14
       17.62      -3.717
       -10.5       14.67
      -2.172      -17.95
       13.76        11.8
      -18.15      0.5952
       13.01      -12.73
     -0.9983       18.21
      -11.59      -14.13
       18.13       2.598
      -15.16       10.35
        4.19      -17.91
       9.027       16.07
      -17.55      -5.764
       16.87      -7.619
      -7.307       17.05
      -6.141      -17.54
       16.41       8.805
      -18.09       4.602
       10.25      -15.64
       3.014       18.49
      -14.74      -11.62
       18.76      -1.392
      -12.92       13.73
      0.2548      -18.89
       12.59       14.13
      -18.87      -1.913
       15.23      -11.36
      -3.569        18.7
