      -1.165      -0.244
      0.9813       1.367
      0.2446      -2.046
      -1.804       1.551
       2.659     0.08363
      -2.086      -2.035
      0.1766       3.143
        2.13      -2.605
      -3.533       0.511
        3.11       2.118
     -0.9043      -3.841
      -2.014       3.596
       4.074      -1.344
       -4.06      -1.827
       1.821       4.233
       1.566      -4.494
       -4.32       2.325
       4.894       1.238
      -2.848      -4.334
      -0.849       5.253
       4.277      -3.381
      -5.566     -0.4054
       3.916        4.15
    -0.08646      -5.828
      -3.953       4.446
       6.035     -0.6202
      -4.962      -3.688
       1.189       6.183
       3.358      -5.457
      -6.268       1.785
       5.924       2.965
      -2.403      -6.287
      -2.514       6.356
       6.239      -3.034
      -6.747      -2.006
       3.671       6.123
       1.449      -7.091
      -5.937       4.307
       7.382       0.845
      -4.935      -5.681
     -0.2014       7.616
       5.357      -5.546
      -7.788      0.4767
       6.134       4.966
      -1.182      -7.894
       -4.51       6.692
        7.93      -1.909
      -7.213      -3.991
        2.65       7.896
       3.414      -7.689
      -7.788       3.397
       8.116       2.783
      -4.144      -7.606
      -2.102       8.487
        7.35      -4.883
      -8.797      -1.377
       5.606       7.019
       0.613      -9.041
      -6.615       6.306
       9.215     -0.1831
      -6.976       -6.14
       1.005       9.315
       5.596      -7.608
      -9.338       1.844
       8.195       4.987
      -2.695      -9.283
      -4.316       8.731
       9.147      -3.548
      -9.209      -3.589
       4.398       8.931
        2.81      -9.624
      -8.633       5.235
        9.97       1.985
      -6.052      -8.254
       -1.12       10.24
       7.797      -6.841
      -10.44     -0.2234
       7.595       7.262
     -0.6993      -10.55
      -6.654       8.305
       10.58       -1.64
      -8.965      -5.976
        2.59       10.53
       5.232      -9.568
      -10.38       3.542
       10.11       4.427
      -4.488      -10.15
      -3.567       10.58
        9.83      -5.419
      -10.97      -2.659
       6.328       9.422
       1.708      -11.28
       -8.93       7.206
       11.51       0.722
      -8.044      -8.354
      0.2903       11.65
       7.698      -8.835
       -11.7       1.322
       9.572       6.967
      -2.364      -11.66
      -6.165       10.25
       11.52      -3.408
      -10.85      -5.297
       4.445       11.29
        4.37      -11.38
      -10.96       5.467
       11.83        3.39
      -6.465      -10.54
      -2.364        12.2
       10.03       -7.43
      -12.47        -1.3
       8.353       9.423
      0.2069      -12.65
      -8.733       9.226
       12.73     -0.9074
      -10.04      -7.962
       2.034       12.71
       7.115      -10.79
      -12.59       3.164
       11.47       6.196
      -4.288      -12.37
      -5.212       12.06
       12.04      -5.397
      -12.58      -4.171
       6.482       11.62
        3.08         -13
      -11.09       7.532
       13.32       1.947
      -8.539      -10.47
     -0.7813       13.54
       9.762      -9.495
      -13.66      0.4088
       10.39       8.962
      -1.614      -13.68
      -8.079       11.22
       13.59      -2.824
      -11.97       -7.12
       4.031       13.38
        6.09      -12.64
      -13.07       5.224
       13.22       4.997
      -6.392      -12.66
      -3.849        13.7
       12.13      -7.526
      -14.08      -2.656
       8.617       11.51
       1.424      -14.36
      -10.78       9.656
       14.52      0.1649
      -10.63      -9.965
       1.113       14.58
       9.057      -11.54
      -14.52       2.399
       12.37       8.066
      -3.683      -14.35
      -6.998       13.11
       14.06      -4.956
      -13.76      -5.862
       6.205       13.66
       4.666      -14.31
      -13.15       7.422
       14.75       3.419
      -8.596      -12.52
      -2.129       15.09
        11.8      -9.717
      -15.31     -0.8063
       10.78       10.97
     -0.5384      -15.41
      -10.04       11.76
        15.4      -1.895
      -12.67       -9.03
       3.254       15.26
       7.933      -13.49
      -15.01       4.602
       14.21       6.762
       -5.93      -14.63
      -5.524       14.83
       14.13      -7.227
      -15.35       -4.23
       8.482       13.52
       2.888      -15.74
       -12.8       9.685
       16.02       1.509
      -10.83      -11.97
     -0.1027       16.18
       11.04       -11.9
      -16.22        1.32
       12.88       10.01
      -2.748      -16.12
      -8.889       13.78
       15.91      -4.169
      -14.58      -7.691
       5.573       15.56
       6.419      -15.28
      -15.09       6.947
       15.86       5.085
      -8.283       -14.5
      -3.698       16.33
       13.79      -9.567
      -16.67      -2.267
       10.79       12.97
      0.8049      -16.89
      -12.03       11.94
       16.98     -0.6793
      -13.01         -11
       2.172       16.94
       9.864      -13.99
      -16.76       3.662
       14.87       8.645
      -5.138      -16.46
      -7.346       15.64
       16.02      -6.589
       -16.3      -5.979
       8.002       15.46
       4.552      -16.84
      -14.77       9.367
       17.26       3.075
      -10.67      -13.96
      -1.562       17.54
       13.03       -11.9
      -17.69    -0.02266
       13.06       11.99
      -1.531       -17.7
      -10.85       14.12
       17.58      -3.086
      -15.08       -9.62
       4.632       17.32
       8.301      -15.93
      -16.92       6.155
       16.67       6.906
      -7.644      -16.39
      -5.446       17.29
       15.72      -9.087
      -17.77       -3.93
       10.47       14.93
       2.371      -18.12
      -14.02       11.79
       18.34      0.7807
      -13.02      -12.99
       0.829       18.41
       11.85      -14.17
      -18.35       2.446
       15.21       10.61
      -4.057      -18.14
      -9.279       16.15
       17.79       -5.65
      -16.97      -7.864
       7.214       17.29
       6.375      -17.66
      -16.66       8.733
       18.22       4.826
       -10.2       -15.9
      -3.227       18.65
       15.01      -11.59
      -18.93      -1.591
       12.91       13.99
