      0.2014       1.173
       -1.33       -1.03
       2.054     -0.1699
      -1.616       1.747
     0.01332       -2.66
       1.958       2.159
      -3.135      -0.291
       2.681      -2.034
     -0.6394       3.512
      -2.003      -3.185
       3.806       1.044
      -3.667       1.881
       1.492      -4.022
       1.678       4.124
      -4.164      -1.974
       4.548      -1.401
      -2.481       4.232
      -1.059      -4.936
       4.228       3.004
       -5.28      0.6571
       3.535      -4.151
      0.2023       5.577
      -4.004      -4.065
       5.821      0.2989
      -4.587       3.788
      0.8397      -6.009
       3.505       5.093
      -6.135      -1.413
       5.576      -3.157
      -2.012       6.198
      -2.748      -6.028
       6.195        2.63
      -6.443        2.28
       3.259      -6.125
       1.759       6.816
      -5.985      -3.892
       7.139      -1.189
      -4.521       5.776
     -0.5754      -7.408
       5.498       5.139
      -7.618    -0.07639
       5.738      -5.151
     -0.7601       7.765
      -4.739      -6.311
       7.845       1.469
      -6.852       4.263
       2.197      -7.856
       3.726       7.353
      -7.794      -2.936
       7.809      -3.132
      -3.679       7.659
      -2.485      -8.212
        7.45       4.419
      -8.558       1.791
       5.148      -7.167
       1.055       8.841
       -6.81      -5.858
       9.057      -0.283
      -6.543       6.381
      0.5187      -9.202
       5.882       7.195
      -9.272      -1.343
       7.806      -5.315
      -2.183       9.265
      -4.685      -8.371
       9.179       3.031
      -8.882       3.995
       3.879      -9.012
       3.251       9.334
      -8.764      -4.721
        9.72      -2.457
      -5.546       8.436
       -1.62      -10.04
       8.028       6.349
      -10.28      0.7463
       7.121      -7.542
     -0.1571       10.44
      -6.981      -7.855
       10.52       1.083
      -8.542       6.347
       2.024      -10.52
       5.645       9.177
      -10.42      -2.972
       9.752       -4.88
      -3.918       10.25
      -4.056      -10.26
        9.98       4.855
       -10.7        3.18
       5.774      -9.626
       2.257       11.06
      -9.185      -6.667
       11.34      -1.295
      -7.526       8.661
     -0.3021      -11.53
       8.055       8.343
      -11.64     -0.7148
        9.11      -7.371
      -1.747       11.65
      -6.613      -9.819
       11.57       2.787
      -10.46       5.787
       3.825      -11.39
       4.898       11.04
      -11.12      -4.853
       11.53      -3.952
      -5.863       10.76
      -2.957      -11.95
        10.3       6.845
      -12.27       1.918
        7.79      -9.749
      0.8449       12.51
      -9.112       -8.69
       12.65       0.254
      -9.538       8.391
       1.371      -12.69
       7.591       10.32
      -12.63      -2.496
       11.04      -6.717
      -3.621       12.46
      -5.774      -11.69
        12.2       4.736
      -12.25       4.769
       5.832      -11.84
        3.71       12.72
      -11.37      -6.901
        13.1      -2.604
      -7.931       10.81
      -1.461      -13.38
       10.16       8.915
      -13.56      0.2873
       9.845       -9.41
     -0.9064       13.64
      -8.578      -10.71
       13.61       2.111
       -11.5       7.665
       3.318      -13.47
       6.679       12.22
      -13.23      -4.516
       12.85      -5.626
      -5.696       12.87
      -4.512      -13.39
       12.41       6.849
      -13.83       3.348
       7.963      -11.85
       2.141       14.17
      -11.19      -9.031
        14.4     -0.9003
      -10.04       10.42
      0.3644      -14.52
       9.571       10.99
      -14.53      -1.643
       11.86       -8.63
      -2.926       14.42
       -7.61      -12.65
        14.2       4.203
      -13.36       6.516
       5.465      -13.87
       5.357       13.96
      -13.42      -6.699
       14.47      -4.142
      -7.896       12.87
      -2.879      -14.87
        12.2       9.046
      -15.16       1.577
       10.14      -11.44
       0.248       15.33
      -10.57      -11.17
       15.38         1.1
      -12.12       9.608
       2.455      -15.32
       8.562       12.99
      -15.13      -3.808
       13.77      -7.436
      -5.146       14.83
      -6.239      -14.45
        14.4       6.459
      -15.03        4.98
       7.737      -13.86
       3.668       15.49
      -13.21      -8.969
       15.84      -2.313
      -10.15       12.44
     -0.9241      -16.07
       11.57       11.26
      -16.18      -0.487
       12.29       -10.6
       -1.91       16.16
      -9.531      -13.24
       16.01       3.334
       -14.1       8.381
       4.746      -15.74
       7.154       14.85
      -15.35      -6.136
        15.5      -5.859
      -7.493       14.83
      -4.504      -16.04
       14.19       8.805
      -16.45         3.1
       10.06      -13.43
       1.658       16.74
      -12.56      -11.25
       16.91     -0.1889
      -12.37       11.59
       1.298      -16.94
       10.51        13.4
      -16.85      -2.788
       14.34      -9.348
       -4.27       16.62
      -8.097      -15.18
       16.26       5.734
       -15.9       6.772
       7.168      -15.77
       5.381       16.51
      -15.16       -8.56
          17      -3.935
      -9.899       14.42
      -2.444      -17.36
       13.56       11.17
      -17.58      0.9218
       12.37      -12.59
     -0.6218       17.68
      -11.51      -13.48
       17.63       2.175
       -14.5       10.33
       3.725      -17.45
       9.064       15.42
      -17.14       -5.26
       16.23      -7.715
      -6.767       16.69
      -6.294      -16.91
        16.1       8.236
      -17.47       4.813
       9.654      -15.38
        3.28        17.9
      -14.54      -11.01
        18.2      -1.709
      -12.29       13.58
      -0.112      -18.36
       12.51       13.49
      -18.37      -1.499
       14.59      -11.33
      -3.113       18.25
      -10.05      -15.59
       17.98       4.715
      -16.47       8.685
       6.295      -17.57
        7.24       17.24
      -17.02      -7.839
       17.88      -5.727
      -9.334       16.33
      -4.159      -18.39
       15.52       10.77
      -18.75       2.545
       12.13      -14.57
      0.8997       18.98
      -13.51      -13.41
