     -0.9631     -0.6986
       1.672     -0.1916
      -1.351       1.556
    -0.06318      -2.379
       1.849       1.913
      -2.909     -0.1777
       2.447      -1.981
     -0.4981       3.328
      -1.995       -2.96
       3.658      0.8801
      -3.453       1.911
       1.311      -3.908
       1.741       3.921
      -4.081      -1.779
       4.359      -1.495
      -2.276        4.18
       -1.18      -4.762
       4.205       2.793
      -5.124      0.8025
        3.32      -4.158
      0.3693        5.44
       -4.04       -3.85
       5.705      0.1127
      -4.375       3.852
       0.637      -5.915
       3.596       4.887
      -6.066      -1.197
       5.378      -3.273
      -1.785       6.154
      -2.889      -5.842
       6.177       2.395
      -6.271       2.445
       3.019      -6.132
       1.945        6.66
      -6.019      -3.649
       7.001      -1.395
      -4.279       5.837
     -0.7983      -7.291
       5.586         4.9
      -7.523      0.1619
       5.506      -5.266
     -0.5087       7.694
      -4.879      -6.088
         7.8       1.207
      -6.641       4.428
       1.927      -7.836
       3.914       7.157
      -7.802      -2.661
       7.629      -3.343
      -3.401       7.695
      -2.717      -8.051
       7.514       4.142
      -8.418       2.041
       4.874      -7.259
       1.321       8.724
       -6.93      -5.591
       8.965     -0.5636
      -6.284       6.528
      0.2265      -9.136
       6.055       6.948
      -9.234      -1.042
       7.574      -5.514
      -1.875       9.256
      -4.908      -8.156
       9.199       2.719
      -8.686       4.241
       3.567      -9.063
       3.518       9.159
      -8.845       -4.41
        9.57      -2.743
      -5.241       8.547
      -1.922      -9.911
       8.169       6.051
      -10.18       1.063
       6.834      -7.712
      0.1709       10.37
      -7.178      -7.581
       10.48       0.746
      -8.285       6.572
       1.681      -10.51
       5.896       8.939
      -10.45      -2.625
       9.536      -5.154
      -3.572        10.3
      -4.352      -10.07
       10.07       4.512
      -10.53       3.495
       5.437      -9.748
        2.59       10.92
       -9.34      -6.339
       11.23      -1.643
       -7.21       8.846
     -0.6622      -11.46
        8.27       8.042
      -11.59     -0.3454
       8.827      -7.615
      -1.372       11.64
      -6.885      -9.557
       11.59       2.408
      -10.22       6.084
       3.447      -11.45
       5.218       10.82
      -11.21      -4.478
       11.35      -4.293
      -5.494       10.88
      -3.316      -11.79
       10.46       6.486
      -12.15       2.293
       7.444      -9.944
       1.234       12.42
       -9.34      -8.361
       12.59     -0.1445
      -9.228        8.65
      0.9654      -12.67
       7.879       10.04
      -12.64      -2.087
       10.78      -7.031
      -3.212       12.52
      -6.113      -11.45
       12.29        4.33
      -12.04       5.132
       5.433      -11.97
       4.093       12.55
      -11.54      -6.512
       12.96      -3.004
      -7.556       11.01
      -1.875      -13.28
       10.39       8.557
       -13.5      0.7124
       9.506      -9.678
     -0.4738       13.61
      -8.878       -10.4
       13.62       1.674
      -11.22       7.994
        2.88      -13.52
       7.035       11.96
      -13.32      -4.081
       12.62      -6.006
      -5.268          13
      -4.915      -13.19
       12.58       6.431
      -13.67       3.769
       7.559      -12.05
       2.578       14.04
      -11.43      -8.644
       14.31       -1.35
      -9.676        10.7
    -0.09365      -14.47
       9.879       10.65
      -14.52       -1.18
       11.55       -8.97
      -2.462       14.46
      -7.979      -12.37
       14.28       3.741
       -13.1       6.912
       5.008      -13.99
       5.777       13.74
      -13.59      -6.252
       14.29      -4.582
      -7.463       13.07
      -3.336      -14.72
       12.44        8.63
      -15.05       2.049
       9.745      -11.71
      0.7293       15.27
      -10.88       -10.8
       15.36      0.6118
      -11.78       9.956
       1.964      -15.34
       8.941       12.68
       -15.2      -3.318
       13.49      -7.844
      -4.662       14.94
      -6.673      -14.21
       14.56       5.984
      -14.82       5.437
       7.275      -14.06
       4.143       15.32
      -13.44      -8.524
       15.72      -2.804
      -9.722       12.72
      -1.427      -15.99
       11.88       10.86
      -16.14     0.02363
       11.92      -10.95
      -1.395       16.17
      -9.918       -12.9
       16.07       2.819
      -13.79       8.799
       4.235      -15.84
       7.599       14.58
      -15.49      -5.634
       15.27      -6.328
      -7.003       15.02
      -4.995      -15.85
       14.42       8.332
      -16.31       3.609
       9.611      -13.71
        2.18       16.64
      -12.88      -10.83
       16.85     -0.7206
      -11.97       11.94
      0.7593      -16.94
       10.91       13.03
      -16.89      -2.249
          14      -9.772
      -3.735       16.71
      -8.552      -14.88
       16.39       5.206
      -15.64       7.253
       6.651      -15.95
       5.885       16.29
      -15.38      -8.059
       16.82      -4.459
      -9.416       14.69
      -2.984      -17.23
       13.87       10.71
      -17.51       1.473
       11.94      -12.94
    -0.06358       17.65
       -11.9      -13.09
       17.65       1.613
      -14.14       10.76
       3.165      -17.52
       9.525       15.09
      -17.26      -4.706
       15.94      -8.205
      -6.224       16.85
       -6.81      -16.67
       16.32       7.707
      -17.27        5.35
       9.143      -15.65
       3.835       17.75
      -14.85      -10.52
        18.1      -2.278
      -11.83       13.93
     -0.6897       -18.3
        12.9       13.06
      -18.37      -0.917
        14.2      -11.76
       -2.53        18.3
      -10.52      -15.23
       18.08       4.137
      -16.16       9.181
       5.725      -17.72
       7.765       16.97
      -17.22      -7.282
       17.66      -6.276
      -8.797       16.59
      -4.727      -18.21
       15.82       10.25
      -18.63        3.13
       11.64      -14.92
       1.495        18.9
       -13.9      -12.95
       19.04      0.1639
