        -1.1     -0.4539
      0.7133       1.524
      0.6167      -1.966
      -2.059       1.193
       2.599      0.5711
      -1.676      -2.384
     -0.4044       3.122
       2.573      -2.169
      -3.566     -0.1472
       2.667       2.654
     -0.1826      -3.942
      -2.641       3.165
       4.252     -0.5724
      -3.655      -2.542
       1.012       4.496
       2.366       -4.13
      -4.674       1.492
       4.583       2.117
      -2.003      -4.784
        -1.8       5.007
       4.826      -2.537
      -5.397      -1.422
       3.087       4.799
      0.9866      -5.745
      -4.703       3.643
       6.046      0.5001
      -4.199      -4.538
     0.03161       6.296
       4.304      -4.746
      -6.489      0.6024
       5.278       4.004
      -1.206      -6.622
      -3.639       5.785
       6.691      -1.835
      -6.263      -3.213
       2.483       6.693
       2.728      -6.704
      -6.627       3.142
       7.101       2.188
      -3.806      -6.492
      -1.598       7.449
       6.285      -4.467
      -7.743     -0.9633
       5.117       6.009
      0.2892      -7.976
      -5.663       5.749
       8.146     -0.4183
      -6.356      -5.249
       1.153       8.249
        4.77      -6.931
       -8.28       1.907
       7.466       4.228
      -2.675      -8.239
      -3.626       7.956
       8.122      -3.448
      -8.394       -2.97
        4.22        7.93
       2.265      -8.774
      -7.662       4.982
       9.091       1.514
      -5.728      -7.318
     -0.7253       9.341
       6.899      -6.449
      -9.518     0.09558
       7.138       6.408
     -0.9417       -9.62
      -5.848       7.788
       9.644      -1.806
      -8.392      -5.221
       2.681       9.587
       4.531      -8.943
      -9.448       3.559
       9.435       3.784
      -4.431      -9.226
      -2.985       9.863
       8.922      -5.291
      -10.22      -2.139
        6.13       8.535
       1.253       -10.5
      -8.068        6.94
        10.7      0.3343
      -7.714      -7.522
      0.6103       10.82
       6.902      -8.443
      -10.86       1.573
       9.121        6.21
      -2.545       -10.8
      -5.451        9.74
       10.66       -3.52
      -10.29       -4.63
       4.488       10.43
       3.753      -10.78
       -10.1       5.441
       11.18       2.827
      -6.371       -9.69
      -1.858       11.51
       9.191      -7.269
      -11.75     -0.8531
       8.128       8.608
     -0.1794       -11.9
      -7.943       8.938
       11.95      -1.231
      -9.693      -7.202
       2.293       11.92
       6.388      -10.38
      -11.78       3.358
       11.01       5.507
      -4.417      -11.55
      -4.566       11.55
       11.22      -5.459
      -12.02      -3.571
       6.478        10.8
       2.529      -12.39
      -10.28       7.463
       12.68       1.448
      -8.406      -9.673
      -0.337       12.87
       8.977      -9.298
      -12.96      0.7958
       10.13       8.198
      -1.941      -12.94
      -7.342        10.9
       12.83      -3.091
      -11.59      -6.412
       4.235       12.61
       5.417      -12.21
      -12.29       5.364
       12.73       4.363
      -6.468      -11.87
      -3.258       13.17
       11.34      -7.538
      -13.51      -2.111
       8.566       10.72
      0.9284      -13.74
         -10       9.541
       13.87     -0.2787
      -10.46      -9.199
       1.501        13.9
        8.31       -11.3
      -13.81       2.731
       12.07       7.342
      -3.955      -13.62
      -6.303       12.76
       13.31      -5.167
      -13.35      -5.199
       6.354        12.9
        4.04      -13.85
      -12.38       7.508
       14.24       2.832
      -8.619      -11.75
      -1.586       14.53
       11.02      -9.678
      -14.71     -0.3117
       10.67        10.2
     -0.9822      -14.78
      -9.289        11.6
       14.73      -2.286
      -12.45      -8.292
       3.588       14.57
       7.218      -13.21
      -14.29       4.878
       13.87       6.073
      -6.146      -13.89
      -4.867       14.44
       13.38      -7.382
       -14.9      -3.607
       8.576       12.76
       2.304      -15.25
      -12.04       9.716
       15.48      0.9682
      -10.79      -11.21
      0.3919        15.6
       10.28       -11.8
       -15.6       1.764
       12.73        9.26
      -3.139      -15.47
      -8.158       13.57
       15.22      -4.505
      -14.31       -6.98
       5.851       14.85
       5.734      -14.95
      -14.36       7.167
       15.47       4.429
      -8.441      -13.76
      -3.076       15.89
       13.04      -9.664
      -16.18      -1.684
       10.82       12.21
      0.2641      -16.36
      -11.27       11.91
        16.4      -1.173
      -12.92      -10.24
       2.616       16.32
       9.119      -13.84
      -16.11       4.054
       14.66       7.915
      -5.475      -15.78
      -6.637       15.37
       15.32      -6.868
      -15.97      -5.294
       8.222       14.73
       3.897      -16.46
      -14.02       9.525
       16.82       2.455
      -10.77       -13.2
     -0.9794       17.05
       12.27      -11.94
      -17.15      0.5174
       13.03       11.23
      -2.025      -17.12
       -10.1       14.03
       16.96      -3.531
      -14.93      -8.874
       5.023       16.67
       7.572      -15.72
      -16.24       6.491
        16.4       6.195
      -7.922      -15.68
       -4.76       16.95
          15      -9.305
      -17.38      -3.274
       10.63       14.19
        1.75      -17.68
      -13.26       11.88
       17.85      0.1983
      -13.05      -12.23
       1.369       17.87
       11.09      -14.13
      -17.76       2.939
       15.12       9.855
        -4.5      -17.51
      -8.532       15.99
       17.13       -6.04
      -16.75       -7.13
       7.547       16.61
       5.663      -17.38
      -15.95       9.008
       17.88       4.139
      -10.41      -15.16
      -2.571       18.25
       14.26      -11.75
      -18.48      -0.969
          13       13.23
     -0.6534      -18.57
      -12.09       14.17
       18.52      -2.284
      -15.23      -10.85
        3.91       18.32
       9.513      -16.19
      -17.98        5.52
       17.02       8.094
      -7.099       -17.5
      -6.601       17.74
       16.88      -8.636
      -18.32      -5.044
       10.12       16.13
