      0.0807       1.187
      -1.218      -1.161
        2.06     0.04051
      -1.786       1.573
      0.2847      -2.645
       1.727       2.347
      -3.088     -0.6092
       2.875       -1.75
     -0.9943       3.428
      -1.668      -3.373
       3.679       1.426
       -3.84       1.497
       1.895      -3.849
       1.248       4.273
      -3.941      -2.389
       4.668     -0.9301
        -2.9       3.957
     -0.5499      -5.018
       3.899        3.42
       -5.32       0.115
        3.94      -3.769
     -0.3678       5.569
      -3.569      -4.452
        5.76      0.8912
       -4.95       3.301
       1.448      -5.892
       2.967       5.424
      -5.959      -2.032
       5.869      -2.572
      -2.634       5.961
      -2.118      -6.277
       5.895       3.249
      -6.642       1.611
       3.867       -5.76
       1.055        6.96
      -5.557      -4.482
       7.223     -0.4548
      -5.086       5.284
      0.1835      -7.428
       4.945       5.673
      -7.571     -0.8532
       6.233      -4.539
      -1.549       7.647
       -4.07      -6.762
       7.654       2.262
      -7.251       3.541
       2.987      -7.591
       2.956       7.695
      -7.454      -3.716
       8.088      -2.319
      -4.441       7.244
      -1.635      -8.423
       6.961       5.155
      -8.696      0.9086
       5.852      -6.604
      0.1476       8.903
      -6.177      -6.522
       9.039      0.6425
       -7.16        5.68
       1.455      -9.101
       5.117       7.757
      -9.086      -2.282
       8.308      -4.491
      -3.117       8.994
      -3.806      -8.805
       8.822       3.952
      -9.243       3.068
       4.779      -8.569
       2.282       9.616
      -8.237       -5.59
        9.92      -1.452
      -6.378       7.826
      -0.588      -10.15
       7.338       7.135
       -10.3     -0.3063
       7.853      -6.776
      -1.222       10.37
      -6.143      -8.526
       10.35       2.151
      -9.145       5.442
       3.086      -10.25
        4.68       9.705
      -10.07       -4.02
        10.2      -3.859
      -4.943       9.793
      -2.988      -10.62
       9.432       5.848
      -10.97       2.071
       6.726      -8.986
       1.117       11.23
      -8.457       -7.57
       11.41     -0.1317
      -8.371       7.848
      0.8759       -11.5
       7.162       9.121
       -11.5      -1.898
       9.814      -6.403
      -2.926       11.41
      -5.577      -10.44
       11.22       3.952
         -11        4.69
       4.968      -10.94
       3.747       11.48
      -10.57      -5.963
       11.88      -2.755
       -6.93        10.1
      -1.722      -12.19
       9.546        7.86
       -12.4      0.6556
       8.744      -8.903
     -0.4353       12.53
      -8.178      -9.575
       12.55       1.543
      -10.34       7.375
       2.657      -12.48
       6.498       11.04
       -12.3      -3.771
       11.67      -5.555
      -4.874       12.03
      -4.552      -12.21
       11.65       5.956
      -12.67       3.495
        7.01      -11.18
       2.393       13.03
      -10.61      -8.025
        13.3      -1.255
      -8.993       9.946
    -0.08792      -13.46
       9.193       9.905
      -13.52      -1.098
       10.75      -8.356
      -2.293       13.48
       -7.44      -11.53
       13.32       3.489
      -12.23       6.452
       4.675      -13.06
       5.398       12.84
       -12.7      -5.842
       13.36      -4.286
       -6.98       12.23
      -3.123      -13.78
       11.65       8.079
       -14.1        1.92
       9.131      -10.98
      0.6845       14.31
      -10.21      -10.12
       14.41      0.5731
      -11.05       9.346
       1.844      -14.41
         8.4       11.91
      -14.28      -3.118
       12.68      -7.375
      -4.383       14.05
      -6.279      -13.36
        13.7       5.631
      -13.95       5.119
       6.851      -13.24
       3.905       14.44
      -12.67      -8.033
       14.82      -2.644
      -9.167          12
      -1.347      -15.08
       11.22       10.24
      -15.24     0.02324
       11.25      -10.34
      -1.318       15.27
      -9.374      -12.19
       15.19       2.664
      -13.04       8.322
       4.005      -14.99
       7.192        13.8
      -14.67      -5.331
       14.46      -5.992
      -6.631       14.23
      -4.733      -15.01
       13.67       7.895
      -15.46       3.422
       9.111         -13
       2.069       15.78
      -12.22      -10.27
       15.99     -0.6838
      -11.36       11.34
       0.721      -16.08
       10.36       12.38
      -16.04      -2.136
       13.31      -9.287
      -3.549       15.88
      -8.131      -14.14
       15.59        4.95
      -14.88         6.9
       6.327      -15.18
       5.602       15.51
      -14.64       -7.67
       16.02      -4.247
      -8.966       13.99
      -2.844      -16.41
       13.22       10.21
      -16.68       1.405
       11.38      -12.34
    -0.05959       16.83
      -11.35      -12.48
       16.84       1.538
      -13.49       10.27
       3.019      -16.72
       9.093       14.41
      -16.48      -4.492
       15.22      -7.836
      -5.944        16.1
      -6.507      -15.92
       15.59       7.363
      -16.51       5.114
        8.74      -14.96
       3.667       16.97
       -14.2      -10.06
       17.31      -2.181
      -11.32       13.33
     -0.6611      -17.51
       12.35        12.5
      -17.59     -0.8767
       13.59      -11.26
      -2.422       17.52
      -10.07      -14.59
       17.32       3.962
      -15.48       8.798
       5.486      -16.98
       7.444       16.26
      -16.51       -6.98
       16.93       -6.02
      -8.434       15.91
      -4.536      -17.47
       15.18       9.835
      -17.87       3.005
       11.17      -14.32
       1.436       18.14
      -13.34      -12.44
       18.28      0.1562
      -13.61       12.26
       1.761      -18.27
       11.07       14.69
      -18.12      -3.366
       15.67       -9.78
      -4.958       17.83
      -8.408      -16.53
        17.4       6.525
      -17.27       6.959
       8.054      -16.83
       5.444       17.89
      -16.13      -9.534
       18.37      -3.873
      -10.95        15.3
      -2.261      -18.71
       14.34        12.3
      -18.92      0.6191
       13.56      -13.26
      -1.041       18.97
      -12.07      -14.72
