      0.9247      0.7488
      -0.249      -1.664
      -1.152       1.709
       2.314     -0.5565
      -2.328      -1.288
      0.9268       2.763
       1.278      -2.877
      -3.085       1.345
       3.376       1.158
        -1.8      -3.304
     -0.9492        3.83
       3.433       -2.28
      -4.238     -0.6638
       2.778       3.479
      0.3123      -4.598
      -3.445       3.283
       4.905    -0.09672
      -3.789      -3.336
      0.5552       5.157
       3.154      -4.286
      -5.349       1.056
       4.767       2.902
       -1.59       -5.48
      -2.584       5.225
       5.547      -2.151
      -5.653      -2.204
       2.731       5.547
       1.765      -6.043
      -5.479       3.322
       6.391       1.273
      -3.916      -5.343
     -0.7328       6.691
       5.138      -4.507
      -6.936     -0.1495
       5.087       4.866
     -0.4708      -7.123
      -4.526       5.647
       7.248      -1.122
      -6.182      -4.122
       1.797       7.307
       3.656      -6.684
      -7.298       2.489
       7.146       3.131
      -3.191      -7.219
      -2.552       7.563
       7.067      -3.895
      -7.927      -1.922
       4.595       6.844
       1.248      -8.235
      -6.548       5.282
        8.48      0.5334
       -5.95      -6.181
      0.2141       8.659
       5.745      -6.591
      -8.768      0.9888
       7.198       5.241
      -1.783      -8.804
      -4.673       7.764
       8.764      -2.591
      -8.282      -4.044
       3.403       8.647
       3.359      -8.746
      -8.452       4.214
        9.15       2.623
      -5.014      -8.178
      -1.841       9.489
       7.826      -5.797
      -9.758      -1.019
       6.555       7.397
      0.1644      -9.953
      -6.893        7.28
       10.07     -0.7165
      -7.964      -6.318
       1.616       10.11
       5.673      -8.602
      -10.06       2.527
       9.185       4.964
      -3.442      -9.929
      -4.196       9.708
       9.712      -4.351
      -10.16      -3.373
       5.248        9.41
       2.502      -10.55
      -9.023       6.124
       10.85       1.589
      -6.971      -8.553
     -0.6405       11.08
       8.002      -7.781
      -11.22      0.3343
       8.546       7.374
      -1.329      -11.27
      -6.671        9.26
       11.23      -2.334
      -9.913      -5.899
       3.343        11.1
       5.063       -10.5
      -10.88       4.346
       11.02       4.168
      -5.335      -10.57
      -3.221       11.45
       10.16      -6.301
      -11.81      -2.229
       7.236       9.667
       1.199      -12.07
      -9.084       8.131
       12.25      0.1406
      -8.979      -8.418
      0.9396       12.33
       7.671      -9.771
      -12.31       2.032
        10.5       6.849
      -3.129       -12.2
      -5.958       11.16
       11.98      -4.221
      -11.74      -5.003
       5.298       11.67
       3.992      -12.24
      -11.26       6.352
       12.64       2.931
      -7.373      -10.75
       -1.83       12.96
       10.15      -8.354
      -13.18     -0.6956
       9.284       9.452
     -0.4628      -13.29
      -8.674       10.16
       13.31      -1.636
      -10.96      -7.814
       2.815       13.22
       6.879      -11.69
      -13.02       3.991
       12.34       5.875
      -5.153      -12.72
      -4.808       12.91
       12.31      -6.292
      -13.38      -3.689
       7.398        11.8
       2.524      -13.75
      -11.19       8.462
       14.02       1.322
      -9.476      -10.48
    -0.09173       14.18
       9.679      -10.43
      -14.23       1.156
       11.31       8.791
      -2.413      -14.17
      -7.821       12.12
          14      -3.667
      -12.85      -6.777
        4.91       13.72
       5.665      -13.48
      -13.33       6.131
       14.01       4.495
      -7.321      -12.82
      -3.273       14.45
       12.21      -8.469
      -14.77      -2.011
       9.565        11.5
      0.7159      -14.99
      -10.68        10.6
       15.09     -0.6007
      -11.56      -9.777
       1.929       15.07
       8.782      -12.45
      -14.93       3.259
       13.25       7.706
      -4.579      -14.68
      -6.557       13.96
       14.31       -5.88
      -14.56      -5.343
        7.15       13.82
       4.073      -15.06
      -13.22        8.38
       15.45       2.756
      -9.558      -12.51
      -1.403       15.72
       11.69      -10.68
      -15.87    -0.02324
       11.72       10.77
      -1.372       -15.9
      -9.757       12.69
       15.81      -2.773
      -13.57      -8.658
       4.167       15.59
       7.479      -14.35
      -15.25       5.544
       15.03       6.229
      -6.894      -14.79
      -4.917        15.6
        14.2      -8.204
      -16.06      -3.553
       9.463        13.5
       2.147      -16.39
      -12.69       10.66
        16.6      0.7097
      -11.79      -11.77
       0.748       16.68
       10.74      -12.84
      -16.64       2.215
        13.8       9.629
      -3.679      -16.46
      -8.427       14.66
       16.16       -5.13
      -15.42      -7.148
       6.556       15.72
       5.801      -16.06
      -15.16       7.944
       16.59       4.396
      -9.284      -14.48
      -2.943       16.99
       13.68      -10.56
      -17.26      -1.453
       11.78       12.76
    -0.06164      -17.41
      -11.74       12.91
       17.41      -1.592
      -13.95      -10.61
       3.122       17.29
       9.397      -14.89
      -17.03       4.643
       15.73       8.096
      -6.141      -16.63
       -6.72       16.45
        16.1      -7.606
      -17.05       -5.28
       9.024       15.44
       3.786      -17.52
      -14.66       10.39
       17.86       2.249
      -11.68      -13.76
      -0.682       18.07
       12.74      -12.89
      -18.14      0.9054
       14.02       11.61
      -2.498      -18.07
      -10.38       15.04
       17.86      -4.086
      -15.96      -9.068
       5.655        17.5
        7.67      -16.76
      -17.01       7.193
       17.44       6.201
      -8.689      -16.39
      -4.671       17.99
       15.63      -10.13
       -18.4      -3.093
        11.5       14.74
       1.477      -18.68
      -13.73        12.8
       18.81     -0.1619
      -14.01      -12.61
       1.813        18.8
       11.39      -15.12
      -18.64       3.464
       16.12       10.06
        -5.1      -18.34
