       1.144      0.3281
     -0.8792      -1.435
      -0.393       2.023
       1.913      -1.416
      -2.646      -0.277
       1.932       2.182
     0.05275      -3.148
      -2.315       2.443
       3.561     -0.2524
      -2.947      -2.339
      0.6222       3.897
        2.27       -3.44
      -4.161       1.044
       3.916       2.118
      -1.508      -4.354
      -1.889       4.368
       4.477      -2.005
      -4.791      -1.591
       2.525        4.53
       1.229      -5.177
      -4.512       3.061
       5.522      0.8095
      -3.604      -4.424
     -0.3378       5.819
       4.266      -4.146
      -6.064      0.1792
        4.68        4.04
     -0.7355      -6.253
      -3.747       5.198
       6.381      -1.324
      -5.692      -3.389
       1.939       6.445
        2.97      -6.156
      -6.444       2.571
       6.583       2.492
      -3.216      -6.374
      -1.961       6.967
       6.235      -3.863
      -7.301       -1.38
       4.508       6.025
       0.755      -7.581
      -5.746       5.142
       7.802     0.09144
      -5.757      -5.399
      0.6046       7.959
       4.985      -6.346
      -8.048       1.327
       6.903       4.506
      -2.068      -8.068
      -3.965        7.42
       8.015      -2.821
      -7.892      -3.366
       3.579       7.888
       2.714      -8.312
      -7.686       4.335
       8.673       2.013
       -5.08      -7.409
      -1.269       8.972
       7.056      -5.808
      -9.203     -0.4881
        6.51       6.631
     -0.3236      -9.363
      -6.135        7.18
       9.448      -1.159
       -7.81       -5.57
       2.011       9.455
        4.94      -8.393
      -9.382       2.873
       8.923        4.25
      -3.736      -9.227
      -3.502       9.394
       8.991      -4.593
      -9.799      -2.705
       5.435       8.673
       1.863      -10.13
      -8.274       6.256
       10.39      0.9826
      -7.046      -7.796
      -0.071       10.58
       7.241      -7.799
      -10.67      0.8646
       8.506       6.613
      -1.816      -10.69
      -5.915       9.162
       10.61      -2.777
      -9.758      -5.151
       3.737       10.45
       4.327      -10.29
       -10.2       4.689
       10.75        3.45
      -5.626      -9.858
      -2.525       11.13
        9.43      -6.537
      -11.43      -1.559
       7.415       8.917
      0.5591      -11.64
      -8.321       8.251
       11.77     -0.4658
      -9.039      -7.645
       1.508        11.8
       6.894       -9.77
      -11.74       2.559
       10.44       6.073
      -3.611      -11.58
      -5.186       11.03
       11.33      -4.654
      -11.55      -4.242
        5.68       10.98
       3.245      -11.99
      -10.54        6.68
       12.34       2.205
      -7.644      -10.01
      -1.127        12.6
       9.382      -8.565
      -12.76     -0.0218
       9.434       8.672
      -1.103      -12.82
      -7.881       10.24
       12.78      -2.239
      -10.99      -7.014
       3.376       12.65
       6.076      -11.65
       -12.4       4.506
       12.24       5.076
      -5.618      -12.06
      -4.018       12.74
       11.61      -6.704
      -13.14      -2.912
       7.754       11.07
       1.766      -13.45
      -10.43       8.759
       13.66      0.5873
      -9.711      -9.694
      0.6136       13.76
       8.874       -10.6
      -13.75       1.828
       11.42       7.972
      -3.045      -13.64
      -6.994       12.16
       13.42      -4.258
      -12.82      -5.946
       5.453       13.09
       4.837      -13.38
      -12.65       6.623
       13.85       3.674
      -7.756       -12.1
      -2.466       14.21
       11.46      -8.845
      -14.47      -1.222
       9.879       10.71
    -0.04821      -14.62
      -9.872       10.85
       14.66      -1.335
      -11.75      -8.944
       2.628       14.58
       7.934      -12.57
      -14.38       3.919
        13.3       6.849
      -5.194      -14.08
      -5.696       13.93
       13.65      -6.445
      -14.47      -4.484
       7.661       13.12
       3.222      -14.89
      -12.47       8.833
       15.21       1.919
      -9.949      -11.72
     -0.5854       15.41
       10.87         -11
      -15.49      0.7687
       11.98       9.928
      -2.134      -15.46
      -8.894       12.88
        15.3      -3.497
      -13.68      -7.779
       4.849       15.02
        6.59      -14.39
      -14.62       6.179
          15       5.336
      -7.475       -14.1
      -4.027       15.49
       13.47      -8.728
      -15.87      -2.672
       9.927       12.73
       1.281      -16.13
      -11.87       11.06
       16.27     -0.1351
      -12.12      -10.92
       1.566       16.28
        9.87       -13.1
      -16.17           3
       13.98       8.732
      -4.425      -15.93
      -7.515       14.77
       15.56       -5.83
      -15.45      -6.227
       7.205       15.07
       4.877      -16.02
      -14.45       8.538
       16.46       3.475
      -9.818      -13.72
      -2.033       16.79
       12.87      -11.03
      -16.98      -0.559
       12.18       11.91
     -0.9326      -17.05
      -10.86       13.24
       16.99      -2.431
       -14.2      -9.705
       3.926       16.79
       8.466      -15.07
      -16.46       5.404
       15.82        7.15
      -6.855         -16
      -5.766       16.47
       15.41      -8.267
      -16.99      -4.323
       9.626        14.7
       2.835      -17.38
      -13.86       10.92
       17.64       1.311
      -12.15      -12.91
      0.2375       17.77
       11.85      -13.29
      -17.76       1.798
       14.34       10.69
      -3.358      -17.61
      -9.439       15.29
       17.32      -4.906
      -16.12      -8.102
        6.43        16.9
        6.69      -16.84
      -16.34       7.918
       17.44       5.213
      -9.357      -15.66
      -3.685        17.9
       14.84      -10.74
      -18.23      -2.115
       12.04        13.9
       0.513      -18.43
      -12.85       13.27
       18.48      -1.102
       -14.4      -11.69
       2.727       18.38
       10.43      -15.43
      -18.15       4.339
       16.35       9.078
      -5.935      -17.77
      -7.645       17.15
       17.25      -7.496
      -17.82      -6.139
       9.012        16.6
       4.578      -18.36
      -15.81       10.47
       18.77       2.964
      -11.86      -14.89
