      0.9098     -0.7668
      -1.681    -0.06941
       1.461       1.454
     -0.1101      -2.377
      -1.704       2.043
       2.888     -0.3889
      -2.584      -1.798
      0.7389       3.283
       1.774      -3.097
      -3.584       1.144
       3.583       1.655
      -1.592      -3.802
      -1.452       4.037
       3.941      -2.072
      -4.456      -1.174
       2.575       4.003
      0.8303      -4.835
      -3.991       3.091
       5.169      0.4275
      -3.614      -3.905
     0.02738       5.452
       3.749      -4.134
      -5.682      0.5274
       4.644       3.523
      -1.066      -5.853
       -3.23       5.135
       5.962      -1.635
      -5.602      -2.874
       2.228       6.007
       2.456      -6.036
      -5.986       2.838
       6.432       1.982
      -3.457      -5.896
      -1.455       6.783
       5.738      -4.078
      -7.084     -0.8814
       4.692        5.51
      0.2658       -7.33
      -5.214       5.294
       7.515     -0.3859
      -5.874      -4.851
       1.067       7.637
       4.423      -6.427
      -7.691       1.772
       6.945       3.933
      -2.492      -7.675
      -3.383       7.422
       7.588      -3.221
      -7.852      -2.779
       3.952       7.427
       2.123      -8.227
      -7.193       4.677
       8.544       1.423
      -5.389      -6.885
     -0.6831       8.798
       6.505       -6.08
      -8.983     0.09021
       6.743       6.054
     -0.8905      -9.096
      -5.534        7.37
       9.134      -1.711
      -7.955      -4.949
       2.543       9.095
       4.302      -8.491
      -8.977       3.381
       8.972       3.598
      -4.217      -8.779
      -2.842       9.391
       8.501      -5.042
      -9.744      -2.039
       5.849       8.143
       1.196      -10.02
      -7.707        6.63
       10.23      0.3195
      -7.377      -7.194
       0.584       10.36
       6.608      -8.083
       -10.4       1.507
       8.742       5.952
      -2.441      -10.36
       -5.23       9.345
       10.23      -3.379
      -9.886      -4.446
       4.312       10.02
       3.608      -10.36
      -9.714       5.232
       10.76       2.719
      -6.132      -9.326
      -1.789       11.08
       8.854      -7.002
      -11.32     -0.8219
       7.835       8.298
     -0.1727      -11.47
      -7.663       8.623
       11.54      -1.188
      -9.358      -6.953
       2.215       11.51
       6.171      -10.03
      -11.39       3.245
       10.64       5.324
      -4.271      -11.17
      -4.417       11.18
       10.86      -5.283
      -11.63      -3.456
       6.272       10.46
       2.449         -12
       -9.96        7.23
       12.29       1.403
      -8.148      -9.376
     -0.3268       12.47
       8.707      -9.018
      -12.57       0.772
       9.833       7.956
      -1.884      -12.56
      -7.128       10.58
       12.46      -3.002
      -11.26      -6.229
       4.115       12.25
       5.264      -11.86
      -11.95       5.214
       12.38       4.242
       -6.29      -11.54
      -3.169       12.81
       11.03      -7.334
      -13.14      -2.054
       8.337       10.43
      0.9038      -13.38
      -9.741       9.291
       13.51     -0.2714
      -10.19      -8.961
       1.463       13.54
       8.098      -11.01
      -13.46       2.661
       11.77       7.157
      -3.857      -13.28
      -6.146       12.44
       12.98       -5.04
      -13.02      -5.072
         6.2       12.58
       3.942      -13.52
      -12.08       7.329
       13.91       2.765
      -8.416      -11.47
      -1.549       14.19
       10.77      -9.452
      -14.37     -0.3045
       10.43       9.968
     -0.9598      -14.44
      -9.079       11.34
        14.4      -2.234
      -12.17      -8.107
       3.508       14.24
       7.058      -12.91
      -13.97       4.771
       13.57        5.94
      -6.013      -13.59
      -4.761       14.13
        13.1      -7.224
      -14.58       -3.53
       8.394       12.49
       2.256      -14.93
      -11.78       9.513
       15.16       0.948
      -10.57      -10.97
      0.3839       15.28
       10.07      -11.56
      -15.28       1.729
       12.47       9.073
      -3.076      -15.16
      -7.995       13.29
       14.92      -4.415
      -14.02      -6.842
       5.736       14.56
       5.622      -14.65
      -14.08       7.028
       15.18       4.344
      -8.279      -13.49
      -3.018       15.58
       12.79       -9.48
      -15.88      -1.653
       10.62       11.98
      0.2592      -16.05
      -11.06       11.69
        16.1      -1.151
      -12.68      -10.05
       2.568       16.02
       8.953      -13.59
      -15.82       3.981
       14.39       7.772
      -5.377      -15.49
      -6.518        15.1
       15.04      -6.746
      -15.69      -5.201
       8.077       14.47
       3.829      -16.17
      -13.78       9.359
       16.52       2.412
      -10.58      -12.97
     -0.9636       16.76
       12.06      -11.73
      -16.86      0.5076
       12.81       11.04
       -1.99      -16.84
      -9.929       13.79
       16.68      -3.472
      -14.68      -8.727
       4.941       16.39
       7.446      -15.46
      -15.97       6.385
       16.13       6.095
      -7.794      -15.43
      -4.684       16.68
       14.75      -9.156
       -17.1      -3.223
       10.46       13.96
       1.722       -17.4
      -13.05        11.7
       17.57      0.1952
      -12.85      -12.04
       1.347        17.6
       10.92      -13.92
      -17.49       2.894
       14.88       9.702
      -4.432      -17.25
      -8.401       15.75
       16.87      -5.949
      -16.49      -7.024
       7.434       16.36
       5.579      -17.12
      -15.71       8.874
       17.62       4.079
      -10.26      -14.94
      -2.533       17.98
       14.05      -11.58
      -18.21     -0.9549
       12.81       13.04
     -0.6439      -18.31
      -11.92       13.96
       18.26      -2.251
      -15.01      -10.69
       3.855       18.06
       9.379      -15.96
      -17.73       5.442
       16.78       7.981
          -7      -17.26
       -6.51       17.49
       16.65      -8.516
      -18.06      -4.975
        9.98        15.9
        3.39       -18.5
      -15.03       11.38
       18.81       1.766
       -12.7      -14.03
     -0.1157       18.96
       12.92      -13.93
      -18.97       1.549
