      -1.069     -0.5223
      0.6158       1.566
      0.7393      -1.924
       -2.13       1.061
       2.557      0.7336
      -1.523      -2.485
     -0.6002        3.09
       2.705      -2.003
       -3.55     -0.3716
       2.495       2.817
     0.06612      -3.946
      -2.835       2.992
       4.279     -0.3035
      -3.487      -2.767
      0.7267       4.551
       2.621      -3.972
      -4.758       1.194
        4.44       2.401
      -1.697      -4.901
      -2.112       4.884
       4.976      -2.228
      -5.296      -1.759
       2.778       4.984
       1.346      -5.671
      -4.923        3.34
       6.003        0.88
      -3.905      -4.793
     -0.3649       6.285
       4.595      -4.466
      -6.514      0.1925
       5.015       4.329
     -0.7863      -6.685
      -3.997       5.545
       6.793       -1.41
      -6.048      -3.601
       2.056       6.836
       3.145      -6.519
      -6.812       2.718
       6.949       2.631
      -3.389      -6.719
      -2.064       7.334
       6.554      -4.062
      -7.666      -1.449
       4.728       6.319
      0.7909      -7.942
      -6.014       5.381
       8.156      0.0956
      -6.013      -5.639
      0.6309       8.305
       5.197      -6.616
      -8.384       1.382
       7.185        4.69
      -2.151      -8.391
       -4.12       7.712
       8.323       -2.93
       -8.19      -3.493
       3.712        8.18
       2.813      -8.614
       -7.96        4.49
       8.978       2.084
      -5.256      -7.664
      -1.312       9.276
       7.292      -6.002
      -9.505     -0.5041
        6.72       6.845
     -0.3339       -9.66
      -6.327       7.404
       9.739      -1.195
      -8.047      -5.739
       2.072       9.737
       5.085       -8.64
      -9.654       2.956
       9.178       4.371
      -3.841      -9.487
        -3.6       9.655
       9.237      -4.719
      -10.06      -2.778
        5.58       8.904
       1.912       -10.4
      -8.489       6.418
       10.66       1.008
      -7.224      -7.993
    -0.07278       10.84
        7.42      -7.991
      -10.93      0.8856
       8.712       6.772
       -1.86      -10.94
      -6.053       9.378
       10.86      -2.841
      -9.982      -5.269
       3.823       10.69
       4.425      -10.52
      -10.42       4.794
       10.98       3.526
      -5.748      -10.07
      -2.579       11.37
       9.631      -6.676
      -11.67      -1.591
       7.569       9.103
      0.5707      -11.88
      -8.491        8.42
       12.01     -0.4752
       -9.22      -7.798
       1.538       12.04
       7.029      -9.962
      -11.97       2.609
       10.64       6.189
       -3.68       -11.8
      -5.284       11.24
       11.54      -4.742
      -11.77       -4.32
       5.785       11.18
       3.304      -12.21
      -10.73         6.8
       12.56       2.244
       -7.78      -10.18
      -1.147       12.82
       9.545      -8.715
      -12.98    -0.02217
       9.596        8.82
      -1.122      -13.04
      -8.013       10.42
          13      -2.276
      -11.17       -7.13
       3.432       12.85
       6.175      -11.84
       -12.6       4.579
       12.43       5.157
      -5.708      -12.25
      -4.081       12.94
       11.79      -6.809
      -13.35      -2.957
       7.874       11.24
       1.792      -13.66
      -10.59       8.892
       13.86      0.5961
      -9.856      -9.839
      0.6227       13.96
       9.005      -10.76
      -13.96       1.855
       11.58       8.088
       -3.09      -13.84
      -7.094       12.33
       13.61      -4.318
         -13       -6.03
       5.529       13.27
       4.904      -13.57
      -12.82       6.714
       14.04       3.724
      -7.863      -12.27
      -2.499       14.41
       11.61      -8.964
      -14.67      -1.238
       10.01       10.85
    -0.04884      -14.81
         -10       10.99
       14.85      -1.353
       -11.9       -9.06
       2.663       14.76
       8.035      -12.73
      -14.57       3.968
       13.46       6.935
      -5.259      -14.25
      -5.767        14.1
       13.82      -6.525
      -14.64      -4.539
       7.755       13.28
       3.261      -15.07
      -12.62       8.939
       15.39       1.942
      -10.07      -11.86
     -0.5914       15.59
          11      -11.13
      -15.68      0.7786
       12.12       10.04
      -2.158      -15.64
      -8.996       13.02
       15.48      -3.537
      -13.84      -7.867
       4.904       15.19
       6.664      -14.55
      -14.79       6.248
       15.16       5.396
      -7.558      -14.26
      -4.071       15.66
       13.62      -8.824
      -16.04      -2.701
       10.03       12.86
       1.294      -16.31
         -12       11.18
       16.44     -0.1375
      -12.25      -11.03
       1.583       16.45
       9.973      -13.24
      -16.34       3.031
       14.13       8.823
      -4.471      -16.09
      -7.592       14.92
       15.72       -5.89
      -15.61       -6.29
       7.278       15.22
       4.926      -16.18
       -14.6       8.623
       16.63       3.509
      -9.915      -13.85
      -2.052       16.95
          13      -11.14
      -17.15     -0.5645
       12.29       12.03
     -0.9416      -17.22
      -10.96       13.36
       17.15      -2.455
      -14.34      -9.797
       3.963       16.95
       8.546      -15.21
      -16.61       5.456
       15.97       7.216
      -6.919      -16.15
      -5.819       16.62
       15.55      -8.343
      -17.14      -4.363
       9.714       14.83
       2.861      -17.54
      -13.99       11.02
        17.8       1.322
      -12.26      -13.03
      0.2397       17.92
       11.96      -13.41
      -17.91       1.814
       14.47       10.79
      -3.388      -17.76
      -9.522       15.42
       17.47       -4.95
      -16.26      -8.171
       6.486       17.05
       6.747      -16.99
      -16.48       7.986
       17.59       5.258
      -9.436      -15.79
      -3.716       18.05
       14.97      -10.83
      -18.39      -2.133
       12.14       14.02
      0.5173      -18.58
      -12.96       13.38
       18.63      -1.111
      -14.52      -11.79
       2.749       18.53
       10.52      -15.55
       -18.3       4.376
       16.48       9.149
      -5.983      -17.92
      -7.706       17.29
       17.39      -7.556
      -17.96      -6.188
       9.083       16.73
