      -1.059     -0.5431
      0.5851       1.578
      0.7768      -1.909
       -2.15       1.019
       2.543      0.7835
      -1.474      -2.514
     -0.6605       3.078
       2.743      -1.949
      -3.542     -0.4409
       2.439       2.865
      0.1432      -3.944
      -2.893       2.936
       4.284     -0.2198
      -3.432      -2.835
      0.6376       4.564
       2.698       -3.92
      -4.781       1.101
       4.393       2.488
      -1.601      -4.933
      -2.207       4.842
       5.019       -2.13
      -5.261      -1.862
        2.68       5.038
       1.457      -5.644
      -4.988       3.243
       5.984      0.9971
       -3.81      -4.869
     -0.4878       6.277
       4.681      -4.375
      -6.517     0.06504
       4.929       4.426
     -0.6554      -6.699
      -4.104       5.466
       6.819      -1.277
      -5.977      -3.718
       1.922       6.875
       3.271      -6.456
      -6.864       2.585
       6.896       2.766
      -3.258      -6.783
      -2.207       7.292
       6.632      -3.933
      -7.637      -1.599
       4.604       6.411
      0.9462      -7.925
      -6.118       5.262
       8.153       0.255
      -5.901      -5.756
      0.4684       8.316
       5.325      -6.514
      -8.409       1.218
       7.092       4.829
      -1.986      -8.431
       -4.27        7.63
       8.379      -2.767
       -8.12      -3.653
       3.551       8.251
       2.981      -8.557
      -8.047       4.333
       8.935       2.259
      -5.105      -7.765
      -1.493       9.249
       7.408      -5.858
      -9.494     -0.6898
       6.585       6.975
     -0.1452      -9.665
       -6.47       7.279
        9.76      -1.004
      -7.933      -5.895
       1.881       9.775
       5.253      -8.539
      -9.709       2.767
       9.091        4.55
      -3.655       -9.56
      -3.788       9.583
       9.328      -4.537
      -10.01      -2.974
       5.405       9.011
       2.115      -10.36
      -8.613       6.251
       10.64       1.216
      -7.067      -8.133
     -0.2845       10.84
       7.575      -7.845
      -10.95      0.6719
       8.577       6.941
      -1.646      -10.98
      -6.236       9.257
       10.91      -2.629
      -9.877      -5.464
       3.613       10.76
        4.63      -10.43
      -10.52       4.589
       10.91       3.739
       -5.55      -10.18
        -2.8       11.32
        9.76      -6.486
      -11.64      -1.819
        7.39       9.249
      0.8027      -11.87
      -8.654       8.252
       12.01     -0.2406
      -9.066      -7.977
       1.303       12.06
       7.223      -9.822
      -12.02       2.375
       10.51       6.397
      -3.449      -11.87
      -5.503       11.14
       11.63      -4.515
      -11.68      -4.549
       5.565        11.3
       3.542      -12.14
      -10.86       6.589
       12.51       2.489
      -7.579      -10.33
      -1.397       12.79
       9.714      -8.526
      -12.98     -0.2757
       9.422       9.006
      -0.867      -13.06
      -8.216       10.26
       13.04      -2.022
      -11.03      -7.346
       3.181       12.92
       6.405      -11.72
      -12.69       4.332
       12.33       5.399
      -5.467      -12.36
      -4.333       12.86
       11.92      -6.577
      -13.29      -3.217
       7.652       11.39
       2.059      -13.62
      -10.76       8.683
       13.85      0.8668
      -9.661      -10.03
      0.3498       13.97
       9.214      -10.58
      -13.99       1.582
       11.42       8.312
      -2.819       -13.9
      -7.333       12.19
       13.69      -4.051
      -12.88      -6.283
       5.269       13.38
       5.168      -13.47
      -12.95       6.462
       13.96       3.998
      -7.621      -12.42
       -2.78       14.35
       11.78      -8.735
      -14.64      -1.525
       9.796       11.05
      0.2405      -14.81
      -10.21       10.79
       14.87      -1.063
      -11.72      -9.291
       2.374       14.81
       8.282      -12.57
      -14.64       3.683
       13.32       7.196
       -4.98      -14.35
      -6.041       13.99
       13.95      -6.253
      -14.55      -4.824
       7.493       13.43
       3.555      -15.01
       -12.8        8.69
       15.35       2.242
      -9.833      -12.06
     -0.8959       15.58
       11.22      -10.91
      -15.69      0.4723
       11.92       10.28
      -1.853      -15.68
      -9.249       12.85
       15.54      -3.234
      -13.68      -8.136
       4.606       15.28
       6.947      -14.42
      -14.91       5.958
       15.06       5.691
      -7.277      -14.41
      -4.377       15.58
       13.79      -8.555
      -15.99      -3.014
       9.781       13.06
       1.612      -16.28
      -12.22       10.94
       16.44      0.1837
      -12.03      -11.27
       1.261       16.48
       10.23      -13.04
      -16.39       2.711
       13.95       9.097
      -4.155      -16.17
      -7.882       14.77
       15.83      -5.581
      -15.48      -6.594
       6.979       15.36
       5.241      -16.08
      -14.76       8.336
       16.56       3.833
      -9.642      -14.04
      -2.383       16.91
       13.21      -10.89
      -17.14     -0.8994
       12.06       12.27
     -0.6051      -17.23
      -11.22       13.15
       17.19      -2.119
      -14.14      -10.08
       3.631       17.02
       8.842      -15.04
      -16.72       5.131
       15.83       7.527
      -6.603      -16.28
      -6.142        16.5
       15.71      -8.037
      -17.05      -4.697
       9.423       15.02
       3.203      -17.48
       -14.2       10.75
       17.77        1.67
         -12      -13.26
     -0.1105       17.93
       12.22      -13.17
      -17.95       1.464
       14.25       11.07
       -3.04      -17.83
      -9.821       15.23
       17.57      -4.608
       -16.1      -8.487
       6.152       17.17
       7.077      -16.85
      -16.64       7.662
       17.48         5.6
      -9.126      -15.97
      -4.068       17.98
       15.18      -10.53
      -18.34      -2.491
       11.87       14.26
      0.8812      -18.56
      -13.22       13.12
       18.65     -0.7483
      -14.28      -12.07
       2.386       18.58
       10.82      -15.35
      -18.38       4.018
        16.3       9.471
      -5.632      -18.03
      -8.041       17.13
       17.54      -7.215
      -17.84      -6.538
       8.755        16.9
