      0.8533      0.8292
      -1.682     -0.0495
        1.56      -1.347
     -0.2777       2.363
      -1.556      -2.158
       2.854      0.5919
      -2.705       1.611
      0.9689      -3.223
       1.551       3.215
      -3.495      -1.394
        3.69      -1.398
      -1.856        3.68
      -1.163      -4.129
       3.784       2.345
      -4.528      0.8563
       2.851      -3.811
      0.4867       4.882
      -3.762      -3.366
       5.186    -0.06141
      -3.881       3.641
      0.4123      -5.437
       3.448       4.388
       -5.63     -0.9273
       4.881      -3.186
      -1.477       5.763
       -2.86      -5.351
       5.832       2.052
      -5.791       2.471
       2.647      -5.835
       2.024       6.195
       -5.77      -3.254
       6.556      -1.523
      -3.865       5.637
     -0.9726      -6.869
       5.436       4.473
      -7.129       0.379
        5.07      -5.165
     -0.2525        7.33
      -4.827      -5.649
       7.469      0.9155
      -6.202       4.424
       1.604      -7.542
       3.958       6.724
      -7.547      -2.311
       7.206      -3.432
      -3.028        7.48
      -2.851      -7.643
       7.341       3.749
      -8.028       2.217
       4.467       -7.13
       1.537       8.357
      -6.845      -5.174
       8.624     -0.8163
      -5.862       6.487
    -0.06032      -8.824
       6.059       6.525
      -8.954     -0.7242
       7.154      -5.562
      -1.531        9.01
      -4.999      -7.743
        8.99       2.352
      -8.285       4.374
       3.179      -8.893
       3.691       8.774
      -8.716      -4.007
       9.203      -2.955
      -4.826       8.459
      -2.172      -9.568
       8.124       5.629
      -9.863       1.346
       6.409      -7.709
      0.4855       10.08
      -7.219      -7.158
       10.23      0.4035
      -7.867       6.655
       1.314      -10.29
        6.02        8.53
      -10.27      -2.238
        9.14      -5.319
      -3.166       10.16
      -4.556      -9.691
       9.967       4.093
      -10.18       3.737
       5.008      -9.687
       2.867       10.59
       -9.32      -5.906
       10.92      -1.953
      -6.775        8.87
      -1.002      -11.18
       8.337        7.61
      -11.35     0.02008
       8.402      -7.724
     -0.9829       11.43
      -7.035      -9.142
       11.42           2
      -9.825       6.274
       3.022      -11.32
       5.447       10.44
      -11.13      -4.041
       10.99      -4.559
      -5.049       10.84
      -3.617      -11.46
       10.46       6.037
      -11.85       2.626
       6.995      -9.986
       1.596       12.15
      -9.425      -7.916
       12.35      -0.532
       -8.79       8.777
      0.5552      -12.47
       8.048       9.611
      -12.48      -1.658
       10.37      -7.241
      -2.767        12.4
      -6.363      -11.06
       12.22       3.874
      -11.67       5.418
        4.97      -11.93
       4.414       12.21
      -11.55      -6.045
       12.65      -3.358
       -7.09       11.07
      -2.257         -13
       10.49       8.095
      -13.26        1.12
       9.054      -9.819
    -0.04339       13.41
      -9.061      -9.955
       13.46       1.225
      -10.79       8.219
       2.415       -13.4
         7.3       11.56
      -13.24      -3.606
       12.24      -6.309
      -4.785       12.97
      -5.253      -12.84
       12.59       5.944
      -13.35        4.14
       7.074      -12.11
       2.977       13.76
      -11.53      -8.164
       14.07      -1.776
      -9.205       10.85
     -0.5429      -14.27
       10.07       10.19
      -14.36     -0.7115
       11.11      -9.206
      -1.978       14.34
      -8.256      -11.95
       14.21       3.246
      -12.71       7.227
       4.505      -13.96
       6.129       13.38
       -13.6      -5.746
       13.96      -4.968
      -6.958       13.13
      -3.752      -14.43
       12.55       8.131
      -14.79       2.491
       9.255      -11.87
       1.196       15.05
      -11.08      -10.32
       15.19      0.1252
      -11.32        10.2
       1.463      -15.21
       9.227       12.24
      -15.12      -2.804
       13.08       -8.17
      -4.139        14.9
      -7.037      -13.83
       14.57       5.459
      -14.47       5.834
       6.751      -14.12
       4.573       15.01
      -13.55      -8.005
       15.44      -3.261
      -9.211       12.87
      -1.909      -15.76
       12.09       10.36
      -15.95      0.5271
       11.44       -11.2
     -0.8756       16.03
      -10.21      -12.44
       15.98       2.286
      -13.36       9.132
       3.694       -15.8
       7.972       14.18
       -15.5      -5.088
       14.91      -6.736
      -6.458       15.08
      -5.436      -15.52
       14.53       7.792
      -16.02       4.079
       9.079      -13.86
       2.677        16.4
      -13.08      -10.31
       16.65      -1.238
      -11.47       12.19
      0.2234      -16.78
        11.2       12.56
      -16.78      -1.698
       13.56      -10.11
      -3.175       16.65
       -8.93      -14.46
       16.39       4.641
      -15.26       7.669
       6.086         -16
       6.336       15.95
      -15.48      -7.497
       16.52      -4.941
      -8.864       14.84
      -3.494      -16.97
       14.07       10.18
      -17.29       2.006
       11.42      -13.19
      0.4888       17.48
       -12.2      -12.59
       17.54       1.046
      -13.67        11.1
       2.587      -17.46
       9.906       14.65
      -17.24      -4.122
       15.53      -8.628
      -5.639       16.89
      -7.267       -16.3
       16.41       7.126
      -16.95       5.842
        8.57      -15.79
       4.355       17.47
      -15.05      -9.961
       17.86      -2.825
      -11.29       14.18
      -1.256      -18.12
       13.19       12.54
      -18.24      -0.334
        13.7       -12.1
      -1.935       18.21
       -10.9      -14.77
       18.05       3.535
      -15.73       9.606
       5.121      -17.75
        8.23       16.58
       -17.3      -6.681
       17.31      -6.775
      -8.201       16.72
      -5.259      -17.91
          16       9.671
      -18.37       3.686
       11.08      -15.16
       2.074        18.7
      -14.19      -12.41
       18.88     -0.4335
      -13.66        13.1
       1.224      -18.92
        11.9       14.81
      -18.82      -2.885
