     -0.9767      0.6795
      0.3695      -1.642
       1.024       1.788
      -2.267     -0.7235
       2.415      -1.116
      -1.125       2.688
      -1.065      -2.962
       2.979       1.566
      -3.452      0.9094
       2.035      -3.165
      0.6679       3.889
      -3.258      -2.524
       4.275     -0.3536
      -3.024       3.268
     0.02314      -4.608
       3.197       3.525
      -4.885     -0.4535
       4.022      -3.051
     -0.9291       5.102
      -2.833      -4.504
       5.258       1.442
      -4.966       2.547
       1.985       -5.35
       2.197       5.399
      -5.376      -2.549
       5.798      -1.786
      -3.127       5.333
      -1.321      -6.156
       5.223       3.712
      -6.467      0.8046
       4.295      -5.044
      0.2439       6.726
      -4.797      -4.869
       6.929      0.3558
      -5.427       4.482
       0.988       -7.07
       4.103       5.962
      -7.147      -1.646
       6.466      -3.661
      -2.324       7.157
       -3.16      -6.932
       7.098       3.013
      -7.355       2.603
       3.708      -6.967
       1.995       7.728
      -6.765      -4.399
       8.046       -1.34
      -5.081       6.491
     -0.6449      -8.304
       6.146       5.745
      -8.497    -0.08533
       6.384      -5.732
     -0.8439       8.621
       -5.25      -6.992
       8.673       1.624
       -7.56       4.703
       2.419      -8.651
       4.095       8.083
      -8.553      -3.221
       8.554      -3.431
      -4.023       8.377
      -2.714      -8.967
       8.123       4.817
      -9.317        1.95
       5.596      -7.791
       1.145       9.598
      -7.383      -6.351
       9.807     -0.3063
      -7.076         6.9
      0.5604      -9.939
       6.345       7.762
      -9.992      -1.447
       8.403      -5.721
      -2.347       9.962
      -5.032      -8.992
       9.849       3.253
      -9.522       4.283
       4.155      -9.652
       3.478       9.987
       -9.37      -5.046
       10.38      -2.624
      -5.919       9.003
      -1.727       -10.7
       8.553       6.764
      -10.94      0.7945
       7.575      -8.023
     -0.1673        11.1
      -7.415      -8.343
       11.17        1.15
       -9.06       6.732
       2.145      -11.15
       5.979       9.721
      -11.03      -3.146
       10.32      -5.162
      -4.142       10.83
      -4.285      -10.84
       10.54       5.127
      -11.29       3.355
        6.09      -10.15
       2.379       11.66
      -9.677      -7.024
       11.94      -1.364
      -7.921       9.115
     -0.3177      -12.13
       8.468       8.771
      -12.23     -0.7511
       9.568      -7.742
      -1.835       12.23
      -6.939       -10.3
       12.13       2.923
      -10.97       6.067
       4.009      -11.94
        5.13       11.56
      -11.64      -5.082
       12.07      -4.136
      -6.133       11.25
      -3.091      -12.49
       10.76       7.155
      -12.82       2.004
       8.136      -10.18
      0.8822       13.06
       -9.51       -9.07
       13.19       0.265
      -9.948       8.751
       1.429      -13.23
       7.911       10.76
      -13.15      -2.601
        11.5      -6.995
       -3.77       12.98
      -6.009      -12.16
        12.7       4.928
      -12.74       4.961
       6.065      -12.31
       3.857       13.22
      -11.82      -7.171
       13.61      -2.706
      -8.237       11.23
      -1.517      -13.89
       10.54       9.254
      -14.08      0.2978
       10.21      -9.762
     -0.9406       14.15
      -8.894      -11.11
       14.11       2.189
      -11.92       7.944
       3.438      -13.96
       6.918       12.66
       -13.7      -4.677
        13.3      -5.824
      -5.896       13.33
      -4.669      -13.86
       12.84       7.086
       -14.3       3.463
       8.235      -12.26
       2.213       14.65
      -11.56      -9.335
       14.88     -0.9299
      -10.38       10.77
      0.3768         -15
       9.884       11.35
         -15      -1.697
       12.25      -8.909
      -3.021       14.89
      -7.853      -13.06
       14.66       4.338
      -13.78       6.721
       5.636      -14.31
       5.524        14.4
      -13.84      -6.906
       14.91      -4.269
      -8.137       13.26
      -2.966      -15.32
       12.57        9.32
      -15.61       1.624
       10.44      -11.78
      0.2548       15.78
      -10.88       -11.5
       15.83       1.132
      -12.48       9.888
       2.526      -15.76
       8.808       13.37
      -15.57      -3.917
       14.16      -7.648
      -5.292       15.25
      -6.415      -14.86
       14.81        6.64
      -15.44       5.119
       7.952      -14.24
       3.769       15.92
      -13.57      -9.215
       16.27      -2.375
      -10.42       12.78
      -0.949       -16.5
       11.88       11.56
      -16.61        -0.5
       12.62      -10.88
      -1.961       16.58
      -9.781      -13.59
       16.43       3.421
      -14.46       8.599
       4.868      -16.15
       7.338       15.24
      -15.74      -6.293
        15.9      -6.008
      -7.682       15.21
      -4.617      -16.44
       14.55       9.026
      -16.86       3.178
       10.31      -13.77
       1.699       17.16
      -12.87      -11.53
       17.32     -0.1935
      -12.67       11.87
       1.328      -17.35
       10.77       13.73
      -17.25      -2.854
       14.68      -9.571
      -4.372       17.01
      -8.289      -15.53
       16.64       5.869
      -16.27        6.93
       7.335      -16.14
       5.506       16.89
      -15.51      -8.757
       17.39      -4.026
      -10.12       14.75
      -2.501      -17.75
       13.87       11.42
      -17.98      0.9437
       12.65      -12.87
     -0.6346       18.07
      -11.77      -13.78
       18.03       2.223
      -14.82       10.56
       3.806      -17.84
       9.262       15.76
      -17.51      -5.374
       16.58      -7.882
      -6.913       17.05
       -6.43      -17.27
       16.44       8.412
      -17.84       4.915
       9.858      -15.71
        3.35       18.28
      -14.85      -11.24
       18.58      -1.746
      -12.55       13.87
     -0.1144      -18.74
       12.77       13.77
      -18.75       -1.53
       14.89      -11.56
      -3.176       18.62
      -10.26      -15.91
       18.34       4.811
      -16.81        8.86
       6.421      -17.92
