     -0.4724       1.092
       1.536     -0.6875
      -1.956     -0.6497
       1.158       2.079
      0.6147      -2.589
      -2.412       1.636
       3.115      0.4568
      -2.125      -2.609
     -0.2071       3.563
       2.698      -2.622
      -3.944      0.1163
        3.12       2.693
     -0.5009      -4.261
      -2.603       3.611
       4.512     -0.9361
      -4.089      -2.435
       1.413       4.698
       2.194      -4.546
      -4.817       1.922
       4.976       1.884
      -2.456      -4.868
      -1.513       5.372
       4.851      -3.005
      -5.727      -1.083
       3.564       4.764
      0.6016      -6.037
      -4.608       4.122
       6.296     0.07417
      -4.673      -4.384
      0.4932       6.498
       4.092      -5.209
      -6.641       1.094
       5.723       3.736
      -1.722      -6.721
      -3.318       6.208
       6.734       -2.37
      -6.657       -2.84
        3.03       6.679
       2.307      -7.063
      -6.555       3.697
       7.421       1.723
      -4.361       -6.36
      -1.093       7.725
       6.094      -5.015
       -7.97     -0.4232
       5.653       5.759
     -0.2813      -8.152
      -5.355       6.267
       8.267      -1.014
      -6.849      -4.886
       1.768       8.311
       4.353      -7.394
      -8.283       2.536
       7.894        3.76
      -3.311      -8.179
      -3.111       8.342
           8      -4.086
      -8.734      -2.412
       4.853       7.744
       1.667      -9.064
      -7.413       5.604
       9.327      0.8823
      -6.332      -7.007
    -0.06449       9.518
       6.528      -7.029
      -9.635      0.7798
       7.689       5.978
      -1.644      -9.673
      -5.361       8.303
       9.631       -2.52
      -8.866      -4.681
         3.4       9.506
       3.942       -9.37
      -9.299       4.276
       9.811        3.15
      -5.141      -9.009
       -2.31       10.18
       8.637      -5.986
      -10.48      -1.429
       6.804       8.183
      0.5142       -10.7
      -7.651       7.586
       10.83      -0.428
      -8.326      -7.043
        1.39       10.88
       6.363      -9.015
      -10.84       2.364
       9.647       5.614
       -3.34      -10.72
      -4.803       10.21
        10.5      -4.312
      -10.71      -3.934
       5.271       10.19
       3.014      -11.13
      -9.796       6.207
       11.48       2.051
      -7.113      -9.312
      -1.051       11.73
       8.744      -7.981
       -11.9    -0.02105
       8.803       8.093
       -1.03      -11.97
      -7.364        9.57
       11.95      -2.093
      -10.28      -6.562
        3.16       11.84
       5.692      -10.91
      -11.62       4.222
       11.47       4.759
       -5.27      -11.31
      -3.772       11.95
       10.91      -6.295
      -12.35      -2.737
       7.289       10.41
       1.661      -12.65
      -9.813       8.242
       12.86      0.5529
      -9.146      -9.133
      0.5782       12.97
       8.368      -9.993
      -12.97       1.724
       10.77       7.524
      -2.875      -12.88
      -6.606       11.48
       12.68      -4.022
      -12.12      -5.622
       5.156       12.38
       4.577      -12.66
      -11.97       6.267
       13.11       3.479
      -7.346      -11.47
      -2.338       13.47
       10.86      -8.384
      -13.72      -1.159
       9.371       10.16
    -0.04575      -13.88
      -9.374        10.3
       13.92      -1.268
      -11.16      -8.499
       2.498       13.85
       7.544      -11.95
      -13.68       3.726
       12.65       6.516
      -4.942       -13.4
      -5.423       13.26
          13      -6.136
      -13.78      -4.272
       7.299        12.5
       3.071       -14.2
      -11.89        8.42
       14.51        1.83
       -9.49      -11.19
     -0.5587       14.71
       10.38       -10.5
       -14.8       0.734
       11.44       9.483
      -2.038      -14.77
        -8.5       12.31
       14.63      -3.342
      -13.08      -7.439
       4.637       14.37
       6.305      -13.77
      -13.99       5.912
       14.36       5.109
      -7.156       -13.5
      -3.857       14.84
       12.91      -8.359
      -15.21       -2.56
       9.512        12.2
       1.228      -15.46
      -11.39        10.6
        15.6     -0.1296
      -11.63      -10.48
       1.502       15.62
       9.473      -12.57
      -15.52       2.878
       13.43       8.385
      -4.248       -15.3
       -7.22       14.19
       14.95        -5.6
      -14.85      -5.984
       6.924       14.48
       4.689       -15.4
       -13.9       8.208
       15.83       3.343
      -9.443       -13.2
      -1.956       16.15
       12.39      -10.62
      -16.35     -0.5391
       11.72       11.47
      -0.897      -16.42
      -10.46       12.75
       16.36      -2.341
      -13.68      -9.351
       3.782       16.18
       8.161      -14.52
      -15.87       5.209
       15.26       6.894
      -6.609      -15.43
      -5.561       15.88
       14.87      -7.973
      -16.39      -4.172
       9.288       14.18
       2.737      -16.77
      -13.38       10.54
       17.03       1.266
      -11.73      -12.47
      0.2284       17.16
       11.45      -12.84
      -17.15       1.736
       13.85       10.33
      -3.244      -17.02
      -9.124       14.78
       16.75      -4.742
      -15.59      -7.834
       6.218       16.34
        6.47      -16.29
      -15.81       7.658
       16.87       5.045
      -9.052      -15.15
      -3.567       17.32
       14.36      -10.39
      -17.65      -2.048
       11.66       13.46
      0.4989      -17.84
      -12.45       12.85
       17.89      -1.067
      -13.95      -11.33
       2.639       17.81
       10.11      -14.95
      -17.59       4.205
       15.84         8.8
      -5.753      -17.23
      -7.411       16.62
       16.73      -7.266
      -17.28      -5.955
        8.74        16.1
        4.44      -17.81
      -15.34       10.15
       18.21       2.878
      -11.51      -14.45
       -1.28       18.47
       13.45      -12.78
      -18.58      0.3404
       13.96       12.33
      -1.972      -18.56
       -11.1       15.05
       18.39      -3.603
      -16.02      -9.784
       5.216       18.08
       8.379      -16.89
      -17.62       6.805
       17.62       6.898
       -8.35      -17.03
      -5.352       18.23
       16.29      -9.847
