      0.7533      -0.921
      -1.665      0.2409
       1.703        1.16
     -0.5452      -2.316
        -1.3       2.321
       2.768     -0.9132
      -2.871      -1.292
        1.33       3.091
       1.175      -3.371
      -3.313       1.783
       3.826      0.9679
      -2.263      -3.445
     -0.6846       4.235
       3.493      -2.761
      -4.596     -0.3348
       3.267       3.461
    -0.07277      -4.905
      -3.354       3.772
       5.159       -0.53
       -4.27      -3.175
       1.029       5.354
       2.925      -4.753
      -5.488       1.563
       5.212        2.61
      -2.124      -5.557
      -2.231       5.642
        5.56      -2.703
      -6.035      -1.795
       3.295       5.495
       1.305      -6.385
      -5.362        3.89
       6.687      0.7654
      -4.482       -5.16
     -0.1834       6.935
        4.89      -5.063
      -7.126       0.436
       5.625       4.554
      -1.086      -7.254
      -4.152       6.162
       7.316      -1.761
      -6.666      -3.689
       2.453        7.31
       3.166      -7.131
      -7.234       3.155
        7.55       2.589
      -3.861      -7.086
      -1.961       7.918
       6.866      -4.562
      -8.229      -1.288
        5.25       6.574
      0.5748      -8.478
       -6.21        5.92
        8.66     -0.1718
      -6.563      -5.777
      0.9457       8.773
       5.276      -7.172
      -8.813        1.74
       7.741       4.711
      -2.547      -8.777
      -4.085       8.262
       8.664      -3.361
      -8.729      -3.402
       4.172       8.472
       2.667      -9.137
      -8.202       4.974
        9.48       1.887
      -5.759      -7.854
      -1.067       9.753
       7.429      -6.518
      -9.953     -0.2133
       7.246       6.929
      -0.667      -10.07
      -6.357       7.933
       10.11      -1.566
      -8.574      -5.715
       2.478       10.07
       5.009       -9.16
      -9.945       3.393
       9.687       4.243
      -4.304      -9.733
      -3.422       10.15
       9.435      -5.202
      -10.53      -2.553
        6.08       9.053
       1.642      -10.85
      -8.587       6.929
       11.08      0.6953
      -7.742       -8.04
      0.2789       11.22
       7.416       -8.51
      -11.28       1.273
       9.227       6.716
      -2.279      -11.25
      -5.947       9.885
       11.12      -3.289
      -10.48      -5.114
       4.293        10.9
       4.222         -11
      -10.59       5.283
       11.44       3.277
      -6.251      -10.19
      -2.287        11.8
       9.702      -7.189
      -12.07      -1.259
       8.087       9.124
      0.2011      -12.25
      -8.462       8.938
       12.33     -0.8794
      -9.733      -7.718
       1.972       12.32
         6.9      -10.47
      -12.21        3.07
       11.13       6.012
      -4.162         -12
      -5.061       11.71
       11.69      -5.241
      -12.22      -4.052
       6.297       11.29
       2.994      -12.63
      -10.78       7.321
       12.95       1.894
      -8.304      -10.19
     -0.7608       13.17
       9.498      -9.238
       -13.3      0.3979
       10.11       8.723
      -1.571      -13.32
      -7.867       10.92
       13.23      -2.751
      -11.66      -6.936
       3.927       13.04
       5.935      -12.31
      -12.74        5.09
       12.88       4.872
      -6.231      -12.34
      -3.755       13.36
       11.84       -7.34
      -13.73      -2.592
       8.407       11.23
        1.39      -14.01
      -10.53       9.425
       14.18       0.161
      -10.38       -9.73
       1.087       14.24
       8.846      -11.27
      -14.18       2.343
       12.08        7.88
      -3.599      -14.02
       -6.84       12.81
       13.74      -4.843
      -13.45      -5.732
       6.066       13.36
       4.564      -13.99
      -12.86       7.258
       14.43       3.345
      -8.409      -12.25
      -2.083       14.76
       11.54      -9.509
      -14.98     -0.7891
       10.55       10.74
     -0.5271      -15.09
      -9.834       11.52
       15.08      -1.856
      -12.41      -8.843
       3.186       14.95
       7.771      -13.21
       -14.7       4.508
       13.93       6.626
       -5.81      -14.34
      -5.415       14.54
       13.85      -7.083
      -15.04      -4.147
       8.316       13.26
       2.832      -15.44
      -12.55       9.497
       15.72        1.48
      -10.62      -11.74
     -0.1008       15.87
       10.83      -11.67
      -15.91       1.295
       12.64        9.82
      -2.696      -15.82
      -8.725       13.53
       15.61      -4.091
      -14.31       -7.55
        5.47       15.28
       6.303         -15
      -14.82       6.822
       15.58       4.994
      -8.134      -14.24
      -3.632       16.04
       13.55      -9.397
      -16.38      -2.227
        10.6       12.74
      0.7908       -16.6
      -11.82       11.73
       16.69     -0.6666
      -12.79      -10.81
       2.134       16.65
       9.697      -13.75
      -16.48       3.599
       14.62         8.5
      -5.051      -16.18
      -7.224       15.38
       15.76      -6.479
      -16.03       -5.88
        7.87        15.2
       4.477      -16.57
      -14.53       9.213
       16.97       3.026
       -10.5      -13.73
      -1.538       17.26
       12.82      -11.71
      -17.41    -0.02336
       12.85        11.8
      -1.506      -17.42
      -10.68        13.9
        17.3      -3.038
      -14.84       -9.47
        4.56       17.05
       8.173      -15.69
      -16.66        6.06
       16.41         6.8
      -7.527      -16.14
      -5.363       17.02
       15.49      -8.949
       -17.5      -3.872
       10.31       14.71
       2.337      -17.85
      -13.81       11.61
       18.07      0.7703
      -12.83       -12.8
      0.8168       18.14
       11.68      -13.96
      -18.08        2.41
       14.99       10.46
      -3.999      -17.88
      -9.145       15.92
       17.53      -5.569
      -16.72      -7.751
        7.11       17.05
       6.286      -17.41
      -16.43       8.609
       17.97       4.759
      -10.05      -15.68
      -3.183       18.39
        14.8      -11.43
      -18.67      -1.569
       12.73        13.8
    -0.07007      -18.81
      -12.68       13.95
       18.81      -1.721
      -15.06      -11.46
       3.372       18.66
       10.14      -16.07
      -18.37       5.011
