      -1.151     -0.3031
      0.9102       1.415
      0.3488      -2.031
      -1.881       1.457
       2.651      0.2193
      -1.979      -2.139
     0.01581       3.148
       2.261      -2.493
      -3.554      0.3299
       2.997       2.274
     -0.7069      -3.882
      -2.195       3.489
       4.137      -1.135
      -3.961      -2.032
       1.603       4.321
       1.794      -4.408
      -4.433       2.102
       4.824       1.486
      -2.623      -4.474
      -1.116       5.203
       4.445      -3.158
      -5.538     -0.6891
       3.699       4.344
      0.2112      -5.825
      -4.175       4.238
       6.059     -0.3111
      -4.767      -3.937
      0.8714       6.235
       3.633      -5.278
      -6.351       1.463
       5.765       3.264
      -2.078      -6.402
      -2.835       6.219
       6.386      -2.711
      -6.636      -2.348
       3.354       6.302
       1.809      -7.008
      -6.149       3.998
       7.329       1.221
      -4.638      -5.926
     -0.5899       7.596
       5.633      -5.266
      -7.802     0.07835
       5.873       5.273
     -0.7776      -7.944
      -4.845       6.453
       8.018      -1.502
          -7      -4.354
       2.243       8.021
       3.802      -7.505
      -7.952       2.995
       7.963       3.194
       -3.75      -7.808
      -2.532       8.369
        7.59      -4.501
      -8.715      -1.824
        5.24       7.296
       1.074      -8.998
      -6.928        5.96
       9.212      0.2877
      -6.653      -6.488
      0.5275       9.354
       5.977      -7.312
       -9.42       1.365
       7.929       5.399
      -2.217      -9.409
      -4.756       8.499
       9.317      -3.077
      -9.014      -4.054
       3.936       9.144
       3.297      -9.468
      -8.889       4.787
       9.856       2.491
      -5.623      -8.553
      -1.642       10.17
       8.136      -6.434
      -10.41     -0.7562
       7.214       7.641
     -0.1595      -10.57
       -7.07       7.955
       10.65      -1.097
      -8.648      -6.426
       2.049       10.64
       5.714      -9.288
      -10.55       3.007
       9.868       4.937
      -3.964      -10.37
      -4.103       10.38
       10.09       -4.91
      -10.82      -3.215
       5.839       9.733
       2.282      -11.18
      -9.286        6.74
       11.46       1.309
      -7.607      -8.753
     -0.3053       11.65
       8.139      -8.431
      -11.76      0.7222
       9.203       7.447
      -1.765      -11.77
       -6.68       9.918
       11.68      -2.815
      -10.57      -5.844
       3.863        11.5
       4.945      -11.14
      -11.23         4.9
       11.64        3.99
      -5.918      -10.86
      -2.983       12.06
       10.39      -6.908
      -12.39      -1.935
       7.861       9.837
      0.8525      -12.62
      -9.193       8.768
       12.76     -0.2562
      -9.621      -8.465
       1.382        12.8
       7.656      -10.41
      -12.73       2.517
       11.14       6.773
      -3.651      -12.57
      -5.822       11.78
        12.3      -4.775
      -12.35      -4.808
        5.88       11.93
        3.74      -12.82
      -11.46       6.956
        13.2       2.625
      -7.993       -10.9
      -1.472       13.49
       10.23      -8.984
      -13.67     -0.2895
       9.919       9.481
     -0.9133      -13.74
      -8.642       10.79
       13.71      -2.127
      -11.59      -7.722
       3.342       13.57
       6.728      -12.31
      -13.32       4.549
       12.94       5.665
      -5.737      -12.97
      -4.544       13.48
        12.5      -6.897
      -13.93      -3.371
       8.018       11.93
       2.156      -14.26
      -11.26       9.092
        14.5      0.9064
      -10.11      -10.49
      0.3668       14.62
       9.634      -11.06
      -14.62       1.654
       11.94       8.687
      -2.945      -14.52
      -7.658       12.74
        14.3      -4.231
      -13.44      -6.557
       5.499       13.96
       5.391      -14.05
      -13.51       6.741
       14.56       4.168
      -7.945      -12.95
      -2.896       14.96
       12.28      -9.102
      -15.25      -1.587
        10.2        11.5
      0.2495      -15.42
      -10.63       11.23
       15.47      -1.106
      -12.19      -9.665
        2.47       15.41
       8.611      -13.07
      -15.22        3.83
       13.85       7.479
      -5.175      -14.91
      -6.275       14.53
       14.48      -6.496
      -15.11      -5.008
        7.78       13.94
       3.689      -15.58
      -13.28       9.019
       15.93       2.325
       -10.2      -12.51
     -0.9291       16.16
       11.63      -11.32
      -16.26      0.4896
       12.36       10.65
      -1.921      -16.24
      -9.582       13.31
        16.1      -3.351
      -14.17      -8.425
       4.771       15.83
       7.191      -14.93
      -15.43       6.168
       15.58       5.889
      -7.531      -14.91
      -4.527       16.12
       14.26       -8.85
      -16.54      -3.116
       10.11        13.5
       1.667      -16.83
      -12.63       11.31
       16.99      0.1888
      -12.43      -11.65
       1.304       17.03
       10.57      -13.47
      -16.93       2.801
       14.41       9.393
      -4.291       -16.7
      -8.136       15.25
       16.34      -5.762
      -15.98      -6.804
       7.202       15.85
       5.406      -16.59
      -15.23         8.6
       17.08       3.952
      -9.944      -14.48
      -2.456       17.44
       13.62      -11.22
      -17.66      -0.926
       12.43       12.64
     -0.6246      -17.76
      -11.56       13.55
       17.71      -2.184
      -14.57      -10.38
       3.741       17.53
       9.104      -15.49
      -17.21       5.283
        16.3       7.749
      -6.797      -16.76
      -6.322       16.98
       16.17      -8.272
      -17.55      -4.832
       9.696       15.45
       3.294      -17.98
       -14.6       11.06
       18.28       1.716
      -12.34      -13.64
     -0.1125       18.43
       12.56      -13.54
      -18.45       1.506
       14.65       11.37
      -3.126      -18.32
      -10.09       15.65
       18.05      -4.735
      -16.54       -8.72
       6.321       17.64
       7.268      -17.31
      -17.09       7.871
       17.95        5.75
      -9.372       -16.4
      -4.175       18.46
       15.58      -10.81
      -18.83      -2.555
       12.18       14.63
