      -1.114     -0.4192
       1.562     -0.6266
     -0.8919       1.858
     -0.6897      -2.278
       2.289       1.357
      -2.853      0.5976
       1.836      -2.557
      0.3994       3.342
      -2.706      -2.327
       3.761     -0.1182
      -2.825       2.756
      0.2312      -4.115
       2.716       3.321
      -4.406     -0.6374
       3.809      -2.594
      -1.091       4.633
      -2.397      -4.281
       4.794       1.582
       -4.73       2.128
       2.103      -4.888
       1.794       5.149
      -4.914      -2.645
       5.532      -1.399
      -3.201       4.871
     -0.9491      -5.873
       4.759       3.763
      -6.166      0.4489
       4.321      -4.579
    -0.09524       6.407
       -4.33       -4.87
        6.59      0.6774
      -5.402       4.015
       1.291      -6.712
       3.636       5.909
       -6.77      -1.928
       6.384      -3.196
      -2.584       6.761
      -2.697      -6.821
       6.682       3.249
      -7.213       2.145
       3.918      -6.534
       1.543       7.555
      -6.315      -4.582
       7.841     -0.8973
      -5.234       6.026
      -0.213      -8.067
       5.667       5.867
      -8.228     -0.5039
       6.474       -5.24
      -1.246        8.32
      -4.748      -7.047
       8.342       2.008
      -7.579       4.194
       2.782      -8.289
       3.581       8.065
      -8.161       -3.56
       8.497      -2.914
      -4.335       7.957
      -2.197      -8.871
       7.677         5.1
      -9.181       1.437
       5.847       -7.32
      0.6383       9.422
      -6.889      -6.568
       9.591      0.1909
      -7.256       6.386
       1.044      -9.683
       5.814       7.904
      -9.696      -1.915
       8.504      -5.175
      -2.795       9.628
      -4.474      -9.051
       9.478       3.677
      -9.537       3.716
       4.553      -9.244
       2.906       9.957
      -8.927      -5.414
       10.31      -2.051
      -6.254       8.528
      -1.157      -10.58
       8.049       7.063
      -10.77      0.2302
       7.835      -7.491
     -0.7211       10.88
      -6.859      -8.561
        10.9       1.689
      -9.235       6.155
       2.667      -10.84
       5.385       9.849
      -10.68      -3.645
        10.4      -4.554
      -4.616       10.44
      -3.667      -10.87
        10.1        5.57
      -11.27       2.731
         6.5      -9.678
       1.753       11.59
      -9.166      -7.397
       11.82      -0.741
      -8.253       8.571
      0.2978      -11.95
       7.894        9.06
         -12      -1.355
        9.81      -7.141
      -2.422       11.95
      -6.315       -10.5
        11.8        3.49
      -11.11       5.423
       4.551      -11.56
       4.472       11.65
      -11.22      -5.595
       12.11      -3.467
      -6.613       10.78
      -2.417      -12.47
       10.25       7.597
      -12.75       1.329
       8.537      -9.631
      0.2114       12.92
      -8.923      -9.426
          13      0.9269
      -10.26       8.132
       2.077      -12.98
       7.264       11.02
      -12.85      -3.231
        11.7      -6.323
      -4.376       12.62
      -5.317      -12.31
       12.28       5.506
      -12.83       4.254
        6.61      -11.85
        3.14       13.25
      -11.31      -7.679
       13.58      -1.985
      -8.703       10.67
     -0.7962       -13.8
       9.947       9.675
      -13.92     -0.4165
       10.58      -9.129
      -1.644       13.93
      -8.227      -11.42
       13.83       2.877
      -12.19       7.248
       4.104      -13.62
       6.198       12.86
       -13.3      -5.316
       13.45      -5.085
      -6.503       12.88
      -3.916      -13.94
       12.34       7.656
      -14.32       2.701
       8.764       -11.7
       1.448        14.6
      -10.96      -9.818
       14.76     -0.1676
      -10.81       10.13
       1.132      -14.82
       9.204       11.73
      -14.76      -2.439
       12.57      -8.195
      -3.743       14.58
      -7.109      -13.32
       14.28       5.034
      -13.98       5.954
       6.302      -13.87
       4.738       14.53
      -13.35      -7.536
       14.98      -3.471
      -8.727       12.72
      -2.161      -15.32
       11.97       9.863
      -15.54      0.8183
       10.94      -11.13
     -0.5473       15.64
      -10.19      -11.94
       15.62       1.924
      -12.86        9.16
       3.301      -15.48
       8.047       13.68
      -15.22      -4.668
       14.42      -6.858
      -6.014       14.83
      -5.602      -15.04
       14.33       7.328
      -15.56       4.289
       8.599      -13.71
       2.928       15.96
      -12.97      -9.818
       16.24      -1.528
      -10.97       12.13
     -0.1031       -16.4
       11.18       12.06
      -16.43      -1.338
       13.05      -10.14
      -2.784       16.34
      -9.006      -13.96
       16.11       4.223
      -14.77        7.79
       5.644      -15.76
       6.502       15.47
      -15.29      -7.036
       16.06       -5.15
      -8.387       14.68
      -3.744      -16.53
       13.96       9.687
      -16.88       2.294
       10.92      -13.13
      0.8137        17.1
      -12.18      -12.09
       17.19      0.6876
      -13.17       11.13
       2.198      -17.14
       9.983       14.16
      -16.96      -3.706
       15.05      -8.748
      -5.199       16.65
      -7.432      -15.83
       16.21       6.667
      -16.49       6.048
       8.096      -15.64
       4.603       17.04
      -14.94      -9.475
       17.45       -3.11
      -10.79       14.11
       -1.58      -17.74
       13.18       12.04
      -17.89     0.02292
        13.2      -12.13
      -1.548        17.9
      -10.97      -14.28
       17.77        3.12
      -15.25       9.726
       4.682      -17.51
       8.391       16.11
       -17.1      -6.223
       16.85       -6.98
      -7.727       16.56
      -5.503      -17.47
       15.89       9.184
      -17.96       3.971
       10.58      -15.09
       2.396       18.32
      -14.17      -11.91
       18.53     -0.7889
      -13.16       13.13
      0.8376       -18.6
       11.97       14.31
      -18.54      -2.471
       15.37      -10.72
        -4.1       18.32
      -9.372      -16.31
       17.97       5.709
      -17.14       7.942
       7.286      -17.47
       6.439       17.84
      -16.83       -8.82
        18.4      -4.874
