       1.047       0.566
     -0.5506       -1.59
     -0.8182       1.891
       2.172     -0.9723
      -2.525     -0.8387
       1.419       2.546
      0.7273      -3.063
      -2.785       1.889
       3.532       0.518
      -2.376      -2.917
      -0.229        3.94
       2.956      -2.873
      -4.288      0.1265
        3.37       2.909
      -0.538      -4.577
      -2.783       3.861
       4.803     -0.9965
      -4.337      -2.583
       1.493       4.967
       2.312      -4.792
      -5.064       2.021
       5.219       1.976
       -2.57      -5.095
       -1.58       5.611
       5.057      -3.134
      -5.961      -1.127
       3.704        4.95
      0.6243      -6.265
      -4.775       4.272
       6.516     0.07677
      -4.832      -4.532
      0.5094       6.711
       4.222      -5.375
      -6.846       1.128
       5.894       3.848
      -1.772      -6.916
      -3.411       6.383
       6.919      -2.435
      -6.834      -2.916
       3.109       6.853
       2.366      -7.242
      -6.716       3.788
         7.6       1.764
      -4.463      -6.509
      -1.118       7.903
       6.231      -5.128
      -8.146     -0.4325
       5.775       5.883
     -0.2872      -8.324
      -5.466       6.396
       8.434      -1.034
      -6.985      -4.982
       1.802       8.473
       4.436      -7.535
      -8.437       2.584
       8.039       3.829
      -3.371      -8.326
      -3.167        8.49
       8.139      -4.157
      -8.884      -2.453
       4.934       7.874
       1.694      -9.214
      -7.533       5.695
       9.476      0.8964
      -6.432      -7.117
    -0.06549       9.666
       6.627      -7.137
       -9.78      0.7915
       7.803       6.066
      -1.668      -9.814
      -5.438       8.423
       9.767      -2.555
       -8.99      -4.747
       3.446       9.638
       3.995      -9.498
      -9.424       4.333
       9.941       3.192
      -5.208      -9.127
       -2.34       10.31
       8.747      -6.062
      -10.61      -1.447
       6.888       8.285
      0.5206      -10.83
      -7.744       7.678
       10.96     -0.4332
      -8.424      -7.126
       1.407       11.01
       6.436      -9.119
      -10.97       2.391
       9.756       5.678
      -3.378      -10.84
      -4.855       10.33
       10.61      -4.359
      -10.83      -3.976
       5.327        10.3
       3.046      -11.25
      -9.899       6.272
       11.59       2.072
      -7.186      -9.408
      -1.061       11.85
       8.831      -8.062
      -12.02    -0.02053
        8.89       8.173
       -1.04      -12.09
      -7.435       9.663
       12.07      -2.113
      -10.37      -6.624
        3.19       11.95
       5.744      -11.01
      -11.73       4.261
       11.58       4.803
      -5.318      -11.41
      -3.806       12.06
          11      -6.351
      -12.46      -2.761
       7.352        10.5
       1.675      -12.76
      -9.897       8.312
       12.97      0.5576
      -9.223       -9.21
      0.5831       13.08
       8.437      -10.08
      -13.08       1.738
       10.86       7.585
      -2.898      -12.98
      -6.659       11.58
       12.78      -4.054
      -12.21      -5.666
       5.197       12.47
       4.612      -12.76
      -12.07       6.316
       13.21       3.506
      -7.402      -11.55
      -2.354       13.57
       10.94      -8.447
      -13.83      -1.168
        9.44       10.24
    -0.04609      -13.98
      -9.442       10.37
       14.02      -1.277
      -11.24      -8.559
       2.516       13.95
       7.597      -12.03
      -13.78       3.752
       12.74       6.562
      -4.976      -13.49
       -5.46       13.35
       13.09      -6.178
      -13.87        -4.3
       7.348       12.58
       3.091      -14.29
      -11.97       8.476
        14.6       1.842
      -9.553      -11.26
     -0.5623        14.8
       10.45      -10.57
      -14.89      0.7387
       11.52       9.544
      -2.051      -14.86
      -8.554       12.38
       14.72      -3.363
      -13.16      -7.485
       4.666       14.46
       6.344      -13.85
      -14.08       5.948
       14.44       5.139
      -7.199      -13.59
       -3.88       14.93
       12.98      -8.409
       -15.3      -2.575
       9.568       12.27
       1.235      -15.56
      -11.45       10.67
       15.69     -0.1303
      -11.69      -10.54
       1.511       15.71
       9.527      -12.64
      -15.61       2.895
        13.5       8.432
      -4.272      -15.38
      -7.259       14.27
       15.03      -5.631
      -14.93      -6.017
       6.962       14.56
       4.714      -15.48
      -13.97       8.253
       15.92       3.361
      -9.494      -13.27
      -1.966       16.24
       12.45      -10.67
      -16.43     -0.5419
       11.78       11.53
     -0.9017       -16.5
      -10.51       12.81
       16.45      -2.353
      -13.75      -9.399
       3.802       16.26
       8.201       -14.6
      -15.95       5.235
       15.33       6.928
      -6.642      -15.51
      -5.589       15.96
       14.94      -8.012
      -16.47      -4.193
       9.334       14.25
        2.75      -16.85
      -13.45        10.6
       17.11       1.273
      -11.79      -12.53
      0.2295       17.24
        11.5       -12.9
      -17.24       1.744
       13.92       10.38
       -3.26       -17.1
      -9.167       14.84
       16.83      -4.765
      -15.66       -7.87
       6.246       16.42
         6.5      -16.36
      -15.88       7.693
       16.95       5.068
      -9.093      -15.22
      -3.583        17.4
       14.43      -10.44
      -17.73      -2.057
       11.71       13.52
      0.5011      -17.92
       -12.5        12.9
       17.97      -1.072
      -14.01      -11.38
       2.651       17.89
       10.15      -15.01
      -17.66       4.223
       15.91       8.836
      -5.778       -17.3
      -7.443       16.69
        16.8      -7.297
      -17.35       -5.98
       8.777       16.17
       4.458      -17.89
       -15.4        10.2
       18.28        2.89
      -11.55      -14.51
      -1.286       18.54
        13.5      -12.83
      -18.66      0.3418
       14.02       12.38
       -1.98      -18.63
      -11.15       15.11
       18.46      -3.618
      -16.09      -9.824
       5.237       18.15
       8.413      -16.95
      -17.69       6.832
       17.69       6.926
      -8.383      -17.09
