     -0.9976      0.6485
        1.66      0.2767
       -1.27      -1.623
     -0.1846       2.372
       1.944      -1.816
      -2.914     0.02882
       2.342       2.103
     -0.3274      -3.349
      -2.144       2.854
       3.698     -0.6921
       -3.35      -2.085
       1.109        3.97
       1.939      -3.827
      -4.166       1.569
       4.277       1.716
       -2.06       -4.29
      -1.422       4.695
       4.342      -2.574
      -5.076      -1.063
       3.103       4.322
      0.6468      -5.414
      -4.231       3.639
       5.703      0.1789
      -4.173       -4.07
       0.334        5.94
        3.84      -4.697
      -6.119      0.8856
       5.204       3.544
      -1.469      -6.237
      -3.183       5.686
       6.291      -2.076
      -6.138      -2.762
       2.702       6.278
       2.283      -6.552
      -6.198       3.337
       6.921        1.75
      -3.975      -6.048
       -1.17       7.241
       5.829      -4.608
      -7.505      -0.546
       5.229        5.54
     -0.1151       -7.71
      -5.184       5.831
       7.851     -0.8073
      -6.406      -4.761
       1.524       7.925
       4.275      -6.947
      -7.928       2.259
       7.448       3.728
      -3.004      -7.859
      -3.124       7.902
       7.716      -3.752
      -8.303      -2.469
       4.497       7.498
       1.766      -8.646
      -7.206       5.229
       8.925       1.021
      -5.943      -6.841
     -0.2407       9.136
       6.402       -6.63
      -9.275      0.5683
       7.282       5.894
        -1.4       -9.34
      -5.318       7.894
       9.326      -2.246
      -8.458      -4.679
       3.099       9.233
       3.981      -8.968
      -9.059       3.952
       9.417       3.228
      -4.797      -8.804
      -2.426         9.8
       8.467      -5.626
      -10.11      -1.582
       6.431       8.051
      0.7007      -10.35
      -7.557       7.205
       10.51     -0.2098
      -7.939      -6.987
       1.142       10.58
       6.344      -8.627
      -10.57       2.088
        9.26       5.634
      -3.041      -10.47
      -4.861       9.834
       10.29      -3.991
      -10.34      -4.029
       4.932       10.01
       3.145      -10.78
      -9.651       5.854
       11.13       2.215
      -6.749      -9.203
      -1.247       11.41
        8.67      -7.609
      -11.59      -0.247
       8.426       8.056
     -0.7756      -11.69
      -7.364       9.193
        11.7      -1.813
      -9.901      -6.599
       2.858       11.61
       5.764      -10.54
      -11.43         3.9
       11.11       4.868
      -4.931      -11.15
      -3.914       11.61
       10.78      -5.943
      -12.02      -2.911
       6.927       10.31
       1.866      -12.34
      -9.755       7.873
       12.57      0.7874
      -8.774       -9.11
      0.3172        12.7
       8.381      -9.621
      -12.73       1.439
       10.41       7.573
      -2.568      -12.67
      -6.691       11.12
        12.5      -3.697
      -11.76      -5.741
       4.815       12.23
       4.729      -12.32
      -11.86       5.914
       12.79       3.662
      -6.984      -11.38
       -2.55       13.16
       10.82      -8.015
      -13.44      -1.401
           9       10.15
      0.2219      -13.62
      -9.397       9.928
       13.69     -0.9767
      -10.79      -8.557
       2.186       13.65
       7.637      -11.58
      -13.51       3.396
        12.3       6.644
      -4.597      -13.25
      -5.582       12.92
       12.89       -5.78
      -13.46      -4.462
       6.933       12.42
       3.292      -13.89
      -11.85       8.049
       14.23       2.079
      -9.116      -11.18
     -0.8328       14.45
       10.41      -10.13
      -14.57      0.4367
       11.07       9.549
       -1.72      -14.57
      -8.601       11.94
       14.46      -3.006
      -12.73      -7.573
       4.287       14.23
       6.471      -13.43
      -13.89        5.55
       14.03       5.305
      -6.785      -13.43
      -4.084       14.53
       12.87      -7.983
      -14.93      -2.815
       9.134        12.2
       1.508      -15.21
      -11.42       10.23
       15.37      0.1736
      -11.25      -10.55
       1.178       15.42
       9.577       -12.2
      -15.35       2.537
       13.07       8.523
      -3.893      -15.16
       -7.39       13.85
       14.84      -5.233
      -14.52      -6.186
       6.548       14.41
       4.921      -15.09
      -13.86       7.827
       15.55       3.602
      -9.059       -13.2
      -2.241       15.89
       12.42      -10.23
      -16.12     -0.8479
       11.34       11.54
     -0.5675      -16.22
      -10.56       12.37
       16.19      -1.995
      -13.32      -9.492
       3.421       16.04
       8.334      -14.18
      -15.76       4.835
       14.93         7.1
      -6.227      -15.36
      -5.798       15.57
       14.83      -7.584
       -16.1      -4.437
       8.897       14.18
       3.027      -16.51
      -13.42       10.15
       16.79        1.58
      -11.34      -12.54
     -0.1066       16.95
       11.56      -12.46
      -16.98       1.384
       13.49       10.47
      -2.877      -16.88
        -9.3       14.42
       16.64      -4.362
      -15.25      -8.042
       5.828       16.27
        6.71      -15.97
      -15.77       7.262
       16.58       5.313
      -8.654      -15.15
       -3.86       17.06
        14.4      -9.992
      -17.41      -2.365
       11.26       13.53
      0.8378      -17.63
      -12.55       12.46
       17.71     -0.7097
      -13.57      -11.47
       2.266       17.66
       10.28      -14.59
      -17.47       3.818
        15.5       9.008
      -5.355      -17.15
      -7.652        16.3
       16.69      -6.864
      -16.98      -6.225
       8.332       16.09
       4.736      -17.53
      -15.37        9.75
       17.96       3.199
       -11.1      -14.52
      -1.624       18.25
       13.55      -12.38
      -18.39    -0.02244
       13.58       12.47
      -1.592       -18.4
      -11.28       14.68
       18.27      -3.208
      -15.67      -9.995
       4.813       17.99
       8.621      -16.55
      -17.57       6.393
       17.31       7.169
      -7.938      -17.01
      -5.651       17.94
       16.32      -9.433
      -18.44      -4.077
       10.87       15.49
       2.459       -18.8
      -14.54       12.23
       19.02      0.8086
