       1.188    -0.06089
      -1.297      -1.072
       0.285       2.041
       1.349       -1.96
      -2.593      0.5969
       2.536       1.436
     -0.9718      -2.994
      -1.396       3.062
       3.286      -1.395
      -3.547      -1.256
       1.853       3.484
        1.03      -3.991
      -3.597       2.338
       4.391      0.7319
       -2.84      -3.629
      -0.369       4.745
       3.584       -3.35
      -5.048     0.05023
       3.859       3.465
     -0.5179      -5.296
      -3.274        4.36
       5.486      -1.027
      -4.845      -3.015
       1.569       5.614
       2.689      -5.307
      -5.678       2.138
       5.738       2.302
      -2.725      -5.676
      -1.857       6.133
       5.606      -3.324
      -6.484      -1.358
       3.926       5.467
      0.8106      -6.787
       -5.26       4.524
       7.036      0.2204
       -5.11      -4.985
      0.4067       7.226
       4.643      -5.678
      -7.354       1.065
        6.22       4.236
      -1.747      -7.416
      -3.766       6.729
       7.409      -2.446
      -7.198      -3.238
       3.155       7.331
       2.655      -7.621
      -7.182       3.867
       7.992       2.021
      -4.575       -6.96
      -1.341       8.306
       6.665       -5.27
      -8.557     -0.6222
       5.946       6.299
     -0.1308      -8.742
      -5.863       6.595
       8.857      -0.911
       -7.21      -5.358
       1.712       8.898
       4.789      -7.784
      -8.864       2.526
        8.31       4.159
      -3.346      -8.751
      -3.472       8.783
        8.56      -4.163
      -9.195      -2.733
       4.972        8.29
       1.948      -9.542
      -7.941       5.763
       9.819       1.123
      -6.529      -7.515
     -0.2637       10.02
       7.013      -7.263
      -10.15       0.622
       7.956       6.439
      -1.528      -10.19
      -5.795       8.603
       10.15      -2.445
      -9.195      -5.086
       3.366       10.03
       4.317      -9.727
      -9.815       4.283
       10.19       3.493
      -5.187      -9.518
       -2.62       10.59
       9.136      -6.071
       -10.9      -1.705
       6.927       8.671
      0.7537      -11.14
      -8.124       7.746
       11.29     -0.2253
      -8.521      -7.498
       1.225       11.35
       6.798      -9.244
      -11.32       2.236
       9.908       6.027
      -3.251       -11.2
      -5.192       10.51
       10.98      -4.261
      -11.03      -4.297
       5.258       10.67
        3.35      -11.48
      -10.27       6.232
       11.84       2.356
      -7.176      -9.785
      -1.324       12.12
       9.207       -8.08
       -12.3     -0.2622
       8.938       8.544
     -0.8229      -12.39
      -7.801        9.74
       12.39      -1.921
      -10.48      -6.983
       3.023       12.28
       6.093      -11.15
      -12.08       4.121
       11.74        5.14
      -5.206      -11.77
      -4.129       12.25
       11.37      -6.268
      -12.67      -3.068
       7.298       10.86
       1.965      -12.99
      -10.27       8.288
       13.22      0.8277
      -9.228      -9.581
      0.3342       13.35
       8.807      -10.11
      -13.38       1.512
       10.93       7.951
      -2.697       -13.3
      -7.019       11.67
       13.11      -3.878
      -12.33      -6.018
       5.047       12.82
       4.953      -12.91
      -12.42       6.194
       13.39       3.834
      -7.309      -11.91
      -2.668       13.77
       11.31      -8.383
      -14.05      -1.464
       9.406       10.61
       0.231      -14.23
      -9.814       10.37
       14.29      -1.021
      -11.27      -8.931
       2.282       14.24
       7.966      -12.09
      -14.09       3.542
       12.82       6.926
      -4.792      -13.81
      -5.817       13.47
       13.43      -6.021
      -14.01      -4.647
       7.218       12.94
       3.425      -14.46
      -12.33       8.376
        14.8       2.162
      -9.482      -11.63
      -0.865       15.03
       10.82      -10.53
      -15.14      0.4548
        11.5        9.92
      -1.787      -15.13
      -8.931        12.4
       15.01      -3.122
      -13.22      -7.859
       4.449       14.77
       6.714      -13.93
      -14.41       5.757
       14.55       5.502
      -7.036      -13.93
      -4.232       15.07
       13.34      -8.275
      -15.47      -2.916
       9.463       12.63
       1.561      -15.75
      -11.82       10.59
       15.92      0.1788
      -11.65      -10.91
        1.22       15.96
       9.909      -12.63
      -15.88       2.625
       13.52       8.815
      -4.025      -15.67
       -7.64       14.32
       15.35      -5.409
      -15.01      -6.393
       6.767       14.89
       5.083      -15.59
      -14.32       8.086
       16.06        3.72
      -9.355      -13.63
      -2.313       16.41
       12.82      -10.56
      -16.63     -0.8741
       11.71       11.91
     -0.5865      -16.73
       -10.9       12.77
        16.7      -2.057
      -13.74      -9.788
       3.527       16.54
       8.592      -14.61
      -16.25       4.985
       15.38       7.316
      -6.417      -15.83
      -5.972       16.04
       15.28      -7.814
      -16.58      -4.569
       9.164       14.61
       3.116         -17
      -13.81       10.45
       17.29       1.626
      -11.68      -12.91
     -0.1086       17.45
       11.89      -12.82
      -17.47       1.425
       13.88       10.77
       -2.96      -17.36
      -9.564       14.83
       17.11      -4.487
      -15.68      -8.268
       5.992       16.73
       6.896      -16.42
      -16.21       7.465
       17.03       5.458
      -8.893      -15.57
      -3.966       17.52
       14.79      -10.26
      -17.88      -2.429
       11.57        13.9
      0.8604       -18.1
      -12.89        12.8
       18.19     -0.7298
      -13.93      -11.77
       2.327       18.13
       10.55      -14.97
      -17.93       3.919
        15.9       9.242
      -5.495      -17.59
      -7.849       16.72
       17.12      -7.041
      -17.41      -6.384
       8.546        16.5
       4.857      -17.98
      -15.76       9.997
       18.41        3.28
      -11.38      -14.88
      -1.663        18.7
       13.89      -12.69
      -18.85    -0.02185
       13.91       12.77
      -1.633      -18.85
      -11.56       15.04
       18.71      -3.288
      -16.05      -10.24
