      -1.174     -0.1933
       1.409       -0.92
     -0.5113       1.996
      -1.122      -2.099
        2.51      0.8829
      -2.681       1.144
         1.3      -2.867
       1.045       3.199
      -3.109      -1.753
       3.665     -0.8513
      -2.231       3.255
      -0.578      -4.081
       3.313       2.726
      -4.446      0.2366
       3.228      -3.289
     -0.1635       4.756
      -3.188      -3.729
       5.011      0.6139
      -4.222       3.012
       1.106      -5.205
       2.767       4.698
      -5.336      -1.633
       5.151      -2.454
      -2.187       5.403
      -2.079      -5.574
       5.403       2.759
      -5.959       1.646
       3.342      -5.335
        1.16       6.302
      -5.199      -3.929
       6.595     -0.6247
      -4.512       4.994
    -0.04714      -6.835
       4.722       5.083
      -7.016      -0.567
       5.635      -4.383
      -1.211       7.135
      -3.979      -6.161
       7.189        1.88
      -6.654       3.514
       2.565      -7.174
       2.991       7.107
      -7.089      -3.259
       7.514      -2.413
      -3.955       6.933
      -1.787       -7.87
       6.705       4.646
      -8.168       1.115
       5.324      -6.405
      0.4051       8.404
      -6.035      -5.982
       8.573      0.3377
      -6.613       5.595
       1.107      -8.673
       5.089       7.209
        -8.7      -1.895
       7.763      -4.519
      -2.696       8.651
      -3.889       -8.27
       8.526         3.5
      -8.723       3.204
       4.302      -8.322
       2.469       9.116
      -8.041      -5.094
       9.443      -1.689
      -5.867       7.682
     -0.8698        -9.7
       7.247       6.614
      -9.883     0.01869
       7.328      -6.738
     -0.8582       9.989
      -6.158      -8.001
       10.01       1.752
      -8.626        5.51
       2.657      -9.956
       4.798       9.196
      -9.814      -3.564
       9.706      -4.027
      -4.465       9.587
      -3.204      -10.15
       9.275       5.352
      -10.52       2.333
       6.218      -8.879
       1.421       10.81
      -8.401      -7.054
       11.02     -0.4754
      -7.852       7.843
      0.4959      -11.15
       7.208       8.605
      -11.19      -1.485
       9.305      -6.499
      -2.485       11.14
      -5.722      -9.946
          11       3.487
      -10.52       4.883
       4.482      -10.76
       3.986       11.02
      -10.44      -5.461
       11.44      -3.038
      -6.417       10.02
      -2.046      -11.78
       9.514       7.341
      -12.03       1.018
       8.224      -8.922
    -0.03871       12.19
      -8.247      -9.059
       12.26       1.115
      -9.837       7.492
       2.203      -12.23
       6.664       10.55
       -12.1      -3.293
       11.19      -5.768
      -4.376       11.87
       -4.81      -11.76
       11.54       5.445
      -12.24       3.796
       6.488      -11.11
       2.734       12.63
      -10.59      -7.499
       12.93      -1.633
      -8.466       9.981
     -0.5005      -13.13
       9.278       9.383
      -13.23     -0.6549
       10.24       -8.49
      -1.824       13.23
      -7.622      -11.03
       13.12       2.997
      -11.75       6.681
       4.165      -12.91
       5.672       12.38
      -12.59      -5.318
       12.93      -4.602
      -6.447       12.17
       -3.48      -13.38
       11.65       7.542
      -13.73       2.313
       8.594      -11.02
       1.112       13.98
       -10.3      -9.594
       14.13      0.1156
      -10.53       9.492
        1.36      -14.16
       8.594        11.4
      -14.09      -2.611
       12.19      -7.617
      -3.859        13.9
      -6.566       -12.9
        13.6       5.094
      -13.52       5.449
       6.305      -13.19
       4.275       14.03
      -12.67      -7.483
       14.45      -3.051
      -8.618       12.05
      -1.788      -14.75
       11.32       9.701
      -14.95      0.4947
       10.72      -10.49
     -0.8191       15.03
      -9.577      -11.67
       14.99       2.143
      -12.54       8.573
       3.467      -14.84
       7.488       13.32
      -14.57       -4.78
       14.01      -6.333
      -6.071       14.18
      -5.114       -14.6
       13.67        7.33
      -15.08       3.841
       8.548      -13.05
       2.522       15.45
      -12.33      -9.713
        15.7      -1.169
      -10.82        11.5
      0.2087      -15.83
       10.57       11.85
      -15.84      -1.601
        12.8      -9.545
      -2.996       15.72
      -8.435      -13.66
       15.49       4.383
      -14.42       7.248
       5.752      -15.13
       5.992       15.08
      -14.64       -7.09
       15.63      -4.676
      -8.389       14.04
      -3.309      -16.06
       13.33       9.634
      -16.38       1.902
       10.82       -12.5
      0.4653       16.57
      -11.56      -11.93
       16.63      0.9899
      -12.96       10.53
       2.452      -16.56
       9.402        13.9
      -16.37       -3.91
       14.75      -8.191
      -5.353       16.04
      -6.905      -15.48
       15.59        6.77
      -16.11       5.552
       8.144      -15.01
       4.143       16.61
      -14.31      -9.473
       16.99      -2.688
      -10.74       13.49
      -1.198      -17.24
       12.56       11.93
      -17.36     -0.3159
       13.05      -11.52
      -1.841       17.35
      -10.38      -14.07
        17.2       3.366
      -14.99       9.157
       4.882      -16.92
       7.847       15.81
       -16.5      -6.369
       16.51      -6.464
      -7.824       15.95
      -5.019      -17.09
       15.28       9.228
      -17.54       3.521
       10.58      -14.47
       1.983       17.86
      -13.55      -11.85
       18.04     -0.4163
      -13.05       12.52
       1.167      -18.09
       11.38       14.16
      -17.99      -2.758
       15.16      -10.14
      -4.337       17.76
      -8.814      -16.06
       17.38       5.899
      -16.84       7.408
       7.425      -16.87
       5.932       17.49
      -16.22      -8.911
       18.02      -4.398
      -10.34       15.45
      -2.818      -18.41
       14.54        11.7
      -18.66       1.202
       12.97      -13.52
     -0.4378       18.77
      -12.38      -14.16
       18.73       2.083
      -15.25       11.14
        3.73      -18.55
       9.803       16.23
      -18.23      -5.357
       17.09      -8.379
