     -0.9022      0.7757
       1.682     0.05289
      -1.475      -1.439
      0.1334       2.376
       1.684      -2.059
      -2.884      0.4172
       2.602       1.772
     -0.7711      -3.276
      -1.744       3.114
       3.573      -1.179
      -3.599      -1.619
       1.629       3.786
       1.412      -4.051
       -3.92        2.11
       4.467        1.13
      -2.614      -3.977
     -0.7828       4.843
        3.96       -3.13
      -5.173     -0.3767
       3.652        3.87
    -0.08088      -5.452
      -3.708       4.171
       5.676     -0.5831
      -4.678      -3.478
       1.123       5.842
        3.18      -5.167
      -5.946       1.694
        5.63       2.818
      -2.287      -5.985
      -2.397        6.06
       5.958      -2.897
      -6.451      -1.918
       3.515       5.862
       1.389      -6.797
      -5.697       4.134
       7.093      0.8119
      -4.746      -5.464
     -0.1938       7.332
       5.162      -5.344
      -7.511      0.4595
       5.922       4.794
      -1.142      -7.626
       -4.36        6.47
       7.673      -1.847
      -6.984      -3.864
       2.567       7.651
        3.31      -7.455
      -7.556       3.296
       7.879       2.701
      -4.025      -7.388
      -2.043       8.248
       7.147      -4.748
      -8.558      -1.339
       5.456       6.832
      0.5969      -8.804
      -6.445       6.144
       8.981     -0.1782
      -6.802      -5.987
      0.9797       9.087
       5.461      -7.424
      -9.117         1.8
       8.003        4.87
      -2.633       -9.07
      -4.218       8.533
       8.943      -3.469
      -9.007       -3.51
       4.303       8.737
        2.75      -9.418
      -8.451       5.125
       9.763       1.944
      -5.928      -8.085
      -1.098       10.04
       7.641      -6.705
      -10.23     -0.2193
       7.447       7.121
     -0.6856      -10.35
      -6.528       8.148
       10.38      -1.609
        -8.8      -5.865
       2.543       10.33
       5.137      -9.396
       -10.2       3.479
       9.929       4.349
       -4.41      -9.973
      -3.506       10.39
       9.663      -5.327
      -10.79      -2.614
       6.223       9.266
        1.68       -11.1
      -8.785       7.088
       11.33      0.7108
      -7.916      -8.221
      0.2854       11.47
       7.578      -8.698
      -11.52       1.301
       9.425        6.86
      -2.328      -11.48
      -6.072       10.09
       11.35      -3.357
      -10.69      -5.219
        4.38       11.13
       4.307      -11.22
      -10.81       5.389
       11.66       3.342
      -6.374      -10.39
      -2.332       12.03
       9.889      -7.327
       -12.3      -1.282
        8.24       9.296
      0.2041      -12.48
      -8.618       9.104
       12.56     -0.8955
       -9.91      -7.859
       2.008       12.54
       7.024      -10.65
      -12.43       3.124
       11.32       6.118
      -4.235      -12.21
      -5.148       11.91
       11.89      -5.331
      -12.42      -4.121
       6.403       11.48
       3.044      -12.84
      -10.96       7.442
       13.16       1.924
       -8.44      -10.35
     -0.7723       13.39
        9.65      -9.386
      -13.51      0.4042
       10.27        8.86
      -1.596      -13.52
      -7.989       11.09
       13.43      -2.793
      -11.84      -7.042
       3.987       13.24
       6.024       -12.5
      -12.93       5.166
       13.07       4.944
      -6.323      -12.52
      -3.809       13.55
       12.01      -7.447
      -13.93      -2.628
       8.528       11.39
        1.41      -14.21
      -10.67       9.557
       14.38      0.1632
      -10.53      -9.865
       1.102       14.43
       8.967      -11.42
      -14.38       2.375
       12.25       7.987
      -3.647      -14.21
      -6.931       12.98
       13.93      -4.907
      -13.63      -5.807
       6.146       13.53
       4.622      -14.17
      -13.02       7.352
       14.62       3.387
      -8.516      -12.41
      -2.109       14.95
       11.69      -9.628
      -15.17      -0.799
       10.68       10.87
     -0.5336      -15.27
      -9.954       11.66
       15.26      -1.878
      -12.56       -8.95
       3.224       15.13
       7.864      -13.37
      -14.88       4.561
       14.09       6.703
      -5.879       -14.5
      -5.477       14.71
       14.01      -7.166
      -15.22      -4.195
       8.411       13.41
       2.864      -15.61
      -12.69       9.605
       15.89       1.497
      -10.74      -11.87
     -0.1019       16.05
       10.95       -11.8
      -16.09       1.309
       12.78       9.928
      -2.725         -16
       -8.82       13.67
       15.78      -4.136
      -14.47       -7.63
       5.529       15.44
        6.37      -15.16
      -14.98       6.894
       15.74       5.046
      -8.219      -14.39
      -3.669        16.2
       13.69      -9.494
      -16.55       -2.25
       10.71       12.87
      0.7989      -16.77
      -11.94       11.85
       16.86     -0.6733
      -12.92      -10.92
       2.155       16.81
       9.792      -13.89
      -16.64       3.636
       14.76       8.582
      -5.101      -16.34
      -7.294       15.53
       15.91      -6.542
      -16.19      -5.936
       7.945       15.35
        4.52      -16.72
      -14.66       9.301
       17.14       3.055
       -10.6      -13.86
      -1.551       17.42
       12.94      -11.82
      -17.57    -0.02251
       12.97       11.91
       -1.52      -17.58
      -10.78       14.02
       17.46      -3.066
      -14.98      -9.556
       4.601        17.2
       8.246      -15.83
      -16.81       6.114
       16.56       6.861
      -7.594      -16.28
      -5.411       17.17
       15.62      -9.028
      -17.66      -3.906
        10.4       14.84
       2.356      -18.01
      -13.93       11.71
       18.22      0.7758
      -12.94      -12.91
      0.8238        18.3
       11.78      -14.08
      -18.23       2.431
       15.12       10.55
      -4.032      -18.03
      -9.222       16.05
       17.68      -5.616
      -16.86      -7.816
       7.169       17.19
       6.337      -17.55
      -16.56       8.679
       18.11       4.797
      -10.14       -15.8
      -3.208       18.54
       14.92      -11.52
      -18.82      -1.581
       12.84       13.91
    -0.07063      -18.96
      -12.78       14.06
       18.96      -1.735
