      0.7713      -0.906
     0.06112       1.682
      -1.446      -1.468
       2.377      0.1218
      -2.051       1.694
      0.4031      -2.886
       1.785       2.593
       -3.28     -0.7551
       3.106      -1.759
      -1.162       3.579
      -1.637      -3.591
       3.794        1.61
      -4.044       1.432
       2.091       -3.93
       1.152       4.462
       -3.99      -2.594
       4.839     -0.8065
      -3.111       3.975
      -0.402      -5.171
       3.888       3.633
      -5.452    -0.05425
       4.152      -3.729
     -0.5555       5.679
        -3.5      -4.661
       5.848       1.095
      -5.151       3.205
       1.665      -5.954
       2.846       5.616
      -5.996      -2.258
       6.048      -2.426
      -2.868       5.972
       -1.95      -6.442
       5.879       3.486
      -6.791       1.422
       4.106      -5.718
      0.8465       7.089
      -5.487      -4.719
       7.331     -0.2296
      -5.319       5.188
       0.423      -7.513
       4.822       5.898
      -7.631      -1.105
       6.449      -4.392
      -1.809       7.682
      -3.899      -6.965
       7.663        2.53
      -7.439       3.347
       3.259      -7.572
        2.74       7.865
      -7.408      -3.989
       8.238      -2.083
      -4.713        7.17
      -1.381      -8.551
       6.858       5.423
      -8.801      0.6398
       6.112      -6.475
     -0.1343       8.982
       -6.02      -6.772
       9.091      0.9354
      -7.397       5.497
       1.756      -9.125
       4.909        7.98
      -9.082      -2.588
       8.512       -4.26
      -3.426        8.96
      -3.554      -8.989
       8.758        4.26
      -9.405       2.796
       5.083      -8.476
       1.991       9.754
      -8.114      -5.889
       10.03      -1.147
      -6.667       7.674
     -0.2693      -10.23
       7.158       7.412
      -10.35      -0.635
       8.116      -6.568
      -1.558       10.39
      -5.908      -8.771
       10.35       2.492
       -9.37       5.183
       3.429      -10.21
       4.398       9.908
      -9.995      -4.361
       10.38      -3.557
       -5.28       9.689
      -2.667      -10.77
       9.296       6.178
      -11.09       1.734
       7.045      -8.819
      0.7661       11.32
      -8.259      -7.876
       11.47      0.2294
       -8.66        7.62
       1.245      -11.53
       6.906       9.392
       -11.5      -2.272
       10.06      -6.122
      -3.302       11.37
      -5.271      -10.67
       11.15       4.326
       -11.2       4.362
       5.336      -10.83
       3.399       11.65
      -10.42      -6.323
       12.01       -2.39
      -7.279       9.925
      -1.342      -12.29
       9.336       8.195
      -12.48      0.2651
       9.061      -8.662
     -0.8342       12.56
      -7.907      -9.872
       12.55       1.947
      -10.62       7.075
       3.063      -12.44
       6.173       11.29
      -12.23      -4.175
       11.89      -5.206
      -5.272       11.92
      -4.181       -12.4
       11.51       6.347
      -12.82       3.106
       7.389         -11
       1.989       13.15
      -10.39      -8.389
       13.38     -0.8376
      -9.339       9.695
      0.3382      -13.51
       8.911       10.23
      -13.53       -1.53
       11.05      -8.043
      -2.727       13.45
      -7.099       -11.8
       13.26       3.922
      -12.47       6.085
       5.103      -12.96
       5.008       13.05
      -12.55      -6.262
       13.53      -3.875
      -7.389       12.04
      -2.696      -13.92
       11.43       8.473
       -14.2       1.479
       9.505      -10.72
      0.2334       14.37
      -9.916      -10.48
       14.44       1.031
      -11.38       9.023
       2.305      -14.39
       8.047       12.21
      -14.23      -3.578
       12.95      -6.994
      -4.839       13.95
      -5.874       -13.6
       13.56        6.08
      -14.15       4.691
       7.289      -13.06
       3.458        14.6
      -12.45      -8.456
       14.94      -2.182
      -9.571       11.74
      -0.873      -15.17
       10.92       10.63
      -15.28      -0.459
       11.61      -10.01
      -1.804       15.27
      -9.012      -12.52
       15.14        3.15
      -13.33        7.93
       4.489       -14.9
       6.772       14.06
      -14.53      -5.808
       14.68      -5.549
      -7.097       14.05
      -4.269       -15.2
       13.45       8.346
       -15.6        2.94
       9.543      -12.74
       1.574       15.89
      -11.92      -10.68
       16.05     -0.1803
      -11.75       11.01
        1.23      -16.09
        9.99       12.73
      -16.01      -2.647
       13.63      -8.887
      -4.059        15.8
      -7.701      -14.43
       15.47       5.454
      -15.13       6.444
       6.821      -15.01
       5.123       15.72
      -14.43      -8.149
       16.19      -3.749
      -9.427       13.73
      -2.331      -16.54
       12.92       10.65
      -16.76      0.8807
       11.79         -12
      -0.591       16.86
      -10.98      -12.86
       16.83       2.073
      -13.84        9.86
       3.554      -16.66
       8.654       14.72
      -16.37      -5.022
        15.5       -7.37
      -6.464       15.94
      -6.015      -16.16
       15.39        7.87
       -16.7       4.602
       9.229      -14.71
       3.138       17.12
      -13.91      -10.53
       17.41      -1.636
      -11.76          13
     -0.1083      -17.57
       11.97       12.91
      -17.59      -1.434
       13.97      -10.85
       -2.98       17.48
      -9.629      -14.93
       17.23       4.517
      -15.79       8.323
       6.032      -16.84
       6.942       16.53
      -16.32      -7.514
       17.15      -5.494
      -8.951       15.67
      -3.992      -17.64
       14.89       10.33
         -18       2.444
       11.64      -13.99
      0.8648       18.22
      -12.97      -12.88
        18.3      0.7344
      -14.02       11.85
       2.342      -18.24
       10.62       15.07
      -18.05      -3.944
          16        -9.3
      -5.529        17.7
      -7.898      -16.82
       17.22       7.085
      -17.52       6.423
       8.598      -16.61
       4.885       18.09
      -15.85      -10.06
       18.52      -3.298
      -11.45       14.97
      -1.673      -18.81
       13.97       12.77
      -18.96     0.02198
          14      -12.85
      -1.642       18.97
