     -0.7332      0.9371
     -0.1305      -1.678
       1.506       1.407
       -2.38    -0.02353
       1.979      -1.778
     -0.2835       2.901
      -1.891      -2.517
       3.308       0.619
      -3.031       1.886
       1.013      -3.624
       1.784        3.52
      -3.857      -1.452
       3.981      -1.597
      -1.927       4.013
      -1.335       -4.41
       4.094       2.427
      -4.802       1.006
       2.944        -4.1
      0.6153        5.15
      -4.034      -3.469
        5.45     -0.1711
      -3.995       3.897
      0.3204      -5.697
        3.69       4.512
      -5.888      -0.852
       5.014      -3.415
      -1.417       6.018
      -3.076      -5.494
       6.085       2.008
      -5.943       2.674
       2.619      -6.085
       2.215       6.356
      -6.018       -3.24
       6.726      -1.701
      -3.866       5.882
      -1.139      -7.048
       5.677       4.489
      -7.315      0.5323
         5.1      -5.404
     -0.1121       7.524
      -5.062      -5.694
       7.671      0.7887
      -6.262       4.654
       1.491       -7.75
       4.183       6.798
      -7.761      -2.211
       7.294      -3.651
      -2.943         7.7
      -3.062      -7.745
       7.566        3.68
      -8.145       2.421
       4.413      -7.358
       1.733       8.487
      -7.077      -5.135
       8.767      -1.003
      -5.839       6.722
     -0.2369       -8.98
       6.295       6.518
      -9.122     -0.5589
       7.164      -5.798
      -1.377        9.19
      -5.235       -7.77
       9.182       2.211
      -8.329       4.608
       3.052      -9.094
       3.922       8.835
      -8.927      -3.894
       9.281      -3.182
      -4.729       8.679
      -2.393      -9.663
        8.35       5.548
      -9.975        1.56
       6.345      -7.943
      0.6918       10.21
      -7.458       -7.11
       10.37      0.2067
      -7.838       6.898
       1.127      -10.45
       6.266       8.519
      -10.44      -2.062
       9.148      -5.566
      -3.004       10.35
      -4.803      -9.718
       10.17       3.945
      -10.22       3.982
       4.875      -9.899
       3.109       10.65
      -9.543      -5.788
       11.01      -2.191
      -6.675       9.103
      -1.233      -11.28
       8.578       7.528
      -11.47      0.2448
       8.338      -7.972
     -0.7675       11.57
      -7.289      -9.098
       11.58       1.795
      -9.801       6.532
       2.829       -11.5
       5.708       10.44
      -11.32      -3.862
       11.01      -4.821
      -4.884       11.04
      -3.877       -11.5
       10.68       5.887
      -11.91       2.885
       6.862      -10.22
       1.849       12.23
      -9.666      -7.802
       12.45     -0.7803
      -8.696       9.029
      0.3144      -12.59
       8.308       9.537
      -12.62      -1.426
       10.32      -7.508
      -2.546       12.56
      -6.634      -11.03
       12.39       3.666
      -11.66       5.693
       4.775      -12.13
        4.69       12.22
      -11.76      -5.866
       12.69      -3.634
      -6.928       11.29
       -2.53      -13.06
       10.73       7.952
      -13.34        1.39
        8.93      -10.07
      0.2202       13.51
      -9.326      -9.853
       13.58      0.9693
      -10.71       8.493
        2.17      -13.55
       7.581        11.5
      -13.41      -3.371
       12.21      -6.595
      -4.564       13.16
      -5.543      -12.83
        12.8       5.738
      -13.36       4.431
       6.885      -12.34
       3.269        13.8
      -11.77      -7.993
       14.13      -2.064
      -9.054        11.1
     -0.8271      -14.35
       10.34       10.06
      -14.47     -0.4338
          11      -9.485
      -1.708       14.47
      -8.544      -11.86
       14.36       2.987
      -12.65       7.524
       4.259      -14.14
        6.43       13.34
       -13.8      -5.515
       13.95      -5.272
      -6.743       13.35
      -4.058      -14.44
       12.79       7.934
      -14.84       2.797
       9.078      -12.12
       1.499       15.12
      -11.35      -10.17
       15.28     -0.1726
      -11.19       10.48
       1.171      -15.33
       9.521       12.13
      -15.26      -2.522
       12.99      -8.474
      -3.869       15.07
      -7.347      -13.77
       14.76       5.203
      -14.44       6.151
       6.511      -14.33
       4.893       15.01
      -13.78      -7.783
       15.46      -3.582
      -9.009       13.12
      -2.229      -15.81
       12.36       10.18
      -16.03      0.8433
       11.28      -11.48
     -0.5644       16.13
      -10.51      -12.31
       16.11       1.983
      -13.25       9.442
       3.403      -15.96
       8.291        14.1
      -15.68       -4.81
       14.85      -7.063
      -6.195       15.28
      -5.768      -15.49
       14.75       7.546
      -16.02       4.414
       8.852      -14.11
       3.012       16.43
      -13.35       -10.1
       16.71      -1.572
      -11.29       12.48
     -0.1061      -16.87
        11.5        12.4
       -16.9      -1.376
       13.42      -10.42
      -2.863       16.79
      -9.255      -14.35
       16.56       4.341
      -15.18       8.004
         5.8      -16.19
       6.678        15.9
       -15.7      -7.228
        16.5      -5.288
      -8.613       15.08
      -3.843      -16.98
       14.33       9.945
      -17.33       2.354
       11.21      -13.47
       0.834       17.55
       -12.5       -12.4
       17.63      0.7065
      -13.51       11.42
       2.256      -17.58
       10.24       14.52
       -17.4      -3.801
       15.43      -8.969
      -5.331       17.07
      -7.619      -16.23
       16.62       6.834
       -16.9       6.198
       8.296      -16.02
       4.717       17.46
       -15.3      -9.707
       17.88      -3.185
      -11.06       14.46
      -1.617      -18.17
       13.49       12.33
      -18.32     0.02235
       13.52      -12.42
      -1.586       18.33
      -11.23      -14.61
       18.19       3.195
      -15.61       9.954
       4.793      -17.92
       8.586       16.48
       -17.5      -6.367
       17.24      -7.142
      -7.905       16.95
      -5.628      -17.87
       16.26       9.395
      -18.37       4.061
       10.82      -15.43
       2.449       18.73
      -14.49      -12.18
       18.95     -0.8054
      -13.45       13.42
      0.8574      -19.02
