     -0.3673      -1.132
     -0.6981       1.531
       1.897     -0.8051
      -2.243     -0.7942
        1.25       2.349
      0.7287      -2.822
      -2.639       1.716
        3.32      0.5533
        -2.2      -2.811
     -0.2917       3.751
       2.883      -2.694
      -4.121     0.04089
       3.192       2.866
     -0.4332      -4.431
      -2.767       3.685
       4.678     -0.8755
      -4.165      -2.592
       1.359       4.862
       2.344      -4.626
       -4.98       1.875
        5.06        2.03
      -2.416      -5.031
      -1.653       5.461
       5.014      -2.973
      -5.823      -1.219
       3.539       4.928
      0.7333      -6.139
      -4.773       4.105
       6.404      0.2008
      -4.665      -4.551
      0.3722       6.614
       4.261      -5.211
      -6.765      0.9791
       5.734       3.905
      -1.614      -6.852
      -3.487       6.229
       6.873      -2.269
      -6.689      -3.009
       2.937       6.825
       2.476      -7.106
      -6.708       3.612
       7.476        1.89
      -4.285       -6.52
      -1.259       7.791
       6.261       -4.95
      -8.049     -0.5855
       5.599       5.932
     -0.1233      -8.242
      -5.534       6.225
       8.369     -0.8608
       -6.82      -5.069
       1.621       8.426
       4.539      -7.377
      -8.409       2.396
       7.891       3.949
      -3.179      -8.317
      -3.303       8.354
       8.149      -3.963
       -8.76      -2.604
        4.74       7.904
       1.859      -9.105
      -7.582       5.503
       9.383       1.073
      -6.243      -7.185
     -0.2524       9.589
       6.715      -6.953
      -9.721      0.5959
       7.627       6.173
      -1.465      -9.774
      -5.562       8.256
       9.747      -2.347
      -8.834      -4.887
       3.235       9.637
       4.153      -9.355
      -9.444       4.121
       9.812       3.363
      -4.996      -9.168
      -2.525        10.2
       8.808      -5.853
      -10.51      -1.644
       6.684       8.366
      0.7275      -10.75
      -7.845        7.48
        10.9     -0.2177
      -8.235      -7.247
       1.184       10.97
       6.575       -8.94
      -10.95       2.163
       9.589       5.834
      -3.147      -10.84
      -5.029       10.18
       10.64      -4.128
      -10.69      -4.165
       5.098       10.35
       3.249      -11.13
      -9.967       6.046
       11.49       2.286
      -6.966      -9.498
      -1.286       11.77
       8.943      -7.848
      -11.95     -0.2547
       8.686       8.304
     -0.7992      -12.05
      -7.586        9.47
       12.05      -1.867
      -10.19      -6.794
       2.941       11.95
       5.931      -10.85
      -11.76       4.012
       11.43       5.005
      -5.071      -11.46
      -4.023       11.93
       11.08      -6.108
      -12.35      -2.991
       7.115       10.59
       1.916      -12.67
      -10.01       8.083
        12.9      0.8082
      -9.004      -9.349
      0.3254       13.03
       8.597      -9.868
      -13.06       1.475
       10.67       7.765
      -2.634      -12.98
      -6.857        11.4
       12.81      -3.789
      -12.05       -5.88
       4.933       12.52
       4.842      -12.62
      -12.14       6.056
       13.09       3.749
      -7.148      -11.65
       -2.61       13.47
       11.07      -8.201
      -13.75      -1.433
       9.205       10.38
       0.227      -13.92
      -9.608       10.15
       13.99     -0.9985
      -11.03      -8.746
       2.235       13.95
       7.803      -11.84
       -13.8        3.47
       12.56       6.786
      -4.696      -13.54
      -5.701        13.2
       13.16      -5.901
      -13.74      -4.556
       7.077       12.68
        3.36      -14.18
       -12.1       8.214
       14.52       2.121
      -9.301      -11.41
     -0.8495       14.74
       10.62      -10.33
      -14.85      0.4463
       11.29       9.736
      -1.754      -14.85
      -8.767       12.18
       14.73      -3.065
      -12.98      -7.717
       4.369        14.5
       6.593      -13.69
      -14.15       5.654
        14.3       5.405
      -6.912      -13.68
      -4.159        14.8
        13.1       -8.13
       -15.2      -2.866
       9.299       12.42
       1.535      -15.48
      -11.62       10.41
       15.65      0.1758
      -11.45      -10.73
         1.2       15.69
       9.744      -12.42
      -15.62       2.582
        13.3        8.67
       -3.96      -15.42
      -7.516       14.08
        15.1      -5.322
      -14.77      -6.291
       6.658       14.65
       5.003      -15.34
      -14.09       7.957
       15.81       3.662
      -9.208      -13.41
      -2.277       16.15
       12.62       -10.4
      -16.38     -0.8606
       11.53       11.73
     -0.5776      -16.48
      -10.73       12.57
       16.45      -2.026
      -13.53      -9.641
       3.474       16.29
       8.464       -14.4
      -16.01        4.91
       15.16        7.21
      -6.322      -15.59
      -5.886       15.81
       15.06        -7.7
      -16.34      -4.504
       9.032        14.4
       3.072      -16.76
      -13.62       10.31
       17.04       1.603
      -11.51      -12.73
     -0.1071        17.2
       11.73      -12.64
      -17.23       1.404
       13.68       10.63
      -2.918      -17.12
      -9.433       14.63
       16.88      -4.424
      -15.47      -8.155
       5.911        16.5
       6.803       -16.2
      -15.99       7.365
       16.81       5.385
      -8.774      -15.36
      -3.913       17.29
        14.6      -10.13
      -17.65      -2.397
       11.42       13.72
      0.8492      -17.87
      -12.72       12.63
       17.95     -0.7193
      -13.75      -11.62
       2.296        17.9
       10.42      -14.78
      -17.71       3.869
        15.7       9.126
      -5.426      -17.37
      -7.751       16.51
        16.9      -6.954
       -17.2      -6.304
        8.44        16.3
       4.797      -17.76
      -15.56       9.874
       18.18        3.24
      -11.24       -14.7
      -1.644       18.47
       13.72      -12.54
      -18.62    -0.02272
       13.75       12.62
      -1.612      -18.63
      -11.42       14.86
       18.49      -3.249
      -15.86      -10.12
       4.873       18.21
       8.725      -16.75
      -17.78       6.472
       17.52       7.256
      -8.033      -17.22
      -5.719       18.16
