     -0.5358      -1.062
     -0.4561        1.62
       1.752      -1.085
      -2.338     -0.4424
       1.594       2.131
      0.2893        -2.9
      -2.346       2.099
       3.365     0.03985
      -2.603      -2.442
      0.2845       3.752
       2.438      -3.103
      -4.067      0.6698
       3.592       2.345
      -1.105      -4.313
      -2.172       4.064
        4.49       -1.58
      -4.512      -1.925
       2.085       4.597
       1.611       -4.93
      -4.635       2.613
       5.311       1.234
      -3.155      -4.603
     -0.8003        5.65
       4.501      -3.703
      -5.941     -0.3158
        4.25        4.33
     -0.2128      -6.179
      -4.091       4.786
        6.36     -0.7796
      -5.305      -3.785
       1.378        6.48
       3.415        -5.8
      -6.536       2.001
       6.263       2.984
      -2.641      -6.525
      -2.495       6.689
       6.446      -3.291
       -7.07      -1.953
       3.945       6.297
       1.361      -7.401
      -6.078       4.594
       7.677      0.7266
      -5.231      -5.789
    -0.05395       7.892
       5.432      -5.848
      -8.044      0.6505
       6.439       5.007
       -1.38      -8.127
      -4.518       6.997
        8.14      -2.129
      -7.514      -3.968
       2.888       8.079
        3.36      -7.984
      -7.944       3.652
       8.401       2.698
      -4.412      -7.734
      -1.988        8.76
       7.448      -5.161
      -9.055      -1.236
       5.892       7.087
      0.4468      -9.282
      -6.653       6.596
       9.437     -0.3723
      -7.267      -6.148
       1.215       9.515
       5.574      -7.897
      -9.516       2.073
        8.48       4.936
       -2.94      -9.436
      -4.236       9.009
       9.274      -3.808
      -9.477      -3.481
       4.668       9.031
       2.675      -9.879
      -8.704       5.515
       10.21       1.825
      -6.337      -8.297
     -0.9379       10.47
       7.811      -7.129
      -10.64    -0.01948
       7.883       7.248
     -0.9223      -10.73
      -6.611        8.59
       10.74       -1.88
      -9.245      -5.905
       2.845       10.66
       5.133       -9.84
      -10.49        3.81
       10.37       4.301
      -4.766      -10.23
      -3.416       10.82
       9.884      -5.705
       -11.2      -2.484
       6.618       9.449
       1.511       -11.5
      -8.927       7.497
       11.71      0.5049
      -8.334      -8.323
       0.526       11.83
       7.639      -9.122
      -11.85       1.574
       9.852        6.88
       -2.63      -11.79
      -6.051       10.52
       11.62      -3.685
      -11.11      -5.157
       4.731       11.36
       4.205      -11.63
      -11.01        5.76
       12.06       3.201
      -6.762      -10.56
      -2.154       12.41
       10.01      -7.727
      -12.66       -1.07
       8.649       9.381
    -0.04069      -12.81
      -8.663       9.518
       12.87      -1.171
      -10.33      -7.864
       2.311       12.83
       6.989      -11.07
      -12.68       3.452
       11.73       6.044
      -4.585      -12.43
      -5.036       12.31
       12.08        -5.7
      -12.81      -3.972
       6.787       11.62
       2.859      -13.21
      -11.07       7.838
       13.51       1.706
      -8.843      -10.42
     -0.5225       13.71
       9.683      -9.795
      -13.81      0.6833
       10.68       8.855
      -1.902       -13.8
      -7.945        11.5
       13.68      -3.123
      -12.24      -6.959
       4.339       13.45
       5.904      -12.89
      -13.11       5.536
       13.45       4.788
      -6.707      -12.66
      -3.619       13.91
       12.11      -7.842
      -14.27      -2.405
       8.931       11.45
       1.155      -14.53
       -10.7       9.965
       14.67       -0.12
      -10.93      -9.852
       1.411        14.7
       8.916      -11.83
      -14.61       2.709
       12.64       7.898
      -4.002      -14.41
      -6.805       13.37
       14.09      -5.279
         -14      -5.645
       6.532       13.66
       4.427      -14.53
      -13.12       7.748
       14.95       3.159
       -8.92      -12.47
       -1.85       15.26
       11.71      -10.04
      -15.46     -0.5117
       11.09       10.85
     -0.8468      -15.54
      -9.898       12.06
       15.49      -2.216
      -12.96      -8.857
       3.582       15.33
       7.734      -13.76
      -15.04       4.936
       14.47       6.538
      -6.267      -14.63
      -5.278       15.07
       14.11      -7.565
      -15.55      -3.962
       8.818       13.47
       2.601      -15.93
      -12.71       10.02
       16.18       1.205
      -11.15      -11.85
      0.2161       16.31
       10.89      -12.21
      -16.32        1.65
       13.18       9.831
      -3.087       -16.2
      -8.686       14.06
       15.95      -4.514
      -14.85      -7.462
       5.921       15.57
       6.167      -15.52
      -15.07       7.297
       16.08       4.811
       -8.63      -14.45
      -3.403       16.52
        13.7      -9.909
      -16.84      -1.956
       11.12       12.85
      0.4783      -17.03
      -11.88       12.26
       17.09      -1.019
      -13.32      -10.82
       2.519       17.02
       9.658      -14.28
      -16.81       4.018
       15.14       8.412
      -5.499      -16.47
      -7.089        15.9
          16       -6.95
      -16.53      -5.699
       8.361        15.4
       4.249      -17.05
      -14.68        9.72
       17.43       2.757
      -11.02      -13.84
      -1.226       17.69
       12.88      -12.24
       -17.8      0.3239
       13.38       11.81
       -1.89      -17.79
      -10.65       14.42
       17.63      -3.451
      -15.37      -9.385
       5.003       17.34
       8.041       -16.2
      -16.91       6.526
       16.91        6.62
      -8.015      -16.34
       -5.14        17.5
       15.64      -9.453
      -17.96      -3.604
       10.83       14.82
        2.03      -18.28
      -13.87       12.14
       18.47      0.4239
      -13.36      -12.81
       1.195       18.51
       11.64      -14.49
      -18.41       2.822
       15.51       10.38
      -4.437      -18.17
      -9.015       16.43
       17.78      -6.034
      -17.22      -7.576
       7.596       17.25
       6.064      -17.89
      -16.59       9.111
       18.42       4.497
      -10.57      -15.79
      -2.878       18.82
