     -0.4936      -1.083
       1.549      0.6574
      -1.943      0.6878
       1.118      -2.101
      0.6652       2.576
      -2.444      -1.589
       3.105     -0.5176
      -2.074        2.65
     -0.2768      -3.559
       2.749       2.569
      -3.946    -0.03915
       3.067      -2.754
     -0.4174        4.27
      -2.674       -3.56
        4.53      0.8477
      -4.041       2.514
       1.321      -4.725
       2.282       4.503
      -4.854      -1.828
       4.938      -1.981
       -2.36       4.915
      -1.617      -5.341
       4.908        2.91
      -5.705       1.195
        3.47      -4.832
      0.7196       6.024
      -4.687      -4.031
       6.293     -0.1973
      -4.587       4.474
       0.366      -6.507
       4.193       5.129
      -6.661     -0.9642
       5.649      -3.847
       -1.59       6.753
      -3.438      -6.142
       6.779       2.238
        -6.6        2.97
       2.899      -6.737
       2.445       7.017
      -6.626      -3.568
       7.386      -1.868
      -4.235       6.444
      -1.244      -7.702
       6.191       4.895
      -7.961      0.5791
       5.539      -5.868
      -0.122       8.156
      -5.477      -6.161
       8.285      0.8522
      -6.753       5.019
       1.605      -8.344
       4.496       7.307
      -8.331      -2.374
       7.819      -3.913
      -3.151       8.242
      -3.274       -8.28
       8.078       3.929
      -8.686       2.582
         4.7      -7.838
       1.844        9.03
      -7.521      -5.458
       9.308      -1.064
      -6.194       7.129
     -0.2504      -9.515
       6.664         6.9
      -9.648     -0.5915
        7.57      -6.127
      -1.454       9.703
      -5.522      -8.197
       9.678       2.331
      -8.773       4.853
       3.213      -9.571
       4.125       9.291
      -9.381      -4.093
       9.747      -3.341
      -4.963       9.108
      -2.509      -10.13
       8.752       5.816
      -10.45       1.634
       6.642      -8.315
      0.7231       10.68
      -7.798      -7.435
       10.84      0.2164
      -8.186       7.204
       1.177      -10.91
       6.537       8.889
      -10.89      -2.151
       9.535      -5.802
       -3.13       10.78
      -5.002      -10.12
       10.58       4.106
      -10.63       4.143
        5.07      -10.29
       3.231       11.07
      -9.915      -6.015
       11.43      -2.275
       -6.93        9.45
      -1.279      -11.71
       8.898       7.809
       -11.9      0.2535
       8.643      -8.263
     -0.7953       11.99
       -7.55      -9.424
       11.99       1.859
      -10.15       6.761
       2.927       -11.9
       5.904        10.8
       -11.7      -3.994
       11.38      -4.983
      -5.048       11.41
      -4.005      -11.88
       11.03       6.081
      -12.29       2.978
       7.084      -10.55
       1.908       12.62
      -9.972      -8.048
       12.84     -0.8047
      -8.966       9.309
       0.324      -12.98
       8.562       9.828
      -13.01      -1.469
       10.63      -7.733
      -2.622       12.93
      -6.829      -11.35
       12.76       3.774
         -12       5.857
       4.913      -12.48
       4.823       12.57
      -12.09      -6.032
       13.04      -3.735
      -7.121       11.61
        -2.6      -13.42
       11.02        8.17
       -13.7       1.428
       9.171      -10.34
      0.2261       13.87
      -9.573      -10.11
       13.94      0.9949
      -10.99       8.715
       2.227       -13.9
       7.776        11.8
      -13.75      -3.458
       12.52      -6.762
      -4.679       13.49
      -5.681      -13.15
       13.12       5.881
      -13.69        4.54
       7.054      -12.64
       3.348       14.13
      -12.06      -8.186
       14.47      -2.114
       -9.27       11.37
     -0.8467      -14.69
       10.58        10.3
      -14.81     -0.4439
       11.25      -9.705
      -1.749       14.81
      -8.739      -12.14
       14.69       3.056
      -12.94       7.693
       4.355      -14.46
       6.573       13.64
      -14.11      -5.637
       14.25      -5.388
      -6.891       13.64
      -4.147      -14.76
       13.07       8.106
      -15.15       2.858
       9.272      -12.38
       1.531       15.44
      -11.59      -10.38
        15.6     -0.1753
      -11.42        10.7
       1.196      -15.65
       9.716       12.38
      -15.57      -2.575
       13.26      -8.646
      -3.949       15.38
      -7.495      -14.04
       15.06       5.307
      -14.73       6.274
        6.64      -14.61
       4.989        15.3
      -14.05      -7.935
       15.77      -3.652
      -9.183       13.38
      -2.272      -16.11
       12.59       10.37
      -16.33      0.8583
        11.5       -11.7
     -0.5761       16.43
       -10.7      -12.54
       16.41       2.021
       -13.5       9.616
       3.465      -16.25
       8.443       14.36
      -15.97      -4.898
       15.12      -7.191
      -6.307       15.55
      -5.871      -15.77
       15.02       7.681
       -16.3       4.493
       9.009      -14.36
       3.064       16.72
      -13.58      -10.28
          17      -1.599
      -11.48       12.69
     -0.1068      -17.16
        11.7       12.61
      -17.19        -1.4
       13.65       -10.6
      -2.911       17.08
      -9.411      -14.59
       16.84       4.414
      -15.43       8.137
       5.897      -16.46
       6.787       16.16
      -15.96      -7.348
       16.77      -5.373
      -8.755       15.32
      -3.904      -17.25
       14.57       10.11
      -17.61       2.392
       11.39      -13.69
      0.8473       17.83
       -12.7       -12.6
       17.91      0.7177
      -13.72        11.6
       2.291      -17.86
        10.4       14.75
      -17.67       -3.86
       15.67      -9.107
      -5.414       17.34
      -7.734      -16.48
       16.87       6.939
      -17.16       6.291
       8.423      -16.27
       4.787       17.72
      -15.53      -9.854
       18.15      -3.233
      -11.22       14.67
      -1.641      -18.44
       13.69       12.51
      -18.59     0.02268
       13.72       -12.6
      -1.609       18.59
       -11.4      -14.83
       18.45       3.242
      -15.83        10.1
       4.863      -18.17
       8.708       16.72
      -17.75      -6.459
       17.49      -7.241
      -8.017       17.18
      -5.707      -18.12
       16.48       9.526
