       0.483       1.087
      -1.542     -0.6725
       1.949     -0.6688
      -1.138        2.09
       -0.64      -2.582
       2.428       1.612
       -3.11      0.4872
         2.1       -2.63
       0.242       3.561
      -2.724      -2.596
       3.945     0.07768
      -3.094       2.724
      0.4592      -4.265
       2.639       3.586
      -4.521      -0.892
       4.065      -2.475
      -1.367       4.712
      -2.238      -4.525
       4.836       1.875
      -4.958       1.933
       2.408      -4.892
       1.565       5.357
       -4.88      -2.958
       5.717      -1.139
      -3.517       4.798
     -0.6607      -6.031
       4.648       4.077
      -6.295      0.1357
        4.63      -4.429
     -0.4297       6.503
      -4.143      -5.169
       6.652       1.029
      -5.687       3.792
       1.656      -6.737
       3.378       6.175
      -6.757      -2.304
       6.629      -2.905
      -2.965       6.709
      -2.376       -7.04
        6.59       3.632
      -7.404       1.796
       4.298      -6.402
       1.169       7.714
      -6.143      -4.955
       7.966      -0.501
      -5.597       5.814
      0.2017      -8.155
       5.416       6.214
      -8.276      -0.933
       6.801      -4.952
      -1.686       8.328
      -4.425      -7.351
       8.307       2.455
      -7.857       3.837
       3.231      -8.211
       3.193       8.312
      -8.039      -4.008
       8.711      -2.497
      -4.777       7.791
      -1.755      -9.048
       7.467       5.531
      -9.318      0.9733
       6.263      -7.068
      0.1575       9.517
      -6.596      -6.965
       9.642      0.6857
       -7.63       6.053
       1.549      -9.689
       5.442        8.25
      -9.655      -2.425
        8.82      -4.767
      -3.306       9.539
      -4.033      -9.331
       9.341       4.185
       -9.78       3.245
       5.052      -9.059
        2.41       10.16
      -8.695      -5.901
       10.46      -1.532
      -6.723       8.249
     -0.6187      -10.69
       7.725       7.511
      -10.84     -0.3222
       8.256      -7.124
      -1.283       10.89
       -6.45      -8.952
       10.87       2.258
      -9.592       5.708
       3.236      -10.75
       4.903       10.17
      -10.54      -4.209
       10.67      -4.038
      -5.171       10.24
      -3.123       -11.1
       9.856       6.111
      -11.46       2.163
       7.022      -9.381
       1.165       11.72
      -8.821      -7.896
        11.9     -0.1373
      -8.723       8.178
      0.9131      -11.98
       7.457       9.498
      -11.97      -1.976
       10.21      -6.662
      -3.044       11.87
      -5.798      -10.86
       11.66       4.108
      -11.43       4.871
       5.159      -11.36
       3.889       11.92
      -10.97      -6.188
       12.32      -2.857
      -7.187       10.48
      -1.785      -12.63
       9.893       8.146
      -12.85      0.6785
       9.056      -9.221
     -0.4515       12.97
      -8.465      -9.911
       12.99       1.597
       -10.7       7.629
       2.749      -12.91
       6.718       11.42
      -12.72      -3.898
       12.06       -5.74
      -5.035       12.43
        -4.7      -12.61
       12.03        6.15
      -13.08       3.607
       7.234      -11.54
       2.469       13.45
      -10.94      -8.278
       13.71      -1.293
      -9.272       10.25
    -0.08977      -13.88
       9.474       10.21
      -13.93      -1.132
       11.08      -8.608
      -2.362       13.88
       -7.66      -11.87
       13.72       3.592
      -12.58       6.639
       4.811      -13.44
       5.552       13.21
      -13.06      -6.009
       13.74      -4.406
      -7.177       12.57
      -3.209      -14.16
       11.98       8.304
      -14.49       1.972
       9.381      -11.28
      0.7023        14.7
      -10.48       -10.4
        14.8      0.5894
      -11.35       9.594
       1.893      -14.79
        8.62       12.22
      -14.66      -3.199
       13.01      -7.566
      -4.496       14.41
       -6.44      -13.71
       14.05       5.775
       -14.3       5.249
       7.024      -13.57
       4.001        14.8
      -12.99      -8.233
       15.18      -2.708
      -9.392       12.29
      -1.379      -15.45
       11.49       10.49
       -15.6     0.02285
       11.52      -10.59
      -1.349       15.64
      -9.595      -12.48
       15.55       2.727
      -13.34       8.516
       4.099      -15.34
       7.358       14.12
         -15      -5.454
       14.79      -6.128
      -6.782       14.55
      -4.839      -15.35
       13.98       8.072
       -15.8       3.497
       9.313      -13.29
       2.114       16.13
      -12.49       -10.5
       16.34     -0.6987
      -11.61       11.58
      0.7366      -16.43
       10.58       12.64
      -16.39      -2.181
       13.59      -9.484
      -3.624       16.21
      -8.302      -14.44
       15.92       5.053
      -15.19       7.042
       6.458      -15.49
       5.716       15.83
      -14.94      -7.827
       16.35      -4.332
      -9.149       14.27
      -2.901      -16.74
       13.48       10.41
      -17.02       1.433
       11.61      -12.58
    -0.06077       17.16
      -11.57      -12.72
       17.17       1.568
      -13.75       10.47
       3.078      -17.05
       9.267       14.69
      -16.79      -4.578
       15.51      -7.986
      -6.058        16.4
      -6.629      -16.23
       15.88       7.503
      -16.82       5.209
       8.904      -15.24
       3.736       17.29
      -14.47      -10.25
       17.63       -2.22
      -11.53       13.58
     -0.6731      -17.83
       12.57       12.72
       -17.9     -0.8926
       13.84      -11.46
      -2.465       17.84
      -10.25      -14.85
       17.63       4.033
      -15.76       8.954
       5.583      -17.28
       7.573       16.55
       -16.8      -7.103
       17.22      -6.123
      -8.581       16.18
      -4.614      -17.77
       15.44       10.01
      -18.18       3.055
       11.36      -14.56
       1.461       18.45
      -13.57      -12.65
       18.58      0.1589
      -13.84       12.46
        1.79      -18.58
       11.25       14.94
      -18.42      -3.422
       15.93       -9.94
       -5.04       18.13
      -8.544       -16.8
       17.69       6.632
      -17.56        7.07
       8.185      -17.11
        5.53       18.18
      -16.39      -9.687
