       1.176     -0.1818
        -1.4     -0.9337
      0.4918       2.001
       1.142      -2.088
      -2.518      0.8584
       2.669        1.17
      -1.272      -2.879
      -1.076       3.189
       3.126      -1.723
      -3.656     -0.8872
       2.199       3.277
      0.6179      -4.075
      -3.339       2.693
       4.443        0.28
      -3.195       -3.32
      0.1171       4.758
       3.224      -3.698
      -5.016      0.5649
       4.192       3.053
      -1.055      -5.215
      -2.812       4.671
       5.352      -1.581
      -5.127      -2.505
       2.134       5.424
       2.134      -5.553
       -5.43       2.706
       5.943       1.704
       -3.29      -5.368
      -1.221        6.29
       5.237      -3.878
      -6.589     -0.6891
       4.463       5.038
      0.1139      -6.834
      -4.771       5.037
       7.021     -0.4985
      -5.592      -4.437
       1.142       7.147
       4.039      -6.122
      -7.207       1.809
        6.62       3.579
      -2.494      -7.199
       -3.06       7.078
       7.121      -3.189
       -7.49      -2.487
       3.887       6.971
       1.863      -7.852
       -6.75        4.58
       8.156       1.195
      -5.261      -6.457
     -0.4871       8.399
       6.093      -5.923
      -8.576       0.254
       6.558       5.659
      -1.022      -8.683
      -5.159       7.159
       8.718       -1.81
      -7.719      -4.595
       2.611       8.677
        3.97      -8.232
       -8.56       3.417
       8.691       3.289
      -4.221      -8.364
      -2.558       9.091
        8.09      -5.015
      -9.426      -1.781
       5.791       7.739
      0.9645      -9.691
      -7.312       6.543
       9.883      0.1152
      -7.261      -6.809
      0.7606       9.997
       6.236       -7.94
      -10.03       1.655
       8.571       5.594
      -2.559      -9.981
      -4.887       9.149
       9.848      -3.468
      -9.666      -4.122
       4.371        9.63
       3.303      -10.12
      -9.327       5.261
        10.5       2.435
      -6.131      -8.939
      -1.527        10.8
       8.469      -6.972
      -11.02      -0.583
       7.775       7.919
     -0.3869      -11.15
      -7.291       8.534
        11.2      -1.376
      -9.242      -6.589
       2.376       11.16
       5.819      -9.889
      -11.03       3.379
       10.47       4.985
      -4.376      -10.81
      -4.093       10.98
       10.49      -5.359
      -11.41      -3.149
       6.319       10.08
       2.161      -11.76
      -9.585       7.248
       12.02       1.135
      -8.137      -9.001
    -0.08037       12.19
       8.335      -8.978
      -12.27      0.9952
       9.763       7.588
      -2.083      -12.25
      -6.767       10.48
       12.13      -3.174
      -11.14      -5.877
        4.26       11.91
       4.925      -11.71
      -11.59       5.332
        12.2       3.916
       -6.38      -11.18
      -2.858        12.6
       10.67      -7.395
      -12.91      -1.759
       8.368       10.06
      0.6287      -13.13
      -9.369       9.292
       13.24     -0.5256
      -10.16       -8.59
       1.695       13.25
        7.73      -10.96
      -13.15       2.869
       11.68       6.795
      -4.039      -12.95
      -5.792       12.32
       12.64      -5.195
      -12.88      -4.728
       6.328       12.23
        3.61      -13.34
      -11.72       7.428
       13.71       2.448
      -8.486      -11.11
      -1.249       13.97
        10.4      -9.493
      -14.13    -0.02241
       10.44       9.594
      -1.221      -14.18
      -8.705       11.32
       14.11      -2.473
      -12.12      -7.736
       3.723       13.94
       6.692      -12.84
      -13.65       4.961
       13.46       5.581
      -6.176      -13.25
      -4.412       13.99
       12.75      -7.359
      -14.42      -3.192
         8.5       12.13
       1.932      -14.73
      -11.41        9.59
       14.94      0.6407
      -10.62       -10.6
      0.6723       15.04
       9.691      -11.58
      -15.01       1.997
       12.46       8.695
      -3.322      -14.87
      -7.618       13.25
       14.61      -4.637
      -13.95      -6.469
       5.932       14.24
       5.256      -14.55
      -13.74       7.196
       15.04       3.988
       -8.42      -13.14
      -2.673       15.42
       12.42      -9.592
      -15.68      -1.322
        10.7        11.6
    -0.05413      -15.83
      -10.68       11.74
       15.85      -1.446
       -12.7      -9.669
       2.842       15.75
       8.568      -13.57
      -15.53       4.232
       14.35       7.389
      -5.603      -15.18
      -6.139       15.02
       14.71      -6.947
      -15.58      -4.828
       8.251       14.12
       3.466      -16.03
      -13.42       9.504
       16.36       2.062
       -10.7       -12.6
     -0.6271       16.56
       11.68      -11.82
      -16.64      0.8274
       12.86       10.65
       -2.29      -16.58
      -9.537       13.81
        16.4       -3.75
      -14.67      -8.335
       5.196       16.09
       7.056      -15.41
      -15.65       6.616
       16.05       5.709
      -7.998      -15.09
      -4.305       16.57
        14.4      -9.332
      -16.96      -2.853
       10.61       13.59
       1.366      -17.23
      -12.68       11.81
       17.36     -0.1463
      -12.93      -11.65
       1.672       17.37
       10.52      -13.97
      -17.23       3.199
        14.9       9.303
      -4.715      -16.96
      -8.001       15.73
       16.56      -6.208
      -16.44      -6.625
       7.667       16.03
       5.185      -17.04
      -15.37        9.08
        17.5       3.692
      -10.43      -14.58
      -2.158       17.84
       13.67      -11.72
      -18.03     -0.5925
       12.93       12.65
     -0.9908       -18.1
      -11.52       14.04
       18.02      -2.581
      -15.06      -10.29
       4.164        17.8
       8.971      -15.97
      -17.44       5.728
       16.76       7.572
      -7.261      -16.94
      -6.103       17.43
       16.31      -8.751
      -17.97      -4.574
       10.19       15.55
       2.997      -18.38
      -14.66       11.55
       18.65       1.385
      -12.84      -13.64
      0.2533       18.77
       12.52      -14.04
      -18.75       1.901
       15.14       11.29
      -3.548      -18.59
      -9.961       16.14
       18.28       -5.18
      -17.01      -8.546
