        1.07     -0.5202
      -1.613     -0.4798
        1.06       1.768
      0.4766      -2.331
      -2.154       1.562
       2.896      0.3317
      -2.064      -2.377
    -0.08925       3.364
        2.48      -2.567
      -3.756      0.2294
       3.067       2.483
     -0.6102      -4.076
      -2.398       3.557
       4.328      -1.041
      -4.032      -2.232
       1.514       4.512
       1.991      -4.483
      -4.627       2.018
       4.906       1.683
      -2.545      -4.673
      -1.311       5.292
       4.649      -3.088
      -5.638     -0.8828
       3.637       4.555
       0.403      -5.935
      -4.392       4.186
       6.181     -0.1223
      -4.726       -4.16
      0.6863       6.371
       3.862      -5.249
      -6.499       1.283
       5.749         3.5
      -1.905      -6.564
      -3.075       6.219
       6.563      -2.545
      -6.651      -2.593
       3.197       6.493
       2.056      -7.041
      -6.354       3.852
        7.38        1.47
      -4.504      -6.144
     -0.8393       7.665
       5.865      -5.145
      -7.891     -0.1696
       5.768       5.517
     -0.5326      -8.052
      -5.101       6.365
       8.146      -1.261
       -6.93       -4.62
       2.009        8.17
       4.077      -7.455
      -8.121       2.769
       7.934       3.476
      -3.535      -7.997
      -2.821       8.361
       7.798      -4.298
       -8.73      -2.117
       5.051       7.523
       1.368      -9.036
      -7.173       5.787
       9.275      0.5828
      -6.498      -6.749
       0.234       9.441
       6.254      -7.176
      -9.532       1.075
       7.814       5.689
      -1.934      -9.545
      -5.059       8.407
       9.478      -2.802
      -8.946      -4.368
       3.672       9.329
       3.619      -9.425
      -9.098       4.536
       9.839        2.82
      -5.387      -8.784
      -1.975       10.18
       8.389      -6.215
      -10.45      -1.091
       7.014       7.915
      0.1754      -10.64
      -7.363       7.776
       10.75     -0.7649
      -8.493      -6.736
       1.722       10.77
       6.039      -9.157
       -10.7       2.689
       9.763       5.276
      -3.656      -10.55
      -4.453        10.3
        10.3      -4.615
      -10.77      -3.574
       5.559       9.967
       2.647      -11.16
      -9.545       6.479
       11.47       1.679
      -7.366      -9.036
     -0.6763        11.7
       8.444      -8.212
      -11.83      0.3526
       9.009       7.772
        -1.4      -11.88
      -7.024        9.75
       11.82      -2.457
      -10.43      -6.204
       3.514       11.67
       5.319      -11.03
      -11.43       4.564
       11.57       4.375
      -5.599      -11.09
      -3.378       12.01
       10.65      -6.606
      -12.37      -2.335
        7.58       10.13
       1.256      -12.64
      -9.507        8.51
       12.81      0.1471
       -9.39      -8.801
      0.9821       12.89
       8.014      -10.21
      -12.86       2.123
       10.96        7.15
      -3.266      -12.73
      -6.215       11.64
        12.5      -4.403
      -12.24      -5.216
       5.522       12.16
       4.159      -12.75
      -11.72       6.616
       13.16       3.052
      -7.675      -11.19
      -1.904       13.48
       10.55       -8.69
       -13.7     -0.7234
       9.652       9.826
     -0.4809      -13.82
      -9.011       10.55
       13.82      -1.699
      -11.38      -8.113
       2.922       13.72
       7.138      -12.13
      -13.51       4.141
        12.8       6.092
      -5.344      -13.19
      -4.985       13.38
       12.76      -6.521
      -13.86      -3.822
       7.664       12.22
       2.613      -14.24
      -11.58       8.763
       14.51       1.368
      -9.807      -10.84
    -0.09491       14.67
       10.01      -10.79
      -14.72       1.196
        11.7       9.088
      -2.495      -14.65
      -8.082       12.53
       14.47       -3.79
      -13.27          -7
       5.072       14.17
        5.85      -13.92
      -13.76       6.331
       14.46       4.639
      -7.555      -13.23
      -3.377       14.91
        12.6      -8.737
      -15.24      -2.074
       9.864       11.86
      0.7381      -15.45
      -11.01       10.93
       15.55     -0.6191
      -11.92      -10.07
       1.988       15.52
       9.045      -12.83
      -15.38       3.357
       13.65       7.935
      -4.715      -15.11
      -6.749       14.37
       14.72      -6.052
      -14.99      -5.498
       7.358       14.22
        4.19       -15.5
      -13.59        8.62
       15.89       2.835
      -9.829      -12.86
      -1.442       16.16
       12.01      -10.97
      -16.31    -0.02289
       12.05       11.07
      -1.411      -16.34
      -10.02       13.04
       16.24      -2.849
      -13.93      -8.891
        4.28       16.01
       7.679      -14.73
      -15.65       5.692
       15.43       6.394
      -7.076      -15.17
      -5.046       16.01
       14.57      -8.418
      -16.47      -3.645
       9.707       13.85
       2.202      -16.81
      -13.01       10.93
       17.02      0.7267
      -12.09      -12.06
      0.7678        17.1
       11.01      -13.16
      -17.05       2.271
       14.14       9.867
      -3.771      -16.87
      -8.633       15.02
       16.55      -5.257
      -15.79      -7.321
       6.714        16.1
       5.939      -16.45
      -15.53       8.134
       16.98       4.499
      -9.504      -14.82
      -3.011       17.39
          14      -10.81
      -17.67      -1.486
       12.05       13.06
    -0.06415      -17.81
      -12.01        13.2
       17.81      -1.628
      -14.27      -10.86
       3.193       17.68
       9.609      -15.23
      -17.41       4.747
       16.08       8.277
      -6.278         -17
      -6.868       16.81
       16.46      -7.775
      -17.42      -5.395
       9.223       15.78
       3.867       -17.9
      -14.98       10.61
       18.25       2.297
      -11.93      -14.05
     -0.6955       18.46
       13.01      -13.17
      -18.52      0.9247
       14.31       11.86
      -2.551      -18.45
       -10.6       15.36
       18.23      -4.171
      -16.29      -9.255
       5.773       17.87
       7.827      -17.11
      -17.36       7.342
        17.8       6.326
      -8.867      -16.72
      -4.765       18.35
       15.94      -10.34
      -18.77      -3.154
