        1.09     -0.4777
       -0.68       1.539
     -0.6592      -1.953
       2.084       1.148
      -2.586      0.6274
       1.624       -2.42
       0.472       3.112
       -2.62      -2.113
       3.562     -0.2246
      -2.609       2.711
     0.09695      -3.945
       2.709       3.107
      -4.263     -0.4801
       3.599      -2.621
      -0.914       4.517
      -2.455      -4.077
       4.705        1.39
      -4.536       2.216
       1.898      -4.826
       1.909       4.967
       -4.88      -2.432
       5.365      -1.539
      -2.982       4.865
      -1.111      -5.722
       4.781        3.54
      -6.034      0.6312
         4.1      -4.628
      0.1049       6.295
      -4.406      -4.652
       6.501      0.4615
      -5.189       4.118
       1.062      -6.646
       3.764       5.705
      -6.729      -1.689
       6.192      -3.348
      -2.337       6.746
      -2.873      -6.643
       6.694       2.998
      -7.052       2.341
       3.664      -6.573
       1.759       7.413
      -6.381      -4.329
        7.72      -1.131
      -4.985       6.119
     -0.4621      -7.968
       5.786       5.625
      -8.153     -0.2415
       6.241      -5.386
     -0.9734       8.272
      -4.919      -6.825
        8.32       1.727
      -7.373       4.389
       2.495      -8.295
       3.798       7.875
      -8.195      -3.272
       8.327      -3.152
      -4.047        8.02
      -2.455      -8.723
       7.768       4.815
      -9.056       1.711
       5.568       -7.44
      0.9278       9.323
      -7.038      -6.298
       9.518      -0.111
      -6.997       6.562
      0.7328      -9.638
       6.015       7.659
      -9.681      -1.596
       8.277      -5.402
      -2.473       9.643
      -4.724      -8.843
       9.523       3.353
      -9.351       3.988
        4.23       -9.32
       3.198       9.795
      -9.034      -5.097
       10.17       -2.36
      -5.944       8.666
      -1.481      -10.47
       8.216       6.763
      -10.69      0.5665
       7.549      -7.688
     -0.3751       10.83
      -7.084      -8.291
       10.89       1.337
      -8.984       6.406
       2.311      -10.85
       5.661       9.619
      -10.73      -3.288
       10.19      -4.853
      -4.261       10.52
      -3.986      -10.69
       10.22       5.221
      -11.12       3.069
       6.159      -9.826
       2.107       11.47
      -9.347      -7.068
       11.73      -1.108
      -7.939       8.782
    -0.07916       -11.9
       8.136       8.763
      -11.98     -0.9716
       9.534      -7.411
      -2.035       11.96
      -6.612      -10.24
       11.85       3.102
      -10.88       5.745
       4.165      -11.64
       4.815       11.45
      -11.34      -5.215
       11.94       -3.83
      -6.242       10.94
      -2.797      -12.33
       10.44       7.238
      -12.64       1.723
       8.194      -9.853
      0.6157       12.86
      -9.177      -9.101
       12.97      0.5149
      -9.952       8.417
       1.661      -12.98
       7.577       10.74
      -12.89      -2.812
       11.45      -6.662
       -3.96        12.7
      -5.681      -12.09
        12.4       5.096
      -12.64       4.639
       6.209         -12
       3.543        13.1
       -11.5       -7.29
       13.46      -2.403
      -8.331        10.9
      -1.226      -13.72
       10.21       9.322
      -13.88     0.02201
       10.25      -9.424
        -1.2       13.93
      -8.553      -11.12
       13.87        2.43
      -11.91       7.602
       3.659       -13.7
       6.578       12.62
      -13.42      -4.877
       13.23      -5.488
      -6.073       13.03
      -4.339      -13.76
       12.54       7.238
      -14.18        3.14
       8.362      -11.93
       1.901        14.5
      -11.23      -9.436
        14.7     -0.6305
      -10.45       10.43
      0.6617       -14.8
       9.539        11.4
      -14.78      -1.966
       12.26       -8.56
      -3.271       14.64
      -7.503      -13.05
       14.39       4.567
      -13.74       6.373
       5.843      -14.02
       5.179       14.33
      -13.54       -7.09
       14.82      -3.929
      -8.296       12.95
      -2.634       -15.2
       12.24       9.452
      -15.46       1.303
       10.55      -11.44
    -0.05336        15.6
      -10.53      -11.58
       15.63       1.426
      -12.52       9.534
       2.803      -15.53
        8.45       13.39
      -15.32      -4.173
       14.15      -7.289
      -5.527       14.98
      -6.056      -14.82
       14.52       6.853
      -15.37       4.764
        8.14      -13.94
        3.42       15.82
      -13.24      -9.378
       16.14      -2.035
      -10.56       12.44
     -0.6189      -16.35
       11.53       11.67
      -16.42     -0.8168
       12.69      -10.52
      -2.261       16.37
      -9.418      -13.64
        16.2       3.703
      -14.48       8.231
       5.131      -15.89
       6.968       15.22
      -15.46      -6.534
       15.85      -5.639
        -7.9        14.9
      -4.252      -16.37
       14.23       9.218
      -16.76       2.819
       10.48      -13.43
        1.35       17.02
      -12.52      -11.67
       17.16      0.1446
      -12.78       11.51
       1.652      -17.16
        10.4        13.8
      -17.03      -3.161
       14.73      -9.196
       -4.66       16.77
       -7.91      -15.55
       16.37       6.138
      -16.26        6.55
       7.581      -15.85
       5.127       16.84
      -15.19      -8.978
       17.31      -3.651
      -10.32       14.42
      -2.134      -17.64
       13.52       11.59
      -17.84       0.586
       12.79      -12.51
       -0.98        17.9
      -11.39      -13.89
       17.82       2.552
       -14.9       10.18
       4.119      -17.61
       8.877        15.8
      -17.25      -5.668
       16.59      -7.492
      -7.185       16.76
      -6.039      -17.25
       16.14        8.66
      -17.79       4.527
       10.08      -15.39
       2.967       18.19
      -14.51      -11.43
       18.46       -1.37
      -12.71       13.51
      0.2496      -18.58
       12.39        13.9
      -18.57      -1.881
       14.99      -11.18
      -3.512       18.41
      -9.862      -15.98
        18.1       5.129
      -16.84       8.462
       6.718      -17.65
       6.984       17.59
      -17.07      -8.268
        18.2      -5.441
      -9.767       16.34
