       0.104       1.185
       1.024      -1.335
      -2.029       0.359
       2.008       1.277
     -0.6907      -2.569
      -1.343       2.586
       2.957       -1.08
      -3.111      -1.284
       1.513       3.233
       1.126       -3.59
      -3.414       1.979
       4.026      0.8848
      -2.467      -3.509
     -0.5719       4.415
       3.523       -2.97
      -4.755     -0.1963
       3.478        3.46
     -0.2336      -5.043
      -3.323       3.982
       5.273       -0.71
      -4.476      -3.114
       1.225       5.445
       2.837      -4.951
      -5.553       1.772
       5.401       2.495
      -2.343      -5.596
      -2.092       5.818
       5.573       -2.93
      -6.196      -1.632
       3.525       5.481
       1.121      -6.529
      -5.321       4.122
       6.812      0.5635
      -4.712      -5.092
     0.03534       7.039
       4.796      -5.288
      -7.206      0.6689
       5.843       4.433
      -1.331       -7.31
      -4.007        6.37
       7.347      -2.015
      -6.861      -3.519
       2.713       7.315
       2.975       -7.31
      -7.212       3.419
       7.712       2.376
      -4.126      -7.037
      -1.729        8.06
       6.789      -4.825
      -8.349      -1.039
       5.509       6.469
      0.3109      -8.574
      -6.079       6.171
       8.732     -0.4484
      -6.804      -5.619
       1.232       8.818
       5.093        -7.4
       -8.83       2.034
       7.953       4.503
      -2.846      -8.766
      -3.854       8.456
       8.624      -3.661
      -8.903      -3.151
       4.472       8.403
       2.397      -9.288
      -8.104        5.27
       9.607         1.6
      -6.048      -7.726
     -0.7653       9.854
       7.272      -6.798
      -10.03      0.1007
       7.513       6.745
     -0.9904      -10.12
      -6.146       8.185
       10.13      -1.897
      -8.808      -5.479
       2.812       10.05
       4.749      -9.374
      -9.897       3.728
       9.877       3.961
      -4.636      -9.653
      -3.121       10.31
       9.323       -5.53
      -10.67      -2.234
       6.399        8.91
       1.307      -10.96
      -8.413       7.237
       11.16      0.3485
      -8.036      -7.837
      0.6353       11.27
       7.184      -8.788
      -11.29       1.636
       9.485       6.458
      -2.646      -11.23
      -5.664       10.12
       11.07      -3.656
      -10.69      -4.807
       4.657       10.82
       3.893      -11.18
      -10.48       5.642
       11.59        2.93
      -6.602      -10.04
      -1.924       11.92
       9.517      -7.527
      -12.16      -0.883
        8.41       8.907
     -0.1852      -12.31
      -8.214       9.242
       12.36      -1.272
      -10.02      -7.443
       2.369       12.31
       6.597      -10.73
      -12.16       3.467
       11.36       5.685
      -4.557      -11.92
       -4.71       11.92
       11.57       -5.63
      -12.39      -3.681
       6.677       11.13
       2.606      -12.77
      -10.59       7.688
       13.06       1.492
      -8.655      -9.961
     -0.3469       13.24
        9.24       -9.57
      -13.33      0.8189
       10.42       8.434
      -1.997      -13.31
      -7.549       11.21
       13.19      -3.178
      -11.92      -6.591
       4.352       12.96
       5.566      -12.54
      -12.62       5.509
       13.08       4.481
      -6.641      -12.18
      -3.345       13.52
       11.64      -7.737
      -13.86      -2.166
       8.788          11
      0.9523       -14.1
      -10.26       9.785
       14.23     -0.2857
      -10.72      -9.431
       1.539       14.24
       8.516      -11.58
      -14.15       2.798
       12.37       7.522
      -4.052      -13.95
      -6.455       13.06
       13.63      -5.291
      -13.67      -5.323
       6.505        13.2
       4.135      -14.17
      -12.66       7.684
       14.58       2.898
      -8.818      -12.02
      -1.623       14.87
       11.28      -9.898
      -15.05     -0.3188
       10.91       10.43
      -1.004      -15.11
      -9.496       11.86
       15.06      -2.336
      -12.72      -8.474
       3.666       14.89
       7.374      -13.49
      -14.59       4.983
       14.17       6.203
      -6.277      -14.19
      -4.969       14.74
       13.66      -7.537
      -15.21      -3.682
       8.753       13.03
       2.352      -15.56
      -12.28       9.915
        15.8      0.9879
      -11.01      -11.43
      0.3994       15.91
       10.48      -12.04
      -15.91         1.8
       12.98       9.443
      -3.201      -15.77
      -8.318       13.83
       15.52      -4.593
      -14.58      -7.115
       5.964       15.14
       5.844      -15.23
      -14.64       7.303
       15.77       4.513
        -8.6      -14.02
      -3.134       16.19
       13.28      -9.844
      -16.48      -1.716
       11.02       12.43
      0.2694      -16.66
      -11.48       12.13
        16.7      -1.194
      -13.15      -10.43
       2.663       16.61
       9.283      -14.09
       -16.4       4.126
       14.92       8.055
      -5.572      -16.05
      -6.753       15.64
       15.58      -6.988
      -16.25      -5.386
       8.364       14.98
       3.964      -16.74
      -14.26       9.688
        17.1       2.497
      -10.95      -13.43
     -0.9959       17.34
       12.47      -12.14
      -17.44       0.525
       13.24       11.42
      -2.058      -17.41
      -10.26       14.26
       17.24      -3.588
      -15.17      -9.019
       5.105       16.94
       7.693      -15.97
       -16.5       6.596
       16.66       6.295
      -8.049      -15.93
      -4.836       17.22
       15.23      -9.452
      -17.66      -3.327
       10.79       14.41
       1.778      -17.96
      -13.47       12.07
       18.12      0.2024
      -13.25      -12.42
        1.39       18.15
       11.26      -14.35
      -18.03       2.984
       15.35          10
      -4.568      -17.78
      -8.659       16.23
       17.38       -6.13
      -16.99      -7.237
       7.658       16.85
       5.747      -17.63
      -16.18        9.14
       18.14       4.201
      -10.56      -15.38
      -2.609       18.52
       14.46      -11.92
      -18.75     -0.9829
       13.19       13.42
     -0.6627      -18.84
      -12.26       14.37
       18.78      -2.316
      -15.45         -11
       3.965       18.58
       9.647      -16.41
