     -0.5275       1.066
       1.569     -0.6082
       -1.92     -0.7487
       1.051       2.135
      0.7461      -2.554
      -2.492       1.511
       3.087      0.6153
      -1.989      -2.714
     -0.3889       3.548
       2.829      -2.481
      -3.945    -0.08539
       2.978       2.849
     -0.2826      -4.281
      -2.784       3.474
       4.554     -0.7044
       -3.96      -2.641
       1.171       4.764
       2.423      -4.429
      -4.909       1.673
       4.873       2.136
      -2.204      -4.987
      -1.785       5.288
       4.998      -2.754
      -5.665      -1.374
       3.316       4.939
      0.9093      -5.998
      -4.812       3.882
       6.284      0.3956
      -4.443      -4.616
      0.1607       6.515
       4.353      -4.994
      -6.688      0.7536
       5.525       4.024
      -1.377        -6.8
       -3.63       6.031
       6.846      -2.023
      -6.503      -3.176
       2.685       6.825
       2.665      -6.936
      -6.735       3.357
       7.323         2.1
       -4.03      -6.574
      -1.486       7.659
       6.342      -4.697
      -7.938     -0.8297
       5.352        6.04
      0.1354      -8.156
      -5.668       5.985
       8.308     -0.5903
      -6.591      -5.229
       1.341       8.391
       4.725      -7.162
      -8.401        2.11
       7.691       4.158
      -2.889      -8.338
      -3.533       8.173
       8.198      -3.672
        -8.6      -2.855
       4.451       7.982
       2.128      -8.967
      -7.689       5.218
        9.27       1.357
      -5.966      -7.321
     -0.5505       9.503
       6.878      -6.687
      -9.662      0.2867
       7.373       6.363
      -1.147      -9.744
      -5.778       8.018
       9.747      -2.024
      -8.615      -5.127
       2.909       9.668
       4.415      -9.157
      -9.506       3.795
       9.637       3.647
      -4.674       -9.26
      -2.827       10.05
       8.931      -5.537
      -10.39      -1.963
       6.377        8.52
        1.06      -10.66
      -8.029       7.185
       10.84      0.1257
      -7.955      -7.459
      0.8322       10.94
       6.814      -8.679
      -10.95       1.806
       9.348       6.099
      -2.788      -10.87
      -5.318       9.957
       10.71       -3.77
       -10.5      -4.476
       4.743       10.45
       3.579      -10.97
       -10.1       5.699
       11.36       2.634
      -6.629      -9.664
      -1.648       11.66
        9.14      -7.524
      -11.88     -0.6287
       8.378       8.532
     -0.4166      -12.01
      -7.843       9.182
       12.04      -1.479
      -9.927      -7.078
       2.551       11.98
       6.241      -10.61
      -11.82       3.623
       11.22       5.339
      -4.685      -11.57
      -4.378       11.75
       11.21       -5.73
      -12.19      -3.364
       6.748       10.76
       2.305      -12.55
      -10.22        7.73
       12.81        1.21
      -8.668      -9.587
    -0.08556       12.98
       8.867      -9.553
      -13.05       1.058
       10.38       8.064
      -2.213      -13.01
      -7.184       11.13
       12.87      -3.369
      -11.81      -6.233
       4.517       12.62
       5.217      -12.41
      -12.28       5.648
       12.92       4.145
      -6.751      -11.83
      -3.022       13.33
       11.28      -7.819
      -13.65      -1.859
       8.841       10.63
      0.6638      -13.86
      -9.887       9.808
       13.97     -0.5545
      -10.71      -9.057
       1.787       13.96
       8.144      -11.54
      -13.85       3.022
        12.3       7.154
      -4.252      -13.63
      -6.093       12.97
        13.3      -5.464
      -13.54       -4.97
       6.651       12.86
       3.793      -14.02
      -12.31       7.803
       14.39        2.57
      -8.908      -11.66
       -1.31       14.66
        10.9      -9.957
      -14.81     -0.0235
       10.94       10.06
      -1.281      -14.85
      -9.118       11.86
       14.78      -2.591
      -12.69      -8.097
       3.897       14.59
           7      -13.43
      -14.28       5.189
       14.08       5.835
      -6.458      -13.85
       -4.61       14.62
       13.31       -7.69
      -15.06      -3.334
       8.877       12.67
       2.017      -15.38
      -11.91       10.01
       15.59      0.6675
      -11.08      -11.06
      0.7021       15.68
        10.1      -12.07
      -15.65       2.082
       12.98        9.06
      -3.461      -15.49
      -7.935        13.8
       15.22       -4.83
      -14.52      -6.735
       6.176       14.82
        5.47      -15.14
       -14.3       7.489
       15.64       4.148
      -8.757      -13.66
      -2.779       16.03
       12.91      -9.971
       -16.3      -1.373
       11.12       12.05
    -0.05723      -16.44
      -11.09        12.2
       16.46      -1.502
      -13.19      -10.04
       2.951       16.35
       8.892      -14.09
      -16.11       4.392
       14.88       7.665
      -5.814      -15.75
      -6.366       15.58
       15.25      -7.204
      -16.15      -5.005
       8.552       14.64
        3.59      -16.61
       -13.9       9.847
       16.94       2.135
      -11.08      -13.05
     -0.6482       17.15
       12.09      -12.24
      -17.22      0.8575
       13.31       11.03
      -2.371      -17.16
      -9.867       14.29
       16.97       -3.88
      -15.17       -8.62
       5.375       16.64
       7.294      -15.94
      -16.18       6.841
       16.59         5.9
      -8.267      -15.59
      -4.447       17.12
       14.88      -9.642
      -17.52      -2.946
       10.95       14.04
       1.409      -17.79
      -13.09       12.19
       17.93     -0.1521
      -13.35      -12.02
       1.726       17.92
       10.86      -14.41
      -17.78       3.301
       15.37       9.597
      -4.865       -17.5
      -8.251       16.22
       17.08      -6.403
      -16.95       -6.83
       7.905       16.52
       5.344      -17.56
      -15.84       9.359
       18.04       3.804
      -10.75      -15.02
      -2.222       18.38
       14.08      -12.07
      -18.58     -0.6091
       13.31       13.02
      -1.021      -18.63
      -11.86       14.46
       18.55      -2.658
       -15.5      -10.59
       4.287       18.32
       9.231      -16.44
      -17.94       5.895
       17.25       7.789
      -7.471      -17.43
      -6.276       17.93
       16.77      -9.002
