      -1.022     -0.6088
      0.4844       1.611
      0.8956      -1.856
       -2.21      0.8817
       2.488      0.9423
      -1.312      -2.602
     -0.8534        3.03
       2.861      -1.772
      -3.507     -0.6633
       2.254       3.013
      0.3915      -3.927
      -3.072       2.748
        4.29      0.0508
      -3.247      -3.046
      0.3485       4.595
        2.94      -3.742
      -4.841      0.7972
       4.227        2.76
      -1.287      -5.024
      -2.508       4.693
       5.143       -1.81
      -5.133       -2.19
       2.357       5.197
        1.81      -5.541
      -5.182       2.922
        5.91       1.372
      -3.496      -5.099
     -0.8826       6.234
       4.948      -4.071
      -6.508     -0.3459
        4.64       4.728
     -0.2317      -6.727
      -4.441       5.196
       6.886     -0.8441
       -5.73      -4.088
       1.485       6.983
       3.672      -6.237
      -7.013       2.147
       6.708       3.195
      -2.823      -6.975
      -2.662       7.138
       6.867      -3.507
      -7.521      -2.077
        4.19       6.688
       1.444       -7.85
      -6.438       4.866
       8.121      0.7687
      -5.527      -6.116
    -0.05694       8.329
       5.725      -6.165
      -8.469       0.685
       6.773       5.267
       -1.45       -8.54
      -4.743       7.345
       8.537      -2.232
      -7.874      -4.157
       3.024       8.459
       3.514      -8.352
      -8.304       3.817
       8.775       2.818
      -4.605      -8.072
      -2.074       9.136
       7.762      -5.379
      -9.431      -1.287
       6.132       7.377
      0.4648      -9.655
      -6.916       6.857
       9.804     -0.3868
      -7.545      -6.384
       1.261       9.875
       5.781      -8.191
      -9.865       2.149
       8.786       5.113
      -3.045      -9.772
      -4.384       9.325
       9.595       -3.94
      -9.801        -3.6
       4.826       9.334
       2.764      -10.21
       -8.99       5.695
       10.54       1.885
       -6.54      -8.563
     -0.9674        10.8
       8.054      -7.351
      -10.97    -0.02008
       8.123       7.468
       -0.95      -11.06
      -6.807       8.846
       11.06      -1.935
      -9.513      -6.075
       2.927       10.97
       5.278      -10.12
      -10.78       3.917
       10.66        4.42
      -4.897      -10.51
      -3.509       11.12
       10.15      -5.858
       -11.5      -2.549
       6.792       9.697
        1.55       -11.8
      -9.157        7.69
       12.01      0.5177
      -8.545      -8.532
      0.5391       12.12
       7.828      -9.348
      -12.14       1.612
       10.09       7.047
      -2.693      -12.07
      -6.194       10.77
        11.9      -3.773
      -11.37      -5.277
       4.841       11.62
       4.301      -11.89
      -11.26       5.891
       12.33       3.273
      -6.912      -10.79
      -2.201       12.68
       10.23      -7.897
      -12.93      -1.094
       8.835       9.582
    -0.04156      -13.09
      -8.846       9.719
       13.14      -1.195
      -10.54      -8.027
       2.359       13.09
       7.132      -11.29
      -12.94       3.523
       11.97       6.166
      -4.677      -12.68
      -5.136       12.56
       12.32      -5.812
      -13.06      -4.049
       6.919       11.85
       2.914      -13.46
      -11.28       7.988
       13.77       1.739
       -9.01      -10.62
     -0.5323       13.97
       9.862      -9.976
      -14.06      0.6967
       10.88       9.016
      -1.937      -14.05
      -8.088       11.71
       13.92       -3.18
      -12.45      -7.082
       4.415       13.68
       6.007      -13.12
      -13.33       5.632
       13.68        4.87
      -6.823      -12.88
       -3.68       14.15
       12.31      -7.975
      -14.51      -2.445
        9.08       11.64
       1.174      -14.77
      -10.87       10.13
       14.91     -0.1229
      -11.11      -10.01
       1.435       14.93
       9.058      -12.02
      -14.84       2.752
       12.84       8.023
      -4.064      -14.64
      -6.911       13.58
       14.31      -5.362
      -14.22      -5.732
       6.632       13.87
       4.494      -14.75
      -13.32       7.867
       15.18       3.206
      -9.054      -12.65
      -1.877       15.49
       11.88      -10.18
      -15.69     -0.5182
       11.25       11.01
     -0.8601      -15.76
      -10.04       12.24
       15.71      -2.247
      -13.14      -8.983
       3.633       15.54
       7.843      -13.95
      -15.25       5.006
       14.67       6.629
      -6.355      -14.84
      -5.351       15.27
        14.3      -7.669
      -15.77      -4.016
       8.938       13.65
       2.636      -16.14
      -12.88       10.15
        16.4        1.22
       -11.3      -12.01
       0.219       16.53
       11.03      -12.37
      -16.53       1.672
       13.35       9.959
      -3.127       -16.4
      -8.798       14.24
       16.15      -4.573
      -15.03      -7.557
       5.997       15.77
       6.245      -15.72
      -15.26       7.389
       16.28        4.87
      -8.737      -14.62
      -3.444       16.73
       13.87      -10.03
      -17.05      -1.977
       11.26          13
      0.4841      -17.24
      -12.03       12.41
       17.29      -1.032
      -13.48      -10.95
       2.549       17.22
       9.773      -14.45
      -17.01       4.066
       15.32       8.511
      -5.563      -16.66
       -7.17       16.08
       16.19       -7.03
      -16.72      -5.764
       8.457       15.58
       4.298      -17.24
      -14.85       9.831
       17.63       2.788
      -11.14      -13.99
       -1.24       17.88
       13.02      -12.38
         -18      0.3275
       13.53       11.94
      -1.911      -17.98
      -10.76       14.58
       17.82       -3.49
      -15.53      -9.485
       5.057       17.52
       8.127      -16.37
      -17.09       6.598
       17.09       6.691
        -8.1      -16.51
      -5.195       17.69
       15.81      -9.553
      -18.15      -3.641
       10.94       14.98
       2.052      -18.47
      -14.02       12.26
       18.66      0.4283
      -13.49      -12.95
       1.209        18.7
       11.76      -14.63
       -18.6       2.851
       15.67       10.48
      -4.484      -18.35
      -9.105       16.59
       17.96      -6.094
      -17.39      -7.652
       7.671       17.42
