       1.064     -0.5327
     -0.6005       1.572
     -0.7581      -1.916
        2.14        1.04
       -2.55      0.7586
       1.499        -2.5
      0.6303       3.084
      -2.724      -1.976
       3.546     -0.4063
      -2.467       2.841
     -0.1047      -3.945
       2.864       2.964
      -4.282     -0.2617
        3.46      -2.801
     -0.6822       4.557
       -2.66      -3.947
        4.77       1.148
      -4.417       2.445
       1.649      -4.917
        2.16       4.863
      -4.998       -2.18
       5.279      -1.811
       -2.73       5.011
      -1.402      -5.658
       4.956       3.292
      -5.994      0.9386
       3.858      -4.831
      0.4263       6.282
      -4.638      -4.421
       6.516      0.1289
      -4.972       4.377
      0.7209      -6.692
       4.051       5.505
      -6.807      -1.343
       6.013       -3.66
      -1.989       6.856
      -3.208      -6.488
       6.838       2.652
      -6.923       2.699
       3.324      -6.751
       2.136       7.313
      -6.594      -3.998
       7.652      -1.524
      -4.666       6.365
     -0.8685      -7.934
       6.066       5.322
      -8.155      0.1753
       5.957      -5.698
     -0.5497       8.311
      -5.261      -6.565
       8.397         1.3
      -7.139        4.76
       2.068      -8.411
       4.195       7.671
      -8.352      -2.848
       8.155      -3.573
      -3.632       8.216
      -2.897      -8.586
       8.004       4.412
      -8.957       2.171
       5.181      -7.715
       1.403       9.263
       -7.35       -5.93
         9.5     -0.5969
      -6.653       6.911
      0.2395      -9.663
       6.399       7.342
       -9.75        -1.1
        7.99      -5.817
      -1.977       9.757
      -5.169       -8.59
       9.682       2.862
      -9.135        4.46
       3.749      -9.524
       3.694       9.619
      -9.283      -4.628
       10.04      -2.876
      -5.493       8.958
      -2.013      -10.38
       8.551       6.335
      -10.65       1.112
       7.146      -8.064
      0.1786       10.84
      -7.498      -7.918
       10.94      0.7788
      -8.645       6.857
       1.753      -10.96
       6.145       9.318
      -10.89      -2.735
        9.93      -5.367
      -3.718       10.72
      -4.527      -10.48
       10.47       4.692
      -10.95       3.633
       5.649      -10.13
        2.69       11.34
      -9.696      -6.581
       11.65      -1.705
       -7.48       9.176
     -0.6867      -11.88
       8.573       8.336
      -12.01     -0.3579
       9.144      -7.887
       -1.42       12.05
      -7.126      -9.893
       11.99       2.492
      -10.58       6.293
       3.565      -11.84
       5.394       11.19
      -11.59      -4.629
       11.72      -4.435
      -5.675       11.24
      -3.423      -12.18
        10.8       6.695
      -12.54       2.367
        7.68      -10.26
       1.272       12.81
      -9.629      -8.621
       12.98     -0.1489
       -9.51       8.913
      0.9945      -13.05
       8.115       10.34
      -13.02      -2.149
        11.1      -7.238
      -3.307       12.89
      -6.291      -11.78
       12.65       4.456
      -12.38       5.278
       5.588       -12.3
       4.208        12.9
      -11.86      -6.693
       13.32      -3.087
      -7.764       11.31
      -1.926      -13.64
       10.67       8.789
      -13.86      0.7315
       9.759      -9.935
     -0.4863       13.97
      -9.109      -10.67
       13.97       1.719
      -11.51         8.2
       2.955      -13.87
       7.214       12.26
      -13.65      -4.185
       12.94      -6.156
      -5.399       13.32
      -5.036      -13.52
       12.89       6.588
         -14       3.861
       7.742      -12.35
        2.64       14.38
       -11.7       -8.85
       14.65      -1.382
      -9.904       10.95
    -0.09584      -14.81
       10.11       10.89
      -14.86      -1.208
       11.81      -9.176
      -2.519       14.79
      -8.159      -12.65
        14.6       3.826
      -13.39       7.066
       5.119       -14.3
       5.904       14.05
      -13.88       -6.39
        14.6      -4.682
      -7.625       13.35
      -3.408      -15.04
       12.71       8.815
      -15.37       2.092
       9.951      -11.96
      0.7437       15.59
      -11.11      -11.02
       15.68      0.6255
      -12.02       10.16
       2.006      -15.66
       9.123       12.94
      -15.51      -3.386
       13.76      -8.002
      -4.755       15.24
      -6.806      -14.49
       14.85       6.104
      -15.11       5.544
       7.419      -14.33
       4.224       15.62
       -13.7       -8.69
       16.02      -2.858
      -9.908       12.96
      -1.453      -16.29
       12.11       11.06
      -16.44     0.02307
       12.14      -11.15
      -1.422       16.47
       -10.1      -13.14
       16.37       2.871
      -14.04        8.96
       4.314      -16.13
       7.737       14.85
      -15.77      -5.737
       15.54      -6.442
      -7.129       15.29
      -5.084      -16.13
       14.68        8.48
      -16.59       3.671
       9.779      -13.95
       2.217       16.93
       -13.1      -11.01
       17.14      -0.732
      -12.18       12.15
      0.7734      -17.22
       11.09       13.25
      -17.17      -2.287
       14.24      -9.937
      -3.797       16.99
      -8.694      -15.13
       16.67       5.294
       -15.9       7.372
       6.761      -16.21
       5.981       16.56
      -15.63       -8.19
        17.1       -4.53
      -9.569       14.92
      -3.032      -17.51
       14.09       10.89
      -17.78       1.496
       12.13      -13.15
    -0.06458       17.93
      -12.09      -13.29
       17.93       1.639
      -14.36       10.93
       3.214       -17.8
       9.672       15.33
      -17.52      -4.779
       16.18       -8.33
       -6.32       17.11
      -6.912      -16.92
       16.56       7.824
      -17.53       5.429
       9.281      -15.88
       3.892       18.02
      -15.07      -10.68
       18.36      -2.311
         -12       14.14
     -0.6998      -18.57
       13.09       13.25
      -18.64     -0.9304
        14.4      -11.93
      -2.568       18.56
      -10.67      -15.45
       18.34       4.197
      -16.39       9.311
       5.808      -17.97
       7.874       17.21
      -17.47      -7.386
        17.9      -6.364
      -8.919       16.82
