      -1.182      0.1331
        1.36      0.9907
     -0.4086       -2.02
      -1.228       2.039
       2.552     -0.7536
      -2.619      -1.279
       1.152        2.93
       1.207      -3.141
      -3.195       1.592
       3.617       1.038
      -2.062      -3.365
     -0.7857       4.046
       3.448      -2.553
      -4.428     -0.4633
       3.056        3.45
      0.0796      -4.759
      -3.374       3.561
       5.035     -0.3572
      -4.063      -3.224
      0.8391       5.254
       3.003      -4.551
      -5.413       1.359
       5.019       2.714
      -1.908      -5.508
      -2.361        5.46
       5.537      -2.479
      -5.867      -1.948
       3.066       5.499
        1.48      -6.234
      -5.393       3.659
       6.555      0.9607
      -4.251      -5.218
     -0.3962       6.824
       4.975      -4.836
      -7.036      0.2079
       5.404       4.665
     -0.8455      -7.188
      -4.289        5.95
       7.275       -1.51
      -6.466      -3.849
       2.194       7.296
        3.35      -6.945
      -7.246       2.892
       7.381       2.794
      -3.596      -7.126
      -2.186       7.768
       6.933      -4.297
        -8.1      -1.531
        4.99       6.669
      0.8337      -8.372
      -6.332       5.666
       8.579      0.1006
      -6.318      -5.926
      0.6623       8.718
        5.45       -6.94
      -8.785       1.448
       7.523       4.909
       -2.25      -8.778
      -4.307       8.061
       8.693       -3.06
      -8.548      -3.646
       3.872       8.531
       2.931      -8.978
      -8.291       4.676
       9.344       2.169
      -5.467      -7.972
      -1.364       9.643
       7.576      -6.235
       -9.87     -0.5234
       6.974       7.103
     -0.3463      -10.02
      -6.558       7.676
       10.09      -1.238
      -8.333      -5.943
       2.145       10.08
       5.261      -8.939
      -9.983       3.058
       9.488       4.518
      -3.969      -9.802
      -3.718       9.972
       9.536      -4.872
      -10.39      -2.867
       5.756       9.185
       1.972      -10.73
       -8.75       6.616
       10.99       1.038
      -7.442      -8.233
    -0.07494       11.16
       7.637      -8.226
      -11.25      0.9113
       8.961       6.966
      -1.913      -11.25
      -6.223        9.64
       11.16      -2.921
      -10.26      -5.413
       3.926       10.98
       4.543       -10.8
       -10.7       4.921
       11.27       3.618
      -5.897      -10.33
      -2.645       11.66
       9.876      -6.846
      -11.96      -1.631
       7.758       9.329
      0.5848      -12.18
      -8.698       8.626
        12.3     -0.4867
      -9.441      -7.985
       1.575       12.32
       7.194       -10.2
      -12.25       2.671
       10.88       6.332
      -3.765      -12.07
      -5.404        11.5
        11.8      -4.848
      -12.03      -4.417
       5.913       11.43
       3.377      -12.48
      -10.96       6.948
       12.83       2.292
      -7.946       -10.4
      -1.171       13.09
       9.745      -8.898
      -13.25    -0.02183
       9.794       9.002
      -1.146      -13.31
      -8.176       10.63
       13.26      -2.323
      -11.39      -7.272
         3.5       13.11
       6.297      -12.08
      -12.85       4.668
       12.67       5.256
      -5.818      -12.48
      -4.159       13.18
       12.02      -6.938
       -13.6      -3.013
       8.021       11.45
       1.826      -13.91
      -10.78       9.056
       14.12      0.6061
      -10.03      -10.02
      0.6347       14.21
       9.165      -10.95
       -14.2       1.888
       11.79        8.23
      -3.144      -14.08
      -7.216       12.55
       13.84      -4.393
      -13.22      -6.133
       5.624        13.5
       4.987       -13.8
      -13.04       6.827
       14.27       3.786
      -7.993      -12.47
      -2.539       14.64
        11.8      -9.111
       -14.9      -1.257
       10.17       11.03
    -0.05054      -15.05
      -10.16       11.17
       15.08      -1.375
      -12.09      -9.202
       2.704          15
        8.16      -12.92
      -14.79        4.03
       13.67       7.041
       -5.34      -14.47
      -5.854       14.32
       14.03      -6.623
      -14.86      -4.607
        7.87       13.47
       3.308       -15.3
      -12.81        9.07
       15.62       1.969
      -10.21      -12.03
     -0.5999       15.82
       11.16      -11.29
       -15.9      0.7897
       12.29       10.19
       -2.19      -15.86
      -9.122       13.21
       15.69      -3.587
      -14.03      -7.976
       4.972        15.4
       6.756      -14.75
      -14.99       6.334
       15.37       5.468
       -7.66      -14.45
      -4.125       15.87
        13.8      -8.942
      -16.26      -2.736
       10.17       13.03
       1.311      -16.52
      -12.16       11.33
       16.66     -0.1393
      -12.41      -11.18
       1.604       16.67
        10.1      -13.41
      -16.54        3.07
       14.31       8.935
      -4.528      -16.29
      -7.687       15.11
       15.91      -5.964
       -15.8      -6.367
       7.368       15.41
       4.986      -16.38
      -14.77       8.729
       16.83       3.552
      -10.04      -14.02
      -2.077       17.16
       13.15      -11.28
      -17.36     -0.5702
       12.44       12.17
     -0.9527      -17.42
      -11.09       13.52
       17.35      -2.485
      -14.51      -9.911
        4.01       17.15
       8.644      -15.39
      -16.81       5.519
       16.16       7.299
      -6.998      -16.33
      -5.885       16.81
       15.73      -8.437
      -17.33      -4.412
       9.823          15
       2.893      -17.73
      -14.14       11.15
       17.99       1.337
      -12.39      -13.17
      0.2423       18.12
       12.09      -13.56
      -18.11       1.835
       14.62        10.9
      -3.425      -17.95
      -9.623       15.59
       17.66      -5.003
      -16.44      -8.258
       6.555       17.23
       6.818      -17.17
      -16.66        8.07
       17.77       5.313
      -9.534      -15.95
      -3.754       18.24
       15.12      -10.94
      -18.58      -2.155
       12.27       14.16
      0.5225      -18.77
      -13.09       13.51
       18.82      -1.125
      -14.66       -11.9
       2.777       18.72
       10.62      -15.71
      -18.48        4.42
       16.64        9.24
