      0.4914      -1.084
      0.5227       1.599
      -1.795      -1.012
       2.318     -0.5386
      -1.504       2.195
     -0.4089      -2.886
       2.431           2
      -3.361      0.1791
         2.5      -2.548
     -0.1293        3.76
      -2.564          -3
       4.091      0.5012
      -3.492       2.492
      0.9256      -4.355
       2.338       3.971
      -4.551      -1.393
       4.429       -2.11
      -1.894       4.679
      -1.813      -4.859
       4.739        2.42
      -5.256       1.452
       2.963       -4.73
       1.033       5.612
       -4.65      -3.515
       5.923      -0.561
      -4.067       4.502
    -0.04264      -6.182
       4.285       4.613
      -6.387     -0.5161
       5.144      -4.001
      -1.109       6.531
      -3.652      -5.654
       6.613       1.729
      -6.135        3.24
       2.369      -6.628
       2.769        6.58
      -6.576      -3.022
       6.983      -2.243
      -3.682       6.454
      -1.666      -7.338
       6.262       4.339
       -7.64       1.043
       4.987          -6
        0.38       7.883
      -5.669      -5.619
       8.064      0.3177
      -6.227       5.269
       1.043      -8.177
       4.803       6.804
      -8.221       -1.79
       7.343      -4.275
      -2.552       8.192
      -3.687      -7.838
       8.088       3.321
      -8.283       3.043
       4.089      -7.909
       2.349        8.67
      -7.655      -4.849
       8.996      -1.609
      -5.594       7.325
     -0.8299      -9.256
        6.92       6.315
      -9.444     0.01786
       7.007      -6.443
     -0.8206       9.558
      -5.896       -7.66
       9.593       1.678
      -8.269       5.282
       2.548      -9.549
       4.605       8.826
      -9.424      -3.422
       9.325       -3.87
      -4.292       9.215
      -3.082       -9.76
       8.925        5.15
      -10.13       2.246
       5.989      -8.552
       1.369       10.42
      -8.099        -6.8
       10.63     -0.4591
      -7.577       7.567
       0.478      -10.76
        6.96        8.31
      -10.81      -1.434
       8.993      -6.282
      -2.403       10.77
      -5.535      -9.619
       10.64       3.374
      -10.18       4.727
       4.339      -10.42
        3.86       10.67
      -10.11      -5.292
       11.09      -2.944
      -6.222       9.714
      -1.984      -11.43
        9.23       7.122
      -11.68      0.9881
       7.983       -8.66
    -0.03687       11.84
       -8.01      -8.798
       11.91       1.082
      -9.559       7.282
       2.141      -11.88
       6.481       10.26
      -11.76      -3.202
       10.89      -5.612
      -4.259       11.55
      -4.682      -11.44
       11.23       5.301
      -11.92       3.697
        6.32      -10.83
       2.665       12.31
      -10.32      -7.307
        12.6      -1.593
      -8.254        9.73
     -0.4888      -12.81
       9.049       9.151
      -12.91     -0.6388
       9.992      -8.284
       -1.78       12.91
      -7.441      -10.77
       12.81       2.926
      -11.47       6.524
       4.068      -12.61
        5.54       12.09
       -12.3      -5.196
       12.63      -4.497
      -6.301        11.9
      -3.402      -13.08
       11.39       7.374
      -13.43       2.263
       8.405      -10.78
       1.088       13.68
      -10.08      -9.386
       13.82      0.1131
      -10.31       9.289
       1.331      -13.86
       8.414       11.16
      -13.79      -2.556
       11.94      -7.459
      -3.779       13.61
      -6.432      -12.64
       13.32        4.99
      -13.24        5.34
       6.179      -12.93
        4.19       13.75
      -12.42      -7.335
       14.16      -2.992
       -8.45       11.81
      -1.753      -14.47
        11.1       9.514
      -14.66      0.4852
       10.52       -10.3
     -0.8036       14.74
      -9.398      -11.45
       14.71       2.103
      -12.31       8.414
       3.403      -14.56
       7.352       13.08
       -14.3      -4.692
       13.76      -6.219
      -5.962       13.92
      -5.023      -14.34
       13.43         7.2
      -14.81       3.773
       8.397      -12.83
       2.478       15.17
      -12.11      -9.543
       15.43      -1.149
      -10.63        11.3
      0.2052      -15.56
       10.39       11.64
      -15.57      -1.574
       12.58      -9.384
      -2.946       15.46
      -8.296      -13.43
       15.23       4.311
      -14.18        7.13
       5.657      -14.88
       5.896       14.83
      -14.41      -6.975
       15.38      -4.601
      -8.253       13.82
      -3.256      -15.81
       13.12       9.481
      -16.12       1.872
       10.65       -12.3
       0.458       16.31
      -11.38      -11.75
       16.37      0.9746
      -12.76       10.37
       2.415      -16.31
       9.261       13.69
      -16.12      -3.851
       14.52      -8.068
      -5.273        15.8
      -6.802      -15.25
       15.36       6.668
      -15.87        5.47
       8.025      -14.79
       4.082       16.37
       -14.1      -9.334
       16.74      -2.649
      -10.58        13.3
       -1.18      -16.99
       12.38       11.76
      -17.12     -0.3114
       12.86      -11.36
      -1.815       17.11
      -10.24      -13.87
       16.96        3.32
      -14.78       9.032
       4.812      -16.68
       7.739       15.59
      -16.28      -6.282
       16.28      -6.376
      -7.718       15.74
      -4.951      -16.86
       15.07       9.104
       -17.3       3.474
       10.44      -14.28
       1.957       17.62
      -13.38       -11.7
        17.8     -0.4109
      -12.88       12.36
       1.152      -17.85
       11.23       13.97
      -17.76       -2.72
       14.97      -10.01
      -4.281       17.53
      -8.704      -15.85
       17.16       5.822
      -16.62       7.314
       7.332      -16.66
       5.858       17.27
      -16.02        -8.8
       17.79      -4.344
      -10.21       15.26
      -2.783      -18.18
       14.36       11.55
      -18.43       1.188
       12.82      -13.36
     -0.4302       18.54
      -12.23      -13.99
       18.51       2.058
      -15.07       11.01
       3.683      -18.33
       9.686       16.04
      -18.01      -5.293
       16.89       -8.28
      -6.878       17.55
      -6.799      -17.62
       16.95       8.417
      -18.22       5.253
       9.908      -16.21
       3.654       18.68
