     -0.4377       1.106
       1.513     -0.7356
      -1.975     -0.5877
       1.223       2.041
      0.5327      -2.607
      -2.359       1.711
       3.128      0.3583
      -2.207      -2.541
    -0.09466       3.568
       2.614      -2.706
      -3.939      0.2406
       3.203       2.594
     -0.6351      -4.243
      -2.488       3.692
        4.48      -1.078
      -4.164      -2.305
        1.56       4.651
       2.049      -4.613
      -4.754       2.073
       5.033       1.726
      -2.608      -4.788
      -1.342       5.417
       4.753      -3.157
      -5.759     -0.9018
       3.712       4.649
       0.411      -6.053
      -4.475       4.266
       6.295     -0.1245
      -4.809      -4.234
       0.698       6.479
       3.926      -5.336
      -6.603       1.303
       5.839       3.554
      -1.933      -6.663
       -3.12        6.31
       6.656      -2.581
      -6.743      -2.629
        3.24        6.58
       2.083      -7.133
      -6.435       3.901
       7.472       1.488
      -4.559      -6.219
      -0.849       7.756
       5.933      -5.205
       -7.98     -0.1715
       5.832       5.578
     -0.5384      -8.139
      -5.155       6.433
       8.231      -1.274
          -7      -4.667
       2.029       8.251
       4.117      -7.528
      -8.198       2.796
       8.008       3.509
      -3.568      -8.071
      -2.846       8.437
       7.867      -4.336
      -8.806      -2.135
       5.095       7.587
        1.38      -9.112
      -7.232       5.835
        9.35      0.5875
       -6.55      -6.803
      0.2359       9.516
       6.302      -7.232
      -9.605       1.083
       7.873       5.732
      -1.948      -9.616
      -5.096       8.468
       9.546      -2.822
      -9.009      -4.399
       3.698       9.395
       3.644       -9.49
       -9.16       4.567
       9.905       2.839
      -5.422      -8.843
      -1.988       10.25
       8.444      -6.255
      -10.52      -1.098
       7.058       7.965
      0.1765      -10.71
      -7.408       7.824
       10.81     -0.7696
      -8.544      -6.777
       1.732       10.83
       6.075      -9.211
      -10.76       2.704
       9.819       5.307
      -3.677      -10.61
      -4.478       10.36
       10.36      -4.641
      -10.83      -3.594
        5.59       10.02
       2.662      -11.22
      -9.595       6.513
       11.54       1.688
      -7.404      -9.083
     -0.6798       11.76
       8.487      -8.253
      -11.89      0.3544
       9.054       7.811
      -1.407      -11.93
      -7.058       9.798
       11.88      -2.468
      -10.48      -6.234
       3.531       11.73
       5.344      -11.09
      -11.48       4.586
       11.62       4.395
      -5.624      -11.14
      -3.393       12.07
        10.7      -6.636
      -12.43      -2.346
       7.613       10.17
       1.261       -12.7
      -9.548       8.547
       12.87      0.1477
       -9.43      -8.839
      0.9863       12.94
       8.048      -10.25
      -12.91       2.132
       11.01        7.18
      -3.279      -12.78
      -6.241       11.69
       12.55       -4.42
      -12.29      -5.237
       5.544       12.21
       4.175       -12.8
      -11.77       6.642
       13.22       3.064
      -7.705      -11.23
      -1.911       13.54
       10.59      -8.723
      -13.75     -0.7261
       9.688       9.862
     -0.4827      -13.87
      -9.044       10.59
       13.87      -1.706
      -11.42      -8.142
       2.934       13.77
       7.163      -12.18
      -13.56       4.156
       12.85       6.114
      -5.362      -13.23
      -5.002       13.43
        12.8      -6.544
      -13.91      -3.835
        7.69       12.26
       2.622      -14.28
      -11.62       8.792
       14.56       1.372
      -9.839      -10.88
    -0.09522       14.72
       10.04      -10.82
      -14.76         1.2
       11.74       9.117
      -2.503       -14.7
      -8.108       12.57
       14.51      -3.802
      -13.31      -7.022
       5.088       14.21
       5.868      -13.96
       -13.8        6.35
       14.51       4.653
      -7.579      -13.27
      -3.387       14.95
       12.63      -8.763
      -15.28       -2.08
       9.893       11.89
      0.7403       -15.5
      -11.04       10.96
       15.59     -0.6219
      -11.95       -10.1
       1.994       15.57
       9.071      -12.86
      -15.42       3.367
       13.68       7.957
      -4.729      -15.15
      -6.768       14.41
       14.76      -6.069
      -15.03      -5.513
       7.378       14.26
       4.201      -15.54
      -13.63       8.643
       15.93       2.842
      -9.855      -12.89
      -1.446       16.21
       12.04         -11
      -16.36    -0.02295
       12.08        11.1
      -1.415      -16.38
      -10.05       13.07
       16.28      -2.856
      -13.97      -8.914
       4.291       16.05
       7.698      -14.77
      -15.69       5.708
       15.47        6.41
      -7.094      -15.21
      -5.058       16.05
       14.61      -8.439
      -16.51      -3.654
       9.731       13.88
       2.207      -16.85
      -13.04       10.96
       17.06      0.7285
      -12.12      -12.09
      0.7697       17.14
       11.04      -13.19
      -17.09       2.276
       14.17        9.89
       -3.78      -16.91
      -8.654       15.06
       16.59      -5.268
      -15.83      -7.339
        6.73       16.14
       5.953      -16.49
      -15.56       8.153
       17.02        4.51
      -9.526      -14.86
      -3.018       17.43
       14.03      -10.84
      -17.71       -1.49
       12.08       13.09
     -0.0643      -17.85
      -12.03       13.23
       17.85      -1.632
       -14.3      -10.88
         3.2       17.72
        9.63      -15.26
      -17.45       4.758
       16.11       8.295
      -6.293      -17.04
      -6.883       16.85
       16.49      -7.791
      -17.46      -5.406
       9.242       15.81
       3.876      -17.94
      -15.01       10.63
       18.29       2.302
      -11.96      -14.08
      -0.697        18.5
       13.03      -13.19
      -18.56      0.9266
       14.34       11.88
      -2.556      -18.49
      -10.62       15.39
       18.27      -4.181
      -16.32      -9.274
       5.785        17.9
       7.842      -17.14
       -17.4       7.357
       17.83       6.339
      -8.885      -16.75
      -4.774       18.39
       15.97      -10.36
