      0.7819     -0.8968
      -1.672      0.1882
       1.666       1.213
     -0.4719      -2.332
      -1.372       2.279
       2.795     -0.8255
      -2.828      -1.382
       1.232       3.132
        1.28      -3.332
      -3.368       1.678
       3.793       1.088
      -2.154      -3.514
     -0.8178       4.211
       3.578      -2.649
      -4.583     -0.4796
       3.156       3.563
     0.08205      -4.905
      -3.472       3.665
       5.173     -0.3669
      -4.168      -3.308
        0.86       5.384
       3.074      -4.658
      -5.535       1.389
       5.127       2.773
      -1.947      -5.621
      -2.408       5.569
       5.643      -2.527
      -5.975      -1.984
        3.12       5.597
       1.505      -6.341
      -5.482       3.719
        6.66      0.9761
      -4.317      -5.299
     -0.4021       6.926
       5.048      -4.906
      -7.136      0.2109
       5.479       4.729
     -0.8568      -7.284
      -4.344       6.028
       7.368      -1.529
      -6.546      -3.897
       2.221       7.384
        3.39      -7.027
       -7.33       2.926
       7.465       2.826
      -3.635      -7.205
       -2.21       7.852
       7.007      -4.343
      -8.184      -1.547
        5.04       6.736
       0.842      -8.455
      -6.394       5.721
       8.661      0.1015
      -6.378      -5.981
      0.6684       8.799
       5.499      -7.002
      -8.863       1.461
       7.588       4.952
       -2.27      -8.853
      -4.343       8.129
       8.766      -3.086
      -8.618      -3.675
       3.903         8.6
       2.954      -9.048
      -8.355       4.713
       9.416       2.185
      -5.508      -8.032
      -1.374       9.715
       7.631      -6.281
      -9.941     -0.5272
       7.024       7.154
     -0.3488      -10.09
      -6.603       7.729
       10.16      -1.247
      -8.389      -5.983
       2.159       10.15
       5.296      -8.998
      -10.05       3.078
       9.548       4.547
      -3.994      -9.864
      -3.741       10.03
       9.595      -4.902
      -10.45      -2.884
       5.791        9.24
       1.983      -10.79
      -8.801       6.655
       11.05       1.044
      -7.485       -8.28
    -0.07536       11.22
        7.68      -8.272
      -11.31      0.9171
       9.011       7.004
      -1.923      -11.31
      -6.256       9.692
       11.22      -2.936
      -10.31      -5.442
       3.947       11.03
       4.567      -10.86
      -10.76       4.946
       11.33       3.636
      -5.927      -10.39
      -2.658       11.72
       9.924       -6.88
      -12.02      -1.639
       7.796       9.374
      0.5875      -12.24
      -8.739       8.667
       12.36     -0.4898
      -9.485      -8.022
       1.583       12.38
       7.227      -10.24
       -12.3       2.683
       10.93       6.361
      -3.781      -12.13
      -5.428       11.55
       11.85      -4.869
      -12.08      -4.436
       5.938       11.48
       3.391      -12.53
      -11.01       6.978
       12.88       2.302
      -7.979      -10.44
      -1.176       13.14
       9.784      -8.934
       -13.3    -0.02191
       9.833       9.038
       -1.15      -13.36
      -8.208       10.67
       13.31      -2.332
      -11.43        -7.3
       3.514       13.16
       6.321      -12.12
       -12.9       4.687
       12.72       5.276
       -5.84      -12.53
      -4.175       13.23
       12.06      -6.964
      -13.65      -3.024
        8.05       11.49
       1.831      -13.96
      -10.82       9.088
       14.17      0.6083
      -10.07      -10.05
      0.6369       14.26
       9.197      -10.99
      -14.25       1.895
       11.83       8.258
      -3.155      -14.13
      -7.241       12.59
       13.89      -4.408
      -13.26      -6.153
       5.643       13.54
       5.003      -13.84
      -13.08       6.849
       14.32       3.798
      -8.018      -12.51
      -2.547       14.69
       11.84       -9.14
      -14.95      -1.261
        10.2       11.06
     -0.0507       -15.1
      -10.19        11.2
       15.13      -1.379
      -12.12       -9.23
       2.714       15.04
       8.184      -12.96
      -14.84       4.042
       13.71       7.062
      -5.356      -14.51
      -5.871       14.36
       14.07      -6.643
      -14.91      -4.619
       7.893       13.51
       3.318      -15.34
      -12.85       9.096
       15.66       1.975
      -10.24      -12.07
     -0.6016       15.86
       11.19      -11.32
      -15.94      0.7919
       12.33       10.21
      -2.196       -15.9
      -9.147       13.24
       15.73      -3.597
      -14.07      -7.998
       4.986       15.44
       6.774      -14.79
      -15.03       6.351
       15.41       5.483
      -7.681      -14.49
      -4.136       15.92
       13.84      -8.965
       -16.3      -2.743
       10.19       13.07
       1.314      -16.56
      -12.19       11.35
        16.7     -0.1407
      -12.44      -11.21
       1.608       16.71
       10.13      -13.44
      -16.59       3.078
       14.34       8.957
      -4.539      -16.33
      -7.705       15.15
       15.95      -5.979
      -15.84      -6.383
       7.386       15.44
       4.998      -16.42
      -14.81        8.75
       16.87        3.56
      -10.06      -14.05
      -2.081        17.2
       13.18       -11.3
       -17.4     -0.5726
       12.47        12.2
      -0.956      -17.46
      -11.12       13.55
       17.39       -2.49
      -14.54      -9.933
       4.019       17.18
       8.664      -15.42
      -16.84       5.531
       16.19       7.315
      -7.014      -16.37
      -5.898       16.84
       15.76      -8.456
      -17.37      -4.422
       9.845       15.03
       2.899      -17.77
      -14.17       11.17
       18.03        1.34
      -12.42       -13.2
      0.2439       18.16
       12.11      -13.58
      -18.15       1.839
       14.65       10.93
      -3.432      -17.99
      -9.643       15.62
        17.7      -5.013
      -16.47      -8.275
       6.569       17.26
       6.832       -17.2
      -16.69       8.086
       17.81       5.324
      -9.554      -15.99
      -3.762       18.28
       15.15      -10.96
      -18.61      -2.157
       12.29       14.19
      0.5236      -18.81
      -13.12       13.54
       18.85      -1.127
      -14.69      -11.93
       2.782       18.76
       10.64      -15.74
      -18.51       4.429
