      0.7993     -0.8813
      -1.675      0.1555
       1.642       1.246
     -0.4262      -2.341
      -1.417       2.252
       2.811     -0.7707
      -2.801      -1.437
        1.17       3.155
       1.345      -3.306
        -3.4       1.612
       3.771       1.162
      -2.085      -3.556
        -0.9       4.195
       3.629      -2.579
      -4.573     -0.5691
       3.085       3.624
      0.1779      -4.903
      -3.543       3.596
        5.18     -0.2658
      -4.103      -3.388
      0.7545         5.4
       3.164      -4.597
      -5.561       1.281
       5.072       2.872
      -1.837      -5.658
      -2.516        5.52
       5.691      -2.416
      -5.935      -2.101
        3.01       5.656
       1.629       -6.31
      -5.554       3.611
       6.639       1.106
      -4.213      -5.382
     -0.5373       6.917
       5.143      -4.807
      -7.139     0.07147
       5.385       4.835
     -0.7143        -7.3
      -4.462       5.942
       7.397      -1.385
      -6.469      -4.024
       2.076       7.426
       3.526       -6.96
      -7.386       2.782
       7.408       2.971
      -3.494      -7.274
      -2.363       7.807
        7.09      -4.205
      -8.152      -1.706
       4.908       6.834
       1.007      -8.437
      -6.505       5.595
       8.658      0.2707
      -6.259      -6.105
      0.4965        8.81
       5.636      -6.893
       -8.89       1.288
        7.49         5.1
      -2.096      -8.896
      -4.501       8.042
       8.824      -2.914
      -8.544      -3.843
       3.734       8.674
       3.131      -8.989
      -8.446       4.549
       9.371       2.369
       -5.35      -8.138
      -1.564       9.686
       7.752      -6.131
      -9.929     -0.7211
       6.882        7.29
     -0.1516      -10.09
      -6.754       7.598
       10.18      -1.048
      -8.271      -6.146
        1.96       10.19
       5.471      -8.893
      -10.11       2.881
       9.458       4.732
      -3.801       -9.94
      -3.936       9.959
       9.689      -4.713
      -10.39      -3.088
       5.609       9.352
       2.194      -10.75
       -8.93       6.481
       11.03        1.26
      -7.321      -8.425
     -0.2946       11.22
       7.841       -8.12
      -11.33      0.6956
       8.872       7.179
      -1.702      -11.35
      -6.444       9.568
       11.27      -2.716
       -10.2      -5.642
        3.73       11.11
       4.778      -10.77
      -10.85       4.735
       11.26       3.857
      -5.723       -10.5
      -2.887       11.66
       10.06      -6.684
      -11.99      -1.874
        7.61       9.525
      0.8264      -12.22
      -8.907       8.494
       12.36     -0.2483
      -9.326      -8.205
        1.34       12.41
       7.426       -10.1
      -12.35       2.442
       10.81       6.573
      -3.544       -12.2
      -5.652       11.44
       11.95      -4.637
      -11.99      -4.671
       5.712       11.59
       3.635      -12.46
      -11.14        6.76
       12.84       2.553
      -7.773       -10.6
      -1.433       13.12
       9.957      -8.741
       -13.3     -0.2818
       9.655       9.228
     -0.8891      -13.38
      -8.415       10.51
       13.35      -2.071
      -11.29      -7.522
       3.256       13.22
       6.556         -12
      -12.99       4.433
       12.62       5.524
      -5.593      -12.64
      -4.432       13.15
       12.19      -6.726
      -13.58       -3.29
       7.823       11.64
       2.104      -13.92
      -10.99       8.875
       14.15      0.8848
      -9.871      -10.25
      0.3582       14.27
        9.41       -10.8
      -14.29       1.616
       11.66       8.487
      -2.878      -14.19
      -7.485       12.45
       13.97      -4.135
      -13.14      -6.411
       5.376       13.65
       5.272      -13.74
      -13.21       6.592
       14.24       4.077
      -7.772      -12.67
      -2.834       14.64
       12.01      -8.907
      -14.92      -1.553
       9.985       11.26
      0.2442       -15.1
      -10.41          11
       15.15      -1.083
      -11.94      -9.465
       2.418       15.09
       8.436       -12.8
      -14.91       3.751
       13.57       7.329
       -5.07      -14.61
       -6.15       14.24
        14.2      -6.366
      -14.81      -4.909
       7.628       13.66
       3.617      -15.27
      -13.02       8.844
       15.62        2.28
         -10      -12.27
     -0.9114       15.85
       11.41       -11.1
      -15.96      0.4803
       12.12       10.45
      -1.884      -15.94
      -9.404       13.06
        15.8      -3.288
      -13.91      -8.271
       4.682       15.54
       7.061      -14.66
      -15.15       6.056
        15.3       5.783
      -7.396      -14.64
      -4.446       15.83
       14.01      -8.693
      -16.24      -3.061
       9.936       13.26
       1.637      -16.53
      -12.41       11.11
        16.7      0.1865
      -12.22      -11.45
       1.281       16.74
       10.39      -13.24
      -16.64       2.753
       14.17       9.235
      -4.218      -16.42
          -8       14.99
       16.07      -5.666
      -15.71      -6.691
       7.083       15.58
       5.317      -16.32
      -14.98       8.459
        16.8       3.889
      -9.782      -14.25
      -2.417       17.15
        13.4      -11.04
      -17.38     -0.9123
       12.23       12.44
     -0.6147      -17.48
      -11.38       13.33
       17.44       -2.15
      -14.34      -10.22
       3.683       17.26
       8.963      -15.25
      -16.95       5.201
       16.05        7.63
      -6.693       -16.5
      -6.226       16.73
       15.92      -8.146
      -17.28       -4.76
       9.549       15.22
       3.245      -17.71
      -14.39       10.89
          18       1.692
      -12.16      -13.44
     -0.1109       18.16
       12.38      -13.35
      -18.18       1.484
       14.44       11.21
       -3.08      -18.06
      -9.946       15.43
       17.79      -4.667
      -16.31      -8.595
        6.23       17.39
       7.167      -17.07
      -16.85       7.759
        17.7       5.671
       -9.24      -16.17
      -4.118        18.2
       15.36      -10.66
      -18.57       -2.52
       12.01       14.43
      0.8908      -18.79
      -13.38       13.28
       18.87     -0.7585
      -14.46      -12.21
       2.415       18.81
       10.95      -15.53
       -18.6       4.066
