      0.5379      -1.061
      -1.575      0.5928
       1.913      0.7674
       -1.03      -2.145
     -0.7711       2.546
       2.507      -1.486
      -3.081     -0.6454
       1.963       2.734
      0.4236      -3.544
      -2.853       2.453
       3.944      0.1239
       -2.95      -2.878
      0.2407       4.283
       2.818      -3.446
      -4.561      0.6598
       3.934       2.679
      -1.124      -4.775
      -2.466       4.405
       4.925      -1.625
      -4.852      -2.184
       2.155       5.009
       1.836       -5.27
      -5.024       2.705
       5.651       1.429
      -3.267      -4.972
     -0.9678       5.989
        4.85      -3.834
      -6.279     -0.4571
       4.398        4.66
    -0.09687      -6.516
      -4.402       4.951
       6.695     -0.6882
      -5.486      -4.077
        1.31       6.813
       3.689      -5.995
      -6.866       1.956
       6.472        3.24
      -2.618      -6.851
      -2.733        6.91
       6.767      -3.291
      -7.303      -2.172
       3.965       6.613
       1.561      -7.644
      -6.388       4.635
        7.93      0.9075
      -5.292      -6.092
     -0.2151       8.154
       5.727      -5.929
      -8.313      0.5091
        6.54       5.293
      -1.259      -8.403
      -4.794       7.115
       8.421      -2.027
       -7.65      -4.233
       2.807       8.365
       3.613      -8.138
      -8.234       3.592
       8.572       2.939
      -4.373      -8.025
      -2.215       8.946
        7.74      -5.143
      -9.256      -1.448
       5.894       7.379
      0.6433      -9.497
      -6.943       6.619
       9.664     -0.1924
      -7.311      -6.434
       1.052       9.755
       5.856      -7.962
      -9.766       1.929
       8.565       5.212
      -2.814      -9.696
      -4.505       9.113
       9.542      -3.702
      -9.601      -3.741
       4.583       9.305
       2.926      -10.02
      -8.985       5.449
       10.37       2.064
      -6.293      -8.582
      -1.164       10.64
       8.098      -7.107
      -10.84     -0.2316
       7.882       7.536
     -0.7254      -10.95
      -6.899       8.611
       10.97      -1.699
      -9.287      -6.191
       2.682        10.9
       5.415      -9.904
      -10.74       3.665
       10.45       4.579
      -4.641      -10.49
      -3.686       10.93
       10.16        -5.6
      -11.33      -2.745
       6.534       9.728
       1.762      -11.65
      -9.213       7.435
       11.87      0.7447
      -8.294      -8.613
      0.2993       12.01
       7.933      -9.104
      -12.06       1.362
       9.857       7.175
      -2.433      -12.01
      -6.345       10.55
       11.86      -3.507
      -11.16      -5.448
       4.572       11.61
       4.492       -11.7
      -11.27        5.62
       12.16       3.483
      -6.642      -10.83
      -2.428       12.53
        10.3       -7.63
       -12.8      -1.335
       8.574       9.672
      0.2123      -12.98
       -8.96       9.465
       13.05     -0.9308
       -10.3      -8.166
       2.086       13.03
       7.293      -11.06
       -12.9       3.244
       11.75       6.348
      -4.394      -12.67
      -5.338       12.36
       12.33      -5.528
      -12.88      -4.271
       6.635       11.89
       3.152       -13.3
      -11.35       7.708
       13.63       1.992
      -8.736      -10.71
     -0.7991       13.85
       9.983       -9.71
      -13.97       0.418
       10.62       9.162
      -1.651      -13.98
      -8.256       11.46
       13.88      -2.887
      -12.23      -7.273
       4.118       13.67
        6.22      -12.91
      -13.35       5.334
       13.49       5.102
      -6.525      -12.92
      -3.929       13.98
       12.38      -7.681
      -14.37       -2.71
       8.793       11.74
       1.453      -14.65
         -11        9.85
       14.81      0.1682
      -10.84      -10.16
       1.136       14.87
       9.233      -11.77
       -14.8       2.446
       12.61       8.221
      -3.754      -14.62
      -7.131       13.36
       14.33       -5.05
      -14.02      -5.973
       6.321       13.92
       4.753      -14.57
      -13.39       7.559
       15.02       3.481
      -8.753      -12.75
      -2.167       15.36
       12.01      -9.892
      -15.58     -0.8198
       10.97       11.16
     -0.5489      -15.69
      -10.22       11.97
       15.67      -1.929
      -12.89      -9.186
        3.31       15.53
       8.069      -13.72
      -15.26       4.681
       14.46       6.877
       -6.03      -14.88
      -5.617       15.08
       14.37      -7.348
       -15.6        -4.3
       8.622       13.75
       2.936         -16
      -13.01       9.845
       16.29       1.532
         -11      -12.16
     -0.1034       16.44
       11.21      -12.09
      -16.48       1.342
       13.09       10.17
      -2.791      -16.38
      -9.029          14
       16.15      -4.234
      -14.81       -7.81
       5.659        15.8
       6.518      -15.51
      -15.32       7.054
        16.1       5.162
      -8.408      -14.72
      -3.752       16.57
          14      -9.711
      -16.92        -2.3
       10.95       13.16
      0.8157      -17.14
      -12.21       12.12
       17.23     -0.6892
       -13.2      -11.16
       2.203       17.18
       10.01      -14.19
         -17       3.714
       15.08       8.768
      -5.212      -16.69
      -7.449       15.87
       16.25      -6.682
      -16.53      -6.061
       8.114       15.67
       4.614      -17.08
      -14.97       9.496
       17.49       3.117
      -10.82      -14.15
      -1.583       17.78
        13.2      -12.07
      -17.93    -0.02297
       13.23       12.15
      -1.551      -17.94
         -11       14.31
       17.81      -3.127
      -15.28      -9.747
       4.694       17.54
       8.409      -16.14
      -17.14       6.236
       16.89       6.995
      -7.743       -16.6
      -5.515       17.51
       15.93      -9.204
         -18       -3.98
        10.6       15.12
       2.401      -18.35
       -14.2       11.94
       18.57      0.7905
      -13.19      -13.15
      0.8393       18.64
          12      -14.34
      -18.57       2.477
        15.4       10.74
      -4.108      -18.36
      -9.391       16.34
          18       -5.72
      -17.17      -7.958
       7.301        17.5
       6.451      -17.87
      -16.86       8.837
