       1.113     -0.4214
     -0.7577       1.502
     -0.5587      -1.984
       2.023       1.253
      -2.614      0.4946
       1.746      -2.334
      0.3125       3.132
      -2.508      -2.244
       3.569    -0.04227
      -2.744       2.574
      0.2984      -3.935
       2.546       3.241
      -4.233     -0.6972
       3.728      -2.434
      -1.144       4.464
      -2.243      -4.197
       4.628       1.628
      -4.643       1.981
       2.142      -4.723
       1.653       5.058
       -4.75      -2.678
       5.436      -1.263
      -3.226       4.707
     -0.8171      -5.771
       4.594        3.78
      -6.058      0.3221
       4.331      -4.412
     -0.2167       6.292
      -4.163      -4.871
       6.469      0.7929
      -5.393       3.847
         1.4      -6.583
       3.468        5.89
      -6.634      -2.031
       6.355      -3.027
      -2.678       6.617
       -2.53      -6.781
       6.532       3.336
      -7.162       1.978
       3.995      -6.377
       1.378       7.493
      -6.151       -4.65
       7.767     -0.7352
      -5.291       5.856
    -0.05456      -7.981
       5.492       5.913
       -8.13     -0.6576
       6.507       -5.06
      -1.395       8.211
      -4.564      -7.068
       8.221        2.15
      -7.587       4.007
       2.916      -8.157
       3.391       8.059
      -8.018      -3.685
       8.477      -2.722
      -4.451       7.803
      -2.006      -8.837
       7.512       5.205
      -9.132       1.246
        5.94      -7.146
      0.4505       9.358
      -6.707      -6.649
       9.511      0.3753
      -7.323       6.196
       1.224      -9.588
       5.616       7.957
      -9.587      -2.089
       8.542      -4.972
      -2.961       9.504
      -4.266      -9.073
       9.339       3.835
      -9.543       3.505
         4.7      -9.092
       2.693       9.946
      -8.762      -5.551
       10.28      -1.837
      -6.378       8.351
     -0.9438      -10.53
        7.86       7.174
      -10.71      0.0196
       7.931      -7.292
     -0.9279        10.8
      -6.651      -8.642
       10.81       1.891
        -9.3       5.939
       2.861      -10.72
       5.162       9.896
      -10.55      -3.831
       10.43      -4.325
      -4.793       10.29
      -3.435      -10.88
       9.938       5.736
      -11.26       2.497
       6.653      -9.499
       1.519       11.56
      -8.974      -7.536
       11.77     -0.5075
      -8.377       8.366
      0.5286      -11.89
       7.678       9.167
      -11.91      -1.581
         9.9      -6.914
      -2.642       11.84
       -6.08      -10.57
       11.68       3.703
      -11.16       5.181
       4.754      -11.41
       4.224       11.68
      -11.06      -5.787
       12.12      -3.216
      -6.792        10.6
      -2.164      -12.46
       10.06       7.761
      -12.71       1.075
       8.686      -9.422
    -0.04087       12.87
        -8.7      -9.559
       12.93       1.176
      -10.37       7.897
       2.321      -12.88
       7.018       11.11
      -12.73      -3.466
       11.78      -6.069
      -4.604       12.48
      -5.056      -12.36
       12.13       5.722
      -12.86       3.987
       6.814      -11.67
        2.87       13.26
      -11.12      -7.868
       13.56      -1.713
      -8.878       10.46
     -0.5245      -13.76
       9.719       9.831
      -13.86     -0.6858
       10.72      -8.888
      -1.909       13.85
      -7.974      -11.54
       13.72       3.135
      -12.28       6.984
       4.354      -13.49
       5.925       12.94
      -13.15      -5.556
        13.5      -4.805
       -6.73        12.7
      -3.631      -13.96
       12.15       7.869
      -14.32       2.413
       8.961      -11.49
       1.159       14.57
      -10.73      -9.998
       14.72      0.1204
      -10.97       9.884
       1.416      -14.75
       8.944       11.87
      -14.66      -2.718
       12.68      -7.923
      -4.014       14.46
      -6.826      -13.41
       14.14       5.296
      -14.05       5.663
       6.552      -13.71
        4.44       14.58
      -13.16      -7.773
          15      -3.168
      -8.947        12.5
      -1.856      -15.31
       11.74       10.07
       -15.5      0.5132
       11.12      -10.88
     -0.8502       15.58
      -9.927       -12.1
       15.54       2.222
      -12.99       8.882
       3.592      -15.37
       7.756        13.8
      -15.08       -4.95
       14.51      -6.556
      -6.285       14.67
      -5.292      -15.11
       14.15       7.586
       -15.6       3.973
       8.842       -13.5
       2.608       15.97
      -12.75      -10.04
       16.23      -1.209
      -11.18       11.88
      0.2167      -16.36
       10.92       12.24
      -16.36      -1.654
       13.22      -9.857
      -3.095       16.24
      -8.709       -14.1
       15.99       4.526
      -14.88       7.481
       5.937      -15.61
       6.183       15.56
      -15.11      -7.316
       16.12      -4.823
      -8.652       14.48
      -3.412      -16.56
       13.74       9.934
      -16.88       1.958
       11.15      -12.88
      0.4795       17.07
      -11.91      -12.29
       17.13       1.022
      -13.35       10.84
       2.525      -17.06
       9.681       14.32
      -16.85      -4.028
       15.18      -8.432
      -5.509       16.51
      -7.106      -15.93
       16.04       6.966
      -16.57       5.712
        8.38      -15.44
       4.259       17.08
      -14.72      -9.742
       17.47      -2.764
      -11.04       13.87
      -1.229      -17.73
       12.91       12.27
      -17.84     -0.3247
       13.41      -11.84
      -1.894       17.83
      -10.67      -14.45
       17.67       3.458
       -15.4       9.406
       5.014      -17.37
       8.058       16.23
      -16.94      -6.542
       16.95      -6.634
      -8.032       16.38
      -5.151      -17.54
       15.68       9.473
         -18       3.611
       10.85      -14.85
       2.035       18.32
       -13.9      -12.16
        18.5     -0.4248
      -13.38       12.84
       1.197      -18.55
       11.67       14.52
      -18.45      -2.828
       15.54       -10.4
      -4.448        18.2
      -9.033      -16.46
       17.81       6.046
      -17.25       7.592
       7.611      -17.29
       6.076       17.92
      -16.62      -9.129
       18.46      -4.506
      -10.59       15.82
