      0.5043       1.078
      0.5035      -1.606
      -1.783       1.033
       2.324      0.5108
       -1.53      -2.176
     -0.3744        2.89
       2.407      -2.029
      -3.362     -0.1388
        2.53       2.518
     -0.1741      -3.759
      -2.528        3.03
       4.085       -0.55
      -3.522       -2.45
      0.9775       4.343
       2.291      -3.998
      -4.534       1.447
       4.454       2.057
      -1.949      -4.656
      -1.755        4.88
        4.71      -2.476
      -5.273      -1.389
       3.019       4.694
      0.9658      -5.624
      -4.608        3.57
       5.929      0.4904
      -4.121      -4.453
     0.03104       6.182
        4.23      -4.664
       -6.38      0.5922
       5.192       3.939
      -1.187      -6.518
      -3.584       5.697
       6.592      -1.808
      -6.173      -3.167
       2.448         6.6
       2.691      -6.613
       -6.54       3.101
       7.009        2.16
      -3.758       -6.41
      -1.579       7.358
        6.21      -4.413
      -7.652      -0.952
       5.058        5.94
       0.286      -7.887
      -5.601       5.686
       8.059     -0.4139
      -6.289      -5.194
       1.141       8.164
       4.722      -6.861
      -8.199       1.889
       7.394       4.187
       -2.65      -8.161
      -3.593       7.882
       8.048      -3.417
      -8.318      -2.944
       4.183        7.86
       2.245      -8.698
      -7.597        4.94
       9.015       1.502
      -5.681      -7.258
     -0.7196       9.265
       6.844      -6.398
      -9.443     0.09483
       7.083       6.359
     -0.9346      -9.547
      -5.804        7.73
       9.573      -1.793
      -8.331      -5.183
       2.662       9.518
       4.499       -8.88
      -9.382       3.534
       9.371       3.758
      -4.401      -9.164
      -2.965       9.796
       8.863      -5.256
      -10.15      -2.125
       6.091        8.48
       1.245      -10.43
      -8.017       6.897
       10.64      0.3322
      -7.666      -7.476
      0.6064       10.76
       6.861      -8.393
      -10.79       1.563
       9.067       6.174
      -2.531      -10.74
       -5.42       9.685
        10.6        -3.5
      -10.24      -4.604
       4.463       10.37
       3.733      -10.72
      -10.05       5.412
       11.12       2.812
      -6.337      -9.639
      -1.848       11.45
       9.144      -7.232
      -11.69     -0.8487
       8.086       8.565
     -0.1785      -11.84
      -7.904       8.894
       11.89      -1.225
      -9.646      -7.167
       2.282       11.86
       6.357      -10.34
      -11.73       3.342
       10.96       5.482
      -4.396       -11.5
      -4.545        11.5
       11.17      -5.434
      -11.96      -3.554
       6.449       10.75
       2.518      -12.34
      -10.24        7.43
       12.62       1.442
      -8.369      -9.631
     -0.3359       12.81
       8.939      -9.259
       -12.9      0.7924
       10.09       8.164
      -1.933      -12.89
      -7.311       10.86
       12.78      -3.078
      -11.55      -6.387
       4.218       12.56
       5.396      -12.16
      -12.24       5.342
       12.68       4.346
      -6.443      -11.82
      -3.246       13.12
        11.3      -7.509
      -13.45      -2.103
       8.533       10.68
      0.9249      -13.69
      -9.967       9.506
       13.82     -0.2776
      -10.42      -9.165
       1.496       13.85
        8.28      -11.26
      -13.76        2.72
       12.03       7.316
      -3.941      -13.57
      -6.281       12.71
       13.26      -5.149
       -13.3      -5.181
       6.332       12.85
       4.026       -13.8
      -12.33       7.483
        14.2       2.823
      -8.591      -11.71
      -1.581       14.49
       10.99      -9.646
      -14.67     -0.3107
       10.64       10.17
      -0.979      -14.73
       -9.26       11.56
       14.69      -2.278
      -12.41      -8.266
       3.576       14.52
       7.195      -13.17
      -14.24       4.863
       13.83       6.054
      -6.127      -13.85
      -4.852        14.4
       13.34       -7.36
      -14.85      -3.596
        8.55       12.72
       2.298       -15.2
         -12       9.687
       15.44      0.9653
      -10.76      -11.17
      0.3903       15.55
       10.25      -11.77
      -15.55       1.759
       12.69       9.234
       -3.13      -15.43
      -8.135       13.53
       15.18      -4.492
      -14.27       -6.96
       5.835       14.81
       5.718       -14.9
      -14.32       7.147
       15.43       4.417
      -8.418      -13.72
      -3.068       15.85
          13      -9.638
      -16.14       -1.68
        10.8       12.17
      0.2634      -16.31
      -11.24       11.88
       16.36       -1.17
      -12.89      -10.21
       2.609       16.28
       9.096       -13.8
      -16.07       4.043
       14.62       7.895
      -5.461      -15.74
       -6.62       15.33
       15.28      -6.851
      -15.93      -5.281
       8.201       14.69
       3.887      -16.41
      -13.99       9.502
       16.77       2.449
      -10.74      -13.17
      -0.977       17.01
       12.24      -11.91
      -17.11      0.5162
          13        11.2
       -2.02      -17.08
      -10.07       13.99
       16.92      -3.522
      -14.89      -8.853
       5.012       16.63
       7.553      -15.68
       -16.2       6.476
       16.36       6.181
      -7.905      -15.64
      -4.749       16.91
       14.96      -9.285
      -17.34      -3.267
       10.61       14.16
       1.746      -17.64
      -13.23       11.86
       17.81      0.1978
      -13.03       -12.2
       1.366       17.83
       11.06       -14.1
      -17.73       2.933
       15.08       9.832
      -4.491      -17.48
      -8.513       15.95
       17.09      -6.027
      -16.71      -7.115
       7.532       16.57
       5.651      -17.34
      -15.91        8.99
       17.85        4.13
      -10.39      -15.13
      -2.565       18.21
       14.22      -11.72
      -18.45      -0.967
       12.97        13.2
      -0.652      -18.54
      -12.06       14.14
       18.48      -2.279
       -15.2      -10.83
       3.902       18.29
       9.494      -16.15
      -17.95        5.51
       16.99       8.078
      -7.086      -17.47
      -6.587        17.7
       16.85       -8.62
      -18.28      -5.035
        10.1       16.09
        3.43      -18.73
