       1.186    -0.09811
      -1.143       1.235
     0.01032      -2.061
       1.599       1.763
      -2.649     -0.2459
       2.322      -1.762
     -0.5639       3.097
      -1.792      -2.849
       3.442       0.944
      -3.348       1.717
       1.372        -3.7
       1.553       3.818
      -3.876      -1.838
       4.255      -1.311
      -2.331       3.975
     -0.9984      -4.653
       3.999       2.842
      -5.009      0.6234
       3.362      -3.949
      0.1929       5.318
      -3.826      -3.884
       5.573       0.286
        -4.4       3.634
      0.8066      -5.773
       3.373       4.901
      -5.912      -1.362
        5.38      -3.046
      -1.944       5.988
      -2.658       -5.83
       5.999       2.547
      -6.245        2.21
       3.162      -5.942
       1.708       6.618
      -5.816      -3.782
       6.943      -1.157
        -4.4       5.622
     -0.5605      -7.216
       5.358       5.008
       -7.43     -0.0745
       5.599      -5.027
     -0.7421       7.582
       -4.63      -6.166
       7.669       1.436
      -6.701       4.169
       2.149      -7.687
       3.647       7.199
      -7.634      -2.875
       7.651      -3.069
      -3.606       7.508
      -2.437      -8.053
       7.308       4.334
      -8.398       1.758
       5.053      -7.036
       1.036       8.682
       -6.69      -5.754
       8.899     -0.2781
      -6.431       6.272
      0.5099      -9.047
       5.784       7.076
      -9.121      -1.321
       7.681       -5.23
      -2.149       9.119
      -4.612      -8.241
       9.039       2.985
      -8.748       3.935
       3.822      -8.879
       3.203       9.197
      -8.638      -4.652
       9.582      -2.422
      -5.469       8.318
      -1.598      -9.898
       7.919       6.263
      -10.14      0.7364
       7.026      -7.442
      -0.155        10.3
      -6.891      -7.753
       10.39       1.069
      -8.435       6.267
       1.999      -10.38
       5.576       9.064
       -10.3      -2.936
       9.635      -4.821
      -3.872       10.12
      -4.008      -10.14
       9.864       4.799
      -10.58       3.143
       5.709      -9.517
       2.232       10.94
      -9.084      -6.593
       11.21      -1.282
      -7.445       8.567
     -0.2992      -11.41
        7.97       8.255
      -11.51     -0.7073
       9.015      -7.295
      -1.729       11.53
      -6.546      -9.719
       11.45       2.759
      -10.36        5.73
       3.788      -11.28
        4.85       10.93
      -11.01      -4.806
       11.42      -3.914
      -5.807       10.65
      -2.929      -11.84
        10.2       6.781
      -12.16       1.901
       7.719       -9.66
      0.8373       12.39
       -9.03      -8.613
       12.53      0.2517
      -9.454       8.318
       1.359      -12.57
       7.525       10.23
      -12.52      -2.474
       10.95       -6.66
       -3.59       12.36
      -5.726      -11.59
        12.1       4.696
      -12.15        4.73
       5.784      -11.74
       3.681       12.62
      -11.28      -6.844
       12.99      -2.584
      -7.868       10.73
      -1.449      -13.28
       10.08       8.846
      -13.46      0.2851
       9.769      -9.337
     -0.8995       13.54
      -8.513      -10.63
       13.51       2.095
      -11.42       7.608
       3.293      -13.37
        6.63       12.13
      -13.13      -4.483
       12.76      -5.585
      -5.655       12.78
      -4.481      -13.29
       12.33         6.8
      -13.73       3.324
       7.908      -11.77
       2.126       14.07
      -11.11      -8.969
        14.3     -0.8941
      -9.974       10.35
      0.3619      -14.42
       9.507       10.92
      -14.43      -1.632
       11.78      -8.573
      -2.907       14.33
       -7.56      -12.57
       14.11       4.176
      -13.27       6.475
       5.429      -13.78
       5.323       13.87
      -13.34      -6.656
       14.38      -4.116
      -7.847       12.79
      -2.861      -14.78
       12.13       8.991
      -15.06       1.568
       10.08      -11.37
      0.2465       15.24
       -10.5       -11.1
       15.29       1.093
      -12.05       9.551
        2.44      -15.23
       8.512       12.91
      -15.04      -3.785
       13.69      -7.394
      -5.116       14.74
      -6.204      -14.37
       14.32       6.422
      -14.94       4.952
       7.694      -13.78
       3.648        15.4
      -13.13      -8.919
       15.75        -2.3
      -10.09       12.37
      -0.919      -15.98
        11.5       11.19
      -16.09     -0.4843
       12.22      -10.54
      -1.899       16.07
      -9.481      -13.17
       15.93       3.315
      -14.02       8.337
       4.721      -15.66
       7.117       14.78
      -15.27      -6.104
       15.42      -5.828
      -7.454       14.75
      -4.481      -15.96
       14.12       8.761
      -16.37       3.085
       10.01      -13.37
        1.65       16.66
       -12.5       -11.2
       16.83      -0.188
      -12.31       11.53
        1.29      -16.86
       10.46       13.34
      -16.77      -2.774
       14.27      -9.303
       -4.25       16.54
      -8.058       -15.1
       16.18       5.707
      -15.83       6.739
       7.134       -15.7
       5.355       16.43
      -15.08      -8.519
       16.92      -3.917
      -9.852       14.35
      -2.434      -17.28
       13.49       11.12
       -17.5      0.9176
       12.31      -12.53
      -0.619        17.6
      -11.46      -13.42
       17.56       2.165
      -14.44       10.29
       3.708      -17.38
       9.024       15.35
      -17.06      -5.236
       16.15      -7.681
      -6.738       16.61
      -6.267      -16.84
       16.03         8.2
       -17.4       4.792
       9.612      -15.32
       3.267       17.83
      -14.48      -10.96
       18.12      -1.702
      -12.24       13.52
     -0.1116      -18.28
       12.46       13.43
      -18.29      -1.493
       14.53      -11.28
        -3.1       18.17
      -10.01      -15.52
        17.9       4.696
      -16.41       8.649
       6.269       -17.5
       7.211       17.17
      -16.95      -7.806
       17.81      -5.705
      -9.297       16.27
      -4.142      -18.31
       15.46       10.73
      -18.68       2.535
       12.08      -14.52
      0.8962        18.9
      -13.46      -13.36
       18.98       0.763
      -14.54       12.29
