     -0.6138       1.019
       1.614     -0.4766
      -1.852     -0.9047
      0.8709       2.215
      0.9544      -2.483
      -2.609         1.3
       3.026      0.8681
      -1.758      -2.869
     -0.6805       3.504
       3.024      -2.239
      -3.925     -0.4108
       2.733       3.085
     0.07175      -4.289
      -3.062       3.232
       4.597      -0.326
      -3.728      -2.959
      0.7736       4.844
        2.78      -4.213
       -5.03       1.262
        4.68       2.531
      -1.785      -5.152
      -2.215       5.122
       5.208      -2.332
      -5.532      -1.837
       2.897       5.196
       1.401      -5.903
      -5.116       3.471
       6.229       0.913
      -4.047      -4.968
     -0.3777       6.506
        4.75      -4.617
      -6.728      0.1988
       5.174       4.466
     -0.8105       -6.89
      -4.116        5.71
        6.99      -1.451
      -6.219      -3.702
       2.113       7.024
       3.228      -6.693
      -6.989       2.789
       7.125       2.697
      -3.474      -6.884
      -2.114        7.51
       6.708      -4.158
      -7.843      -1.482
       4.835       6.461
      0.8083      -8.117
      -6.143       5.497
       8.328     0.09761
      -6.137      -5.755
      0.6436       8.473
         5.3      -6.747
      -8.547       1.409
       7.322       4.779
      -2.191      -8.548
      -4.196       7.853
       8.473      -2.982
      -8.335      -3.555
       3.777       8.322
       2.861      -8.761
      -8.094       4.565
       9.126       2.118
      -5.341      -7.789
      -1.333       9.425
       7.407      -6.096
      -9.653     -0.5119
       6.823        6.95
     -0.3389      -9.806
       -6.42       7.514
       9.881      -1.212
      -8.163      -5.821
       2.101       9.875
       5.156      -8.761
      -9.787       2.997
       9.303        4.43
      -3.893      -9.614
      -3.647       9.783
       9.358      -4.781
      -10.19      -2.814
       5.652       9.018
       1.936      -10.53
      -8.594       6.498
       10.79        1.02
      -7.312       -8.09
    -0.07365       10.97
       7.507      -8.086
      -11.06       0.896
       8.812        6.85
      -1.881      -11.07
      -6.122       9.484
       10.98      -2.874
      -10.09      -5.327
       3.864        10.8
       4.472      -10.63
      -10.54       4.845
        11.1       3.563
      -5.808      -10.18
      -2.606       11.49
        9.73      -6.744
      -11.79      -1.607
       7.645       9.194
      0.5763         -12
      -8.574       8.503
       12.12     -0.4799
      -9.309      -7.873
       1.553       12.15
       7.096      -10.06
      -12.08       2.634
       10.74       6.247
      -3.714      -11.91
      -5.333       11.34
       11.65      -4.785
      -11.87      -4.359
       5.836       11.28
       3.333      -12.32
      -10.82        6.86
       12.67       2.263
      -7.847      -10.27
      -1.157       12.93
       9.625      -8.788
      -13.09    -0.02236
       9.676       8.893
      -1.131      -13.15
      -8.079        10.5
        13.1      -2.296
      -11.26      -7.187
        3.46       12.95
       6.224      -11.94
       -12.7       4.615
       12.53       5.197
      -5.752      -12.34
      -4.113       13.04
       11.88      -6.861
      -13.45       -2.98
       7.933       11.32
       1.806      -13.76
      -10.66       8.958
       13.96      0.6005
      -9.928      -9.911
       0.628       14.06
       9.069      -10.83
      -14.05       1.868
       11.67       8.145
      -3.112      -13.93
      -7.143       12.42
        13.7      -4.348
      -13.09      -6.071
       5.567       13.36
       4.937      -13.66
      -12.91        6.76
       14.13       3.749
      -7.915      -12.35
      -2.516        14.5
       11.69      -9.023
      -14.76      -1.246
       10.08       10.92
    -0.05007      -14.91
      -10.07       11.06
       14.94      -1.362
      -11.97      -9.117
        2.68       14.86
       8.085      -12.81
      -14.66       3.993
       13.55       6.977
      -5.292      -14.34
      -5.802       14.19
        13.9      -6.565
      -14.73      -4.566
       7.801       13.36
        3.28      -15.16
       -12.7       8.992
       15.48       1.952
      -10.13      -11.93
     -0.5948       15.68
       11.06      -11.19
      -15.77      0.7831
       12.19        10.1
      -2.171      -15.73
      -9.047        13.1
       15.56      -3.557
      -13.92      -7.911
       4.932       15.28
       6.701      -14.63
      -14.87       6.283
       15.25       5.425
      -7.599      -14.34
      -4.093       15.75
       13.69      -8.871
      -16.13      -2.714
       10.09       12.93
       1.301      -16.39
      -12.06       11.24
       16.53     -0.1383
      -12.31      -11.09
       1.591       16.54
       10.02       -13.3
      -16.42       3.047
        14.2       8.868
      -4.494      -16.17
       -7.63          15
        15.8       -5.92
      -15.68      -6.321
       7.314       15.29
       4.949      -16.26
      -14.67       8.666
       16.71       3.526
      -9.963      -13.92
      -2.062       17.04
       13.06       -11.2
      -17.23     -0.5672
       12.35       12.09
      -0.946       -17.3
      -11.01       13.43
       17.23      -2.466
       -14.4      -9.843
       3.983       17.03
       8.585      -15.28
      -16.69       5.481
       16.05       7.249
      -6.951      -16.22
      -5.845       16.69
       15.62      -8.381
      -17.22      -4.383
       9.758        14.9
       2.873      -17.61
      -14.05       11.07
       17.88       1.328
      -12.31      -13.08
      0.2407          18
       12.01      -13.47
      -17.99       1.822
       14.53       10.83
      -3.403      -17.84
      -9.562       15.49
       17.55      -4.971
      -16.33      -8.206
       6.514       17.12
       6.775      -17.06
      -16.55       8.019
       17.66        5.28
      -9.475      -15.86
      -3.731       18.13
       15.03      -10.87
      -18.46      -2.142
       12.19       14.08
      0.5194      -18.65
      -13.01       13.43
        18.7      -1.118
      -14.58      -11.83
        2.76       18.61
       10.56      -15.62
      -18.37       4.394
       16.55       9.186
      -6.007      -17.99
      -7.737       17.35
       17.46      -7.586
