      0.6436      -1.001
      0.2848       1.658
      -1.629      -1.262
       2.372     -0.1962
      -1.807       1.953
     0.01461      -2.914
       2.115       2.332
      -3.351      -0.311
       2.844      -2.158
      -0.674       3.702
      -2.101       -3.34
       3.975        1.09
      -3.817       1.958
       1.548      -4.174
       1.737       4.268
        -4.3      -2.039
       4.688      -1.445
      -2.553       4.355
      -1.088      -5.071
       4.337       3.082
      -5.411      0.6733
       3.618      -4.249
      0.2068       5.702
      -4.091      -4.153
       5.941       0.305
      -4.678       3.863
      0.8557      -6.123
       3.569       5.186
      -6.244      -1.438
       5.671      -3.211
      -2.046       6.301
      -2.792      -6.124
       6.292       2.671
       -6.54       2.315
       3.307      -6.214
       1.784       6.912
      -6.067      -3.945
       7.235      -1.205
       -4.58       5.851
     -0.5827      -7.503
       5.566       5.202
      -7.711    -0.07743
       5.806      -5.212
     -0.7689       7.855
      -4.792      -6.383
       7.932       1.485
      -6.926       4.309
        2.22      -7.939
       3.764        7.43
      -7.873      -2.966
       7.886      -3.163
      -3.715       7.734
      -2.509      -8.291
        7.52        4.46
      -8.637       1.808
       5.194      -7.232
       1.064        8.92
       -6.87      -5.909
       9.135     -0.2853
      -6.598       6.435
       0.523      -9.278
        5.93       7.254
      -9.346      -1.354
       7.868      -5.357
        -2.2       9.337
      -4.721      -8.435
       9.248       3.054
      -8.948       4.025
       3.908      -9.078
       3.274       9.401
      -8.827      -4.754
       9.788      -2.474
      -5.585       8.495
      -1.631       -10.1
       8.082       6.392
      -10.35      0.7513
       7.168      -7.592
     -0.1584       10.51
      -7.025      -7.905
       10.59        1.09
      -8.595       6.387
       2.036      -10.58
       5.679       9.233
      -10.49      -2.989
        9.81      -4.909
      -3.941       10.31
      -4.079      -10.32
       10.04       4.883
      -10.76       3.198
       5.806       -9.68
       2.269       11.12
      -9.236      -6.704
        11.4      -1.302
      -7.567       8.707
     -0.3037      -11.59
       8.097       8.387
       -11.7     -0.7185
       9.157      -7.409
      -1.756       11.71
      -6.647      -9.869
       11.62       2.801
      -10.52       5.816
       3.844      -11.45
       4.922       11.09
      -11.17      -4.877
       11.59      -3.971
       -5.89       10.81
       -2.97         -12
       10.35       6.876
      -12.33       1.926
       7.825      -9.793
      0.8487       12.56
      -9.153      -8.729
        12.7      0.2551
       -9.58       8.428
       1.376      -12.74
       7.624       10.37
      -12.68      -2.506
       11.09      -6.745
      -3.636       12.52
      -5.798      -11.73
       12.25       4.755
       -12.3       4.789
       5.856      -11.88
       3.725       12.77
      -11.42      -6.928
       13.15      -2.615
      -7.962       10.85
      -1.466      -13.43
        10.2        8.95
      -13.62      0.2884
       9.882      -9.445
     -0.9098       13.69
       -8.61      -10.75
       13.66       2.119
      -11.55       7.694
        3.33      -13.52
       6.703       12.26
      -13.28      -4.532
        12.9      -5.645
      -5.717       12.92
      -4.528      -13.44
       12.46       6.873
      -13.88        3.36
       7.991      -11.89
       2.148       14.22
      -11.22      -9.062
       14.45     -0.9033
      -10.08       10.46
      0.3656      -14.57
       9.603       11.03
      -14.58      -1.649
        11.9      -8.659
      -2.936       14.47
      -7.635      -12.69
       14.25       4.218
       -13.4       6.537
       5.482      -13.91
       5.374       14.01
      -13.47       -6.72
       14.51      -4.155
       -7.92       12.91
      -2.888      -14.91
       12.24       9.074
       -15.2       1.582
       10.17      -11.47
      0.2487       15.37
       -10.6       -11.2
       15.43       1.103
      -12.16       9.637
       2.462      -15.36
       8.586       13.03
      -15.18      -3.819
       13.81      -7.457
       -5.16       14.87
      -6.257      -14.49
       14.44       6.477
      -15.07       4.994
       7.759       -13.9
       3.678       15.53
      -13.24      -8.994
       15.88      -2.319
      -10.17       12.47
     -0.9266      -16.11
        11.6       11.29
      -16.22     -0.4883
       12.32      -10.62
      -1.916        16.2
      -9.557      -13.28
       16.06       3.342
      -14.13       8.403
       4.758      -15.79
       7.173       14.89
      -15.39      -6.152
       15.54      -5.874
      -7.512       14.87
      -4.515      -16.08
       14.23       8.828
      -16.49       3.108
       10.09      -13.47
       1.662       16.79
       -12.6      -11.28
       16.95     -0.1894
       -12.4       11.62
       1.301      -16.99
       10.54       13.44
      -16.89      -2.794
       14.38       -9.37
      -4.281       16.66
      -8.117      -15.21
        16.3       5.748
      -15.94       6.788
       7.185      -15.81
       5.393       16.55
      -15.19      -8.579
       17.04      -3.943
      -9.921       14.45
       -2.45       -17.4
       13.59        11.2
      -17.62      0.9239
        12.4      -12.61
     -0.6232       17.72
      -11.53      -13.52
       17.67        2.18
      -14.54       10.35
       3.733      -17.49
       9.084       15.45
      -17.18      -5.271
       16.26      -7.732
      -6.782       16.72
      -6.308      -16.95
       16.13       8.254
      -17.51       4.822
       9.675      -15.42
       3.287       17.94
      -14.57      -11.03
       18.24      -1.713
      -12.32       13.61
     -0.1123      -18.39
       12.53       13.52
      -18.41      -1.503
       14.62      -11.35
      -3.119       18.28
      -10.07      -15.62
       18.01       4.725
      -16.51       8.702
       6.307       -17.6
       7.254       17.28
      -17.05      -7.855
       17.92      -5.739
      -9.353       16.37
      -4.167      -18.42
       15.55       10.79
      -18.79        2.55
       12.16       -14.6
      0.9015       19.02
