      0.2473       1.164
      0.8539       -1.45
      -1.971       0.603
       2.148       1.024
     -0.9979      -2.466
      -1.019       2.731
       2.804      -1.431
      -3.244     -0.8963
       1.895       3.025
      0.6811        -3.7
      -3.148       2.379
       4.103      0.3889
      -2.876      -3.183
    -0.03098       4.452
       3.136      -3.376
      -4.744      0.3831
       3.872       3.012
     -0.8447      -4.977
      -2.814       4.357
       5.148      -1.346
      -4.821      -2.547
       1.878       5.255
       2.214      -5.259
      -5.297       2.434
       5.664        1.82
      -3.006       -5.27
      -1.369       6.029
       5.175      -3.585
      -6.348     -0.8672
       4.165       5.012
      0.3193      -6.617
       -4.78       4.738
        6.83     -0.2686
      -5.296      -4.482
      0.8905       6.983
       4.118      -5.832
      -7.072        1.54
       6.339        3.69
       -2.21      -7.094
      -3.203        6.81
       7.048      -2.893
      -7.238      -2.659
       3.583       6.931
       2.064      -7.618
      -6.743       4.271
       7.944       1.421
       -4.95      -6.483
     -0.7367        8.21
       6.152      -5.614
      -8.413    -0.01643
       6.254       5.752
     -0.7334      -8.549
      -5.284       6.864
       8.613      -1.506
      -7.436       -4.75
       2.295       8.603
       4.155      -7.964
      -8.518       3.092
       8.441       3.503
      -3.891      -8.355
      -2.798       8.862
       8.115      -4.682
       -9.22      -2.045
        5.46       7.797
       1.251      -9.511
      -7.403       6.215
        9.73      0.4208
      -6.942      -6.934
      0.4379       9.874
       6.392      -7.631
      -9.939       1.318
       8.277       5.781
      -2.212      -9.922
      -5.105       8.871
       9.822      -3.114
      -9.408      -4.368
       4.013       9.639
       3.575      -9.882
       -9.37       4.903
       10.29       2.731
      -5.775      -9.018
      -1.844       10.62
       8.582      -6.622
      -10.87     -0.9202
       7.435       8.066
    -0.03369      -11.03
      -7.471       8.207
       11.12       -1.01
      -8.929      -6.802
           2       11.11
       6.062      -9.596
      -11.01       2.997
        10.2       5.257
      -3.991      -10.82
      -4.391       10.73
       10.54      -4.974
      -11.19      -3.472
       5.938       10.17
       2.506      -11.57
      -9.712       6.873
       11.86         1.5
      -7.773      -9.164
     -0.4613       12.07
       8.532      -8.628
      -12.18      0.6011
        9.43       7.819
      -1.679      -12.19
       -7.03       10.17
       12.11      -2.765
      -10.85       -6.17
       3.848       11.93
       5.245      -11.45
      -11.65        4.92
       11.97       4.262
      -5.972      -11.28
      -3.227        12.4
        10.8      -6.996
      -12.74      -2.149
       7.981       10.24
       1.035      -12.99
      -9.579       8.919
       13.14     -0.1059
      -9.802      -8.834
       1.265       13.19
       8.008      -10.62
      -13.13       2.433
       11.37       7.105
        -3.6      -12.97
      -6.131       12.04
        12.7      -4.757
      -12.63      -5.094
       5.894       12.33
           4      -13.13
      -11.86       7.003
       13.53       2.859
      -8.073      -11.29
      -1.677       13.83
       10.61      -9.095
      -14.02     -0.4657
       10.06       9.848
     -0.7681      -14.11
      -8.995       10.96
       14.09      -2.013
      -11.79      -8.058
       3.259       13.95
       7.046      -12.53
      -13.71       4.497
       13.19       5.963
      -5.717      -13.35
       -4.82       13.75
       12.89      -6.909
      -14.21      -3.623
       8.062       12.31
       2.382      -14.57
      -11.64       9.166
       14.82       1.105
      -10.21      -10.86
      0.1963       14.95
       9.988      -11.19
      -14.97       1.512
        12.1       9.028
      -2.833      -14.88
      -7.984       12.92
       14.66      -4.148
      -13.65      -6.866
       5.448       14.33
        5.68      -14.29
      -13.88        6.72
       14.82       4.435
      -7.955      -13.32
      -3.141       15.24
       12.65      -9.142
      -15.55      -1.807
       10.27       11.87
      0.4419      -15.73
      -10.99       11.33
        15.8     -0.9387
      -12.32      -10.01
       2.332       15.75
       8.943      -13.22
      -15.57        3.72
       14.03       7.796
      -5.095      -15.27
      -6.575       14.74
       14.84      -6.445
      -15.34       -5.29
        7.76        14.3
        3.95      -15.83
      -13.64       9.028
        16.2       2.562
      -10.24      -12.87
      -1.144       16.45
       11.98      -11.38
      -16.57      0.3015
       12.45          11
      -1.756      -16.56
      -9.919       13.44
       16.43      -3.216
      -14.32       -8.75
       4.663       16.17
       7.502      -15.11
      -15.78       6.089
       15.78       6.183
      -7.482      -15.26
      -4.801       16.35
       14.62       -8.83
      -16.78      -3.372
       10.12       13.86
       1.899       -17.1
      -12.98       11.35
       17.28      0.4009
       -12.5      -11.99
       1.119       17.33
       10.91      -13.56
      -17.25        2.64
       14.53       9.723
      -4.158      -17.03
      -8.455        15.4
       16.67      -5.657
      -16.15      -7.107
       7.125       16.19
       5.696      -16.79
      -15.57       8.552
        17.3       4.223
      -9.925      -14.83
      -2.708       17.68
       13.97      -11.23
      -17.93      -1.155
       12.47       12.99
     -0.4164      -18.04
       -11.9       13.61
       18.01      -2.003
      -14.67      -10.71
       3.585       17.84
       9.429      -15.61
      -17.54       5.153
       16.45       8.064
      -6.695      -17.09
      -6.621       17.16
       16.51      -8.198
      -17.75      -5.119
        9.65       15.79
        3.56       -18.2
      -14.95       11.04
       18.52       1.965
      -12.35      -13.99
     -0.3378        18.7
       12.91      -13.58
      -18.73       1.303
       14.72       11.71
      -2.948      -18.62
      -10.42       15.75
       18.36      -4.582
      -16.67      -9.042
       6.194       17.96
       7.582      -17.46
