      0.2383      -1.166
      -1.362       0.988
       2.047      0.2346
       -1.56      -1.797
    -0.07056        2.66
       2.025      -2.096
      -3.142       0.192
       2.615       2.118
     -0.5283       -3.53
      -2.103        3.12
       3.837      -0.923
      -3.606      -1.996
       1.364       4.067
       1.807      -4.069
      -4.224       1.842
       4.502       1.544
      -2.347      -4.308
      -1.214         4.9
        4.32      -2.869
      -5.257     -0.8233
       3.402       4.261
       0.378      -5.568
      -4.131       3.937
       5.828     -0.1151
      -4.465      -3.931
      0.6497       6.032
       3.664       -4.98
      -6.177       1.219
       5.473       3.331
      -1.816      -6.259
      -2.936       5.938
       6.275      -2.433
      -6.368      -2.482
       3.064       6.224
       1.973      -6.757
      -6.105       3.701
       7.098       1.414
      -4.336      -5.915
     -0.8087       7.386
       5.657      -4.963
      -7.617     -0.1639
       5.572        5.33
      -0.515      -7.785
      -4.936       6.159
       7.888      -1.221
      -6.714      -4.477
       1.948       7.921
       3.956      -7.232
      -7.883       2.688
       7.706       3.377
      -3.435      -7.772
      -2.743        8.13
       7.586      -4.181
      -8.497       -2.06
       4.919       7.326
       1.333      -8.803
      -6.991        5.64
       9.044      0.5685
      -6.339      -6.584
      0.2284       9.214
       6.105      -7.006
       -9.31        1.05
       7.635       5.559
       -1.89      -9.329
      -4.946       8.219
        9.27       -2.74
      -8.752      -4.273
       3.593        9.13
       3.544      -9.226
      -8.909       4.442
       9.638       2.762
      -5.277      -8.607
      -1.936        9.98
       8.224      -6.093
      -10.25       -1.07
        6.88       7.763
      0.1721      -10.44
      -7.225        7.63
       10.55     -0.7508
      -8.338      -6.613
       1.691       10.57
       5.932      -8.994
      -10.51       2.641
       9.593       5.185
      -3.593      -10.36
      -4.377       10.13
       10.13      -4.538
      -10.59      -3.515
       5.468       9.803
       2.605      -10.98
      -9.391       6.375
       11.29       1.652
       -7.25      -8.894
     -0.6658       11.52
       8.314      -8.085
      -11.65      0.3472
       8.873       7.655
      -1.379       -11.7
       -6.92       9.606
       11.65      -2.421
      -10.28      -6.115
       3.464       11.51
       5.243      -10.88
      -11.27         4.5
        11.4       4.314
       -5.52      -10.94
      -3.331       11.85
       10.51      -6.516
      -12.21      -2.304
       7.479        9.99
       1.239      -12.47
      -9.382       8.399
       12.65      0.1451
      -9.268      -8.688
      0.9696       12.72
       7.913      -10.08
       -12.7       2.096
       10.83       7.061
      -3.225      -12.57
      -6.139        11.5
       12.34      -4.348
      -12.09      -5.153
       5.455       12.02
       4.109       -12.6
      -11.58       6.538
       13.01       3.016
      -7.586      -11.06
      -1.882       13.33
       10.43       -8.59
      -13.55     -0.7152
       9.543       9.716
     -0.4756      -13.66
      -8.911       10.43
       13.67      -1.681
      -11.26      -8.024
       2.891       13.57
       7.061         -12
      -13.36       4.096
       12.67       6.028
      -5.287      -13.05
      -4.932       13.24
       12.62      -6.453
      -13.72      -3.783
       7.585        12.1
       2.587      -14.09
      -11.47       8.673
       14.36       1.354
      -9.708      -10.74
    -0.09397       14.52
       9.912      -10.68
      -14.57       1.184
       11.58           9
       -2.47      -14.51
      -8.005       12.41
       14.33      -3.753
      -13.14      -6.934
       5.024       14.04
       5.795      -13.79
      -13.63       6.272
       14.33       4.596
      -7.486      -13.11
      -3.346       14.77
       12.48      -8.657
       -15.1      -2.055
       9.775       11.75
      0.7315      -15.31
      -10.91       10.83
       15.41     -0.6137
      -11.81      -9.985
        1.97       15.39
       8.967      -12.72
      -15.25       3.328
       13.53       7.867
      -4.675      -14.98
      -6.692       14.25
        14.6      -6.001
      -14.86      -5.452
       7.296        14.1
       4.155      -15.37
      -13.48       8.548
       15.76       2.811
      -9.749      -12.75
      -1.431       16.03
       11.92      -10.89
      -16.18     -0.0237
       11.95       10.98
      -1.399      -16.21
      -9.944       12.93
       16.11      -2.827
      -13.83      -8.822
       4.247       15.89
       7.619      -14.62
      -15.53       5.649
       15.31       6.345
      -7.021      -15.06
      -5.008       15.89
       14.46      -8.354
      -16.35      -3.618
       9.635       13.74
       2.186      -16.68
      -12.91       10.85
        16.9      0.7224
         -12      -11.97
      0.7622       16.98
       10.93      -13.07
      -16.93       2.255
       14.04       9.796
      -3.744      -16.75
      -8.572       14.91
       16.43      -5.219
      -15.68       -7.27
       6.667       15.99
       5.899      -16.33
      -15.42       8.077
       16.86       4.469
      -9.439      -14.72
      -2.991       17.27
        13.9      -10.74
      -17.55      -1.476
       11.97       12.97
    -0.06372      -17.69
      -11.93       13.12
       17.69      -1.617
      -14.17      -10.78
       3.172       17.56
       9.546      -15.13
       -17.3       4.716
       15.97       8.223
      -6.237      -16.89
      -6.825        16.7
       16.35      -7.724
      -17.31      -5.362
       9.164       15.68
       3.843      -17.79
      -14.88       10.54
       18.14       2.283
      -11.86      -13.96
     -0.6912       18.34
       12.93      -13.09
      -18.41      0.9189
       14.23       11.78
      -2.535      -18.33
      -10.54       15.26
       18.12      -4.146
      -16.19        -9.2
       5.737       17.76
       7.781         -17
      -17.26       7.298
       17.69       6.289
      -8.814      -16.62
      -4.737       18.25
       15.85      -10.27
      -18.66      -3.136
       11.67       14.95
       1.498      -18.94
      -13.93       12.98
