     -0.7514     -0.9225
    -0.09773        1.68
       1.478      -1.436
      -2.379     0.07001
       2.014       1.739
     -0.3401      -2.895
      -1.841       2.554
       3.295     -0.6834
      -3.067      -1.826
       1.083       3.603
       1.715      -3.554
      -3.828       1.527
       4.012       1.519
      -2.005      -3.975
      -1.249       4.436
       4.046      -2.507
       -4.82     -0.9116
       3.024       4.042
      0.5146      -5.161
      -3.966       3.548
       5.452     0.06457
       -4.07      -3.818
      0.4315        5.69
       3.601      -4.584
       -5.87      0.9671
        5.08       3.316
      -1.535      -5.989
      -2.967       5.553
       6.044      -2.127
      -5.994      -2.557
       2.737       6.033
        2.09      -6.398
      -5.954       3.357
       6.758       1.569
       -3.98      -5.806
      -1.001       7.068
       5.589      -4.599
      -7.324     -0.3893
       5.205       5.303
      -0.259      -7.521
       -4.95       5.792
       7.654     -0.9386
      -6.352      -4.531
       1.642        7.72
       4.049      -6.878
      -7.716       2.362
       7.364       3.508
      -3.093      -7.641
      -2.911       7.804
       7.493      -3.827
       -8.19      -2.262
       4.556       7.271
       1.567      -8.519
      -6.975       5.273
       8.785      0.8315
       -5.97      -6.606
    -0.06141       8.983
       6.166       -6.64
      -9.109      0.7373
       7.276       5.657
      -1.557      -9.162
      -5.082       7.871
       9.137       -2.39
      -8.417      -4.444
        3.23       9.033
       3.749       -8.91
      -8.849       4.068
       9.342           3
      -4.898      -8.585
      -2.203       9.708
        8.24      -5.711
         -10      -1.365
       6.499       7.817
      0.4921      -10.22
      -7.317       7.255
       10.36     -0.4096
      -7.971      -6.743
       1.331       10.42
       6.098       -8.64
       -10.4       2.266
       9.255       5.386
      -3.206      -10.29
      -4.612        9.81
       10.09      -4.142
       -10.3      -3.782
       5.068       9.801
       2.901      -10.71
      -9.428       5.974
       11.05       1.975
      -6.852       -8.97
      -1.012        11.3
       8.429      -7.694
      -11.47     -0.0203
       8.492       7.807
     -0.9934      -11.55
      -7.109       9.239
       11.54      -2.021
      -9.927       -6.34
       3.053       11.44
       5.503      -10.55
      -11.24       4.082
        11.1       4.605
      -5.099      -10.95
      -3.652       11.57
       10.56      -6.095
      -11.96      -2.651
       7.061       10.08
        1.61      -12.26
      -9.512       7.989
       12.47      0.5369
      -8.871      -8.858
      0.5602       12.58
        8.12      -9.697
      -12.59       1.673
       10.46       7.305
      -2.791      -12.51
      -6.418       11.16
       12.32      -3.908
      -11.77      -5.464
       5.012       12.03
       4.451      -12.31
      -11.64       6.095
       12.75       3.385
      -7.147      -11.16
      -2.275       13.11
       10.57       -8.16
      -13.36      -1.129
       9.125       9.896
    -0.04373      -13.51
      -9.131       10.03
       13.56      -1.234
      -10.88      -8.282
       2.435        13.5
       7.355      -11.65
      -13.34       3.633
       12.33       6.355
       -4.82      -13.07
      -5.291       12.94
       12.69      -5.988
      -13.45      -4.169
       7.124        12.2
       2.999      -13.86
      -11.61       8.221
       14.17       1.788
      -9.269      -10.92
     -0.5466       14.37
       10.14      -10.26
      -14.46      0.7163
       11.18       9.269
      -1.992      -14.44
      -8.311       12.03
        14.3      -3.268
      -12.79      -7.275
       4.535       14.05
       6.169      -13.47
      -13.69       5.783
       14.05       4.999
      -7.002      -13.22
      -3.775       14.52
       12.63      -8.182
      -14.89      -2.507
       9.313       11.94
       1.203      -15.14
      -11.15       10.38
       15.28     -0.1269
      -11.39      -10.26
       1.471       15.31
       9.282      -12.32
      -15.21       2.821
       13.16       8.218
      -4.164      -14.99
      -7.077       13.91
       14.66       -5.49
      -14.56      -5.868
       6.789        14.2
       4.599       -15.1
      -13.63       8.051
       15.53        3.28
      -9.263      -12.95
       -1.92       15.85
       12.15      -10.42
      -16.04      -0.529
        11.5       11.26
     -0.8804      -16.12
      -10.27       12.51
       16.06      -2.298
      -13.43      -9.181
       3.714       15.89
       8.014      -14.26
      -15.58       5.115
       14.98       6.772
      -6.492      -15.15
      -5.464        15.6
        14.6      -7.832
       -16.1        -4.1
       9.126       13.94
        2.69      -16.48
      -13.15       10.36
       16.74       1.245
      -11.53      -12.26
      0.2245       16.87
       11.26      -12.62
      -16.87       1.707
       13.62       10.16
       -3.19      -16.73
      -8.973       14.53
       16.47      -4.664
      -15.33      -7.706
       6.115       16.08
       6.366      -16.02
      -15.56       7.533
        16.6       4.964
      -8.906      -14.91
      -3.511       17.05
       14.14      -10.22
      -17.37      -2.015
       11.47       13.25
      0.4911      -17.56
      -12.25       12.65
       17.62      -1.051
      -13.73      -11.15
       2.599       17.54
       9.951      -14.72
      -17.32        4.14
        15.6       8.666
      -5.664      -16.97
      -7.299       16.37
       16.48      -7.157
      -17.02      -5.868
       8.608       15.86
       4.374      -17.55
      -15.11          10
       17.94       2.835
      -11.34      -14.24
      -1.262        18.2
       13.25      -12.59
      -18.31      0.3355
       13.76       12.15
      -1.943      -18.29
      -10.95       14.83
       18.13       -3.55
       -15.8      -9.646
       5.142       17.82
       8.264      -16.65
      -17.37       6.708
       17.38       6.802
      -8.235      -16.79
      -5.278       17.98
       16.07      -9.712
      -18.45      -3.701
       11.12       15.22
       2.083      -18.77
      -14.24       12.46
       18.96      0.4352
      -13.71      -13.15
       1.229          19
