     -0.6534      0.9944
     -0.2686      -1.661
       1.617       1.278
      -2.373       0.173
       1.826      -1.935
    -0.04305       2.914
      -2.092      -2.352
       3.348      0.3437
      -2.865        2.13
      0.7101      -3.695
       2.069       3.361
      -3.964      -1.129
       3.836      -1.921
      -1.589       4.159
      -1.695      -4.285
        4.28       2.081
      -4.702       1.399
       2.596       -4.33
       1.038       5.081
      -4.307      -3.125
       5.417     -0.6204
      -3.659       4.214
     -0.1512      -5.704
        4.05       4.192
      -5.938     -0.3631
       4.715      -3.817
     -0.9154       6.114
      -3.519      -5.221
        6.23       1.499
      -5.702       3.156
       2.107      -6.281
       2.732       6.151
      -6.265      -2.732
       6.563      -2.251
      -3.367       6.181
      -1.717       -6.93
       6.029       4.005
      -7.246       1.134
       4.637      -5.806
      0.5095       7.508
      -5.515      -5.256
       7.709      0.1527
      -5.856       5.155
      0.8456      -7.847
        4.73       6.429
      -7.917      -1.563
       6.968      -4.241
      -2.298       7.917
      -3.691      -7.466
       7.844       3.042
      -7.917       3.086
        3.79      -7.697
       2.428       8.315
      -7.476      -4.533
       8.654      -1.723
      -5.264       7.181
     -0.9774       -8.93
       6.812       5.976
      -9.137      0.1961
       6.661       -6.37
     -0.6136       9.273
      -5.858      -7.311
       9.333       1.445
       -7.92        5.28
       2.291      -9.315
       4.638       8.481
      -9.218      -3.144
       8.987      -3.937
      -3.996       9.039
      -3.182      -9.433
        8.78        4.84
      -9.812       2.379
       5.667       -8.44
       1.532       10.12
      -8.019       -6.47
       10.35     -0.6502
      -7.241       7.521
      0.2611      -10.51
       6.948       7.973
      -10.57      -1.193
       8.657      -6.302
       -2.14       10.56
      -5.589      -9.288
       10.46       3.092
      -9.858       4.813
       4.041      -10.27
       3.978       10.36
      -9.989       -4.98
       10.79      -3.092
      -5.901       9.623
      -2.161      -11.14
        9.17       6.794
      -11.41       1.191
       7.652      -8.633
      0.1904        11.6
      -8.015      -8.466
       11.69      0.8327
      -9.229       7.319
        1.87      -11.69
        6.55       9.933
       -11.6      -2.914
       10.57      -5.713
      -3.956       11.41
      -4.813      -11.14
       11.13       4.986
      -11.63       3.858
       5.995      -10.75
       2.852       12.03
      -10.28      -6.977
       12.35      -1.806
      -7.921       9.716
      -0.726      -12.57
       9.067       8.818
       -12.7     -0.3792
       9.661      -8.334
      -1.501       12.73
      -7.522      -10.44
       12.65        2.63
      -11.15       6.636
       3.758      -12.48
       5.683       11.79
       -12.2      -4.875
       12.34      -4.669
      -5.972       11.83
        -3.6      -12.81
       11.35       7.039
      -13.18       2.486
       8.068      -10.78
       1.335       13.45
      -10.11      -9.049
       13.62     -0.1554
      -9.974       9.348
       1.044      -13.68
       8.504       10.83
      -13.64      -2.252
       11.62      -7.581
      -3.462       13.49
      -6.583      -12.33
       13.23       4.661
      -12.95       5.519
       5.843      -12.86
       4.397       13.48
      -12.39      -6.994
       13.91      -3.224
      -8.107       11.81
      -2.009      -14.24
       11.14       9.171
      -14.45      0.7622
       10.18      -10.36
     -0.5078       14.56
      -9.495      -11.12
       14.56       1.791
      -11.98       8.542
       3.077      -14.44
        7.51       12.77
      -14.21      -4.357
       13.46      -6.405
      -5.618       13.86
      -5.237      -14.06
        13.4       6.851
      -14.55       4.013
       8.046      -12.83
       2.742       14.94
      -12.15      -9.193
       15.22      -1.434
      -10.28       11.37
    -0.09854      -15.38
       10.49        11.3
      -15.42      -1.254
       12.25      -9.518
      -2.612       15.34
      -8.459      -13.11
       15.14       3.967
      -13.88       7.322
       5.305      -14.82
       6.115       14.55
      -14.38      -6.618
       15.12      -4.847
      -7.894       13.82
      -3.526      -15.57
       13.15       9.123
      -15.91       2.164
       10.29      -12.37
      0.7692       16.12
      -11.49       -11.4
       16.21      0.6467
      -12.43        10.5
       2.074      -16.18
       9.426       13.37
      -16.02      -3.499
       14.22      -8.265
      -4.912       15.74
      -7.027      -14.96
       15.33       6.302
       -15.6       5.722
       7.657      -14.79
       4.358       16.12
      -14.14      -8.966
       16.52      -2.947
      -10.22       13.37
      -1.498       -16.8
       12.49       11.41
      -16.95     0.02379
       12.52       -11.5
      -1.467       16.97
      -10.41      -13.54
       16.86       2.959
      -14.47        9.23
       4.443      -16.62
       7.968       15.29
      -16.24      -5.907
          16      -6.632
      -7.339       15.74
      -5.231       -16.6
       15.11       8.727
      -17.07       3.777
       10.06      -14.35
        2.28       17.42
      -13.48      -11.33
       17.63     -0.7517
      -12.52       12.49
      0.7962      -17.71
        11.4       13.63
      -17.65      -2.352
       14.64      -10.21
      -3.904       17.46
      -8.933      -15.54
       17.12       5.439
      -16.34       7.573
       6.945      -16.65
       6.142       17.01
      -16.05      -8.411
       17.56      -4.651
      -9.825       15.32
      -3.111      -17.97
       14.46       11.17
      -18.25       1.535
       12.45      -13.49
    -0.06739       18.39
       -12.4      -13.64
       18.39       1.682
      -14.73       11.21
       3.298      -18.25
       9.918       15.72
      -17.97      -4.901
       16.59      -8.541
      -6.479       17.54
      -7.085      -17.35
       16.98       8.021
      -17.97       5.563
       9.512      -16.27
       3.987       18.46
      -15.44      -10.94
       18.81      -2.367
       -12.3       14.48
     -0.7157      -19.02
