      -1.094      -0.467
       0.695       1.532
      0.6401      -1.959
      -2.073       1.169
       2.591      0.6022
      -1.648      -2.404
     -0.4417       3.117
       2.599      -2.138
      -3.564     -0.1897
       2.635       2.685
     -0.1356      -3.944
      -2.678       3.133
       4.258     -0.5217
      -3.624      -2.586
      0.9581       4.507
       2.415      -4.101
      -4.691       1.436
       4.557       2.171
      -1.945      -4.808
       -1.86       4.985
       4.856      -2.479
      -5.379      -1.486
       3.029       4.836
       1.055      -5.733
      -4.746       3.587
        6.04      0.5721
      -4.145      -4.587
    -0.04342       6.296
       4.361      -4.695
      -6.496       0.525
       5.229       4.067
      -1.127      -6.636
      -3.708       5.742
       6.712      -1.755
      -6.224      -3.287
       2.403       6.723
       2.808      -6.671
      -6.664       3.063
       7.074       2.273
      -3.729      -6.536
      -1.687       7.429
       6.338      -4.392
       -7.73      -1.056
       5.045        6.07
      0.3843      -7.972
      -5.731       5.681
       8.151     -0.3211
      -6.293      -5.325
       1.054       8.262
       4.852      -6.873
      -8.302       1.808
       7.415       4.317
      -2.576       -8.27
      -3.721       7.912
       8.163      -3.351
      -8.358      -3.071
       4.125        7.98
       2.369      -8.746
      -7.721       4.891
       9.072       1.622
       -5.64      -7.385
     -0.8367       9.331
       6.976      -6.366
      -9.519      -0.018
       7.061       6.493
     -0.8269      -9.631
       -5.94       7.718
       9.665      -1.691
      -8.329       -5.32
       2.567       9.618
       4.638      -8.888
       -9.49       3.446
       9.389       3.897
      -4.321      -9.278
      -3.102       9.826
       8.984      -5.185
      -10.19       -2.26
       6.028       8.607
       1.378      -10.49
       -8.15       6.843
        10.7       0.462
      -7.623      -7.614
      0.4809       10.83
       7.002       -8.36
      -10.87       1.443
       9.046       6.318
      -2.417      -10.83
      -5.567       9.674
        10.7      -3.393
      -10.24      -4.753
       4.363       10.48
       3.882      -10.73
      -10.17        5.32
       11.15        2.96
      -6.255      -9.766
      -1.995       11.49
       9.278      -7.159
      -11.74     -0.9932
       8.024       8.704
    -0.03705       -11.9
       -8.05       8.842
       11.97      -1.089
      -9.606      -7.317
       2.151       11.94
       6.512      -10.31
      -11.82       3.218
       10.94       5.639
      -4.279       -11.6
      -4.703        11.5
       11.29      -5.325
      -11.97      -3.714
       6.348       10.87
       2.677      -12.36
      -10.37       7.339
       12.66         1.6
       -8.29      -9.773
     -0.4901       12.86
       9.088       -9.19
      -12.96      0.6415
       10.03       8.319
      -1.787      -12.97
      -7.472       10.81
       12.86      -2.938
      -11.52       -6.55
       4.084       12.66
       5.562      -12.14
      -12.35       5.217
       12.68       4.515
      -6.326      -11.94
      -3.415       13.13
       11.43      -7.402
      -13.48      -2.272
       8.437       10.82
       1.092      -13.73
      -10.12       9.421
       13.88     -0.1135
      -10.35      -9.324
       1.336       13.91
       8.444       -11.2
      -13.84       2.566
       11.98       7.485
      -3.793      -13.66
      -6.454       12.68
       13.37      -5.007
      -13.29      -5.358
         6.2       12.97
       4.205       -13.8
      -12.46        7.36
       14.21       3.001
      -8.478      -11.85
      -1.759       14.51
       11.14      -9.545
      -14.71     -0.4868
       10.55       10.33
     -0.8062      -14.79
      -9.427       11.49
       14.76       -2.11
      -12.35       -8.44
       3.413       14.61
       7.375      -13.12
      -14.34       4.707
        13.8       6.238
       -5.98      -13.96
      -5.039       14.38
       13.47      -7.222
      -14.86      -3.784
       8.422       12.86
       2.486      -15.22
      -12.15       9.571
       15.47       1.152
      -10.66      -11.33
      0.2058        15.6
       10.42      -11.68
      -15.62       1.578
       12.62       9.411
      -2.954      -15.51
      -8.319       13.47
       15.27      -4.323
      -14.22       -7.15
       5.673       14.92
       5.911      -14.88
      -14.45       6.995
       15.42       4.613
      -8.276      -13.86
      -3.265       15.85
       13.15      -9.507
      -16.16      -1.877
       10.68       12.33
      0.4592      -16.35
      -11.41       11.78
       16.41     -0.9771
       -12.8      -10.39
       2.421       16.35
       9.285      -13.73
      -16.16       3.861
       14.56       8.089
      -5.286      -15.84
      -6.819       15.29
        15.4      -6.684
      -15.91      -5.484
       8.045       14.83
       4.092      -16.41
      -14.14       9.357
       16.79       2.655
      -10.61      -13.33
      -1.183       17.04
       12.41      -11.79
      -17.16      0.3122
       12.89       11.39
       -1.82      -17.15
      -10.26       13.91
          17      -3.327
      -14.82      -9.051
       4.824       16.72
       7.757      -15.63
      -16.31       6.296
       16.32       6.391
      -7.736      -15.77
      -4.962       16.89
       15.11      -9.125
      -17.34      -3.482
       10.46       14.31
       1.961      -17.66
      -13.41       11.72
       17.84      0.4118
      -12.91      -12.38
       1.155       17.89
       11.26         -14
       -17.8       2.726
          15       10.03
       -4.29      -17.57
      -8.723       15.89
        17.2      -5.837
      -16.66       -7.33
       7.348       16.69
        5.87      -17.31
      -16.05       8.818
       17.83       4.353
      -10.23      -15.29
      -2.789       18.22
       14.39      -11.58
      -18.47       -1.19
       12.84       13.38
     -0.4311      -18.58
      -12.26       14.02
       18.55      -2.062
       -15.1      -11.03
       3.693       18.37
       9.706      -16.07
      -18.05       5.304
       16.93       8.297
      -6.891      -17.59
      -6.812       17.66
       16.98      -8.434
      -18.26      -5.263
       9.927       16.24
