       1.086      0.4861
      -1.597      0.5305
       1.003        -1.8
      0.5499       2.315
      -2.202      -1.493
       2.884     -0.4229
      -1.988       2.441
     -0.1955       -3.36
        2.56       2.488
      -3.761     -0.1109
       2.987      -2.579
     -0.4812       4.093
      -2.509       -3.48
       4.359      0.9044
      -3.959       2.358
       1.371      -4.558
       2.132       4.418
      -4.689      -1.871
        4.85      -1.837
      -2.396       4.751
      -1.478      -5.248
       4.744       2.939
      -5.607        1.06
       3.492      -4.667
      0.5899        5.92
      -4.522      -4.045
       6.182    -0.07283
      -4.592       4.307
      0.4849      -6.389
       4.026       5.125
      -6.537      -1.077
       5.636      -3.679
      -1.697       6.621
       -3.27      -6.119
        6.64       2.337
      -6.566       2.801
        2.99      -6.591
       2.277       6.972
      -6.472       -3.65
        7.33      -1.702
      -4.308       6.283
       -1.08      -7.635
       6.024       4.958
      -7.881      0.4185
       5.591      -5.696
     -0.2783       8.065
      -5.299      -6.201
       8.182       1.003
      -6.781       4.837
        1.75      -8.229
       4.311       7.322
      -8.204      -2.512
        7.82      -3.725
      -3.281       8.104
      -3.084      -8.268
       7.929        4.05
      -8.659       2.391
       4.812      -7.678
       1.653       8.989
      -7.352      -5.558
       9.252     -0.8751
      -6.282       6.951
    -0.06398      -9.444
       6.477       6.975
      -9.561     -0.7739
       7.631      -5.933
      -1.631       9.602
      -5.322      -8.243
       9.562       2.501
      -8.803       4.648
       3.376       -9.44
       3.915       9.306
      -9.236      -4.247
       9.745      -3.129
      -5.107        8.95
      -2.295      -10.12
       8.581       5.947
      -10.41        1.42
       6.761      -8.132
      0.5111       10.63
      -7.604       -7.54
       10.77      0.4254
      -8.276       7.001
       1.382      -10.82
       6.325       8.962
      -10.78       -2.35
       9.592      -5.582
      -3.322       10.66
      -4.776      -10.16
       10.44       4.288
      -10.65       3.912
       5.242      -10.14
       2.998       11.08
      -9.744      -6.174
       11.42       -2.04
      -7.077       9.264
      -1.045      -11.67
       8.699       7.941
      -11.84     0.02095
       8.759      -8.053
      -1.024       11.91
      -7.328      -9.523
       11.89       2.083
      -10.23       6.531
       3.145      -11.78
       5.665       10.86
      -11.57      -4.202
       11.42      -4.737
      -5.246       11.26
      -3.755       -11.9
       10.86       6.267
      -12.29       2.725
       7.257      -10.36
       1.654        12.6
      -9.771      -8.206
        12.8     -0.5513
      -9.107       9.094
      0.5758      -12.91
       8.333       9.951
      -12.92      -1.717
       10.73      -7.493
      -2.863       12.83
       -6.58      -11.44
       12.63       4.006
      -12.07       5.599
       5.136      -12.33
       4.559       12.61
      -11.93      -6.243
       13.06      -3.466
      -7.318       11.42
      -2.329      -13.42
       10.82       8.352
      -13.67       1.155
       9.337      -10.13
    -0.04558       13.82
       -9.34      -10.26
       13.87       1.263
      -11.12       8.468
       2.489      -13.81
       7.517        11.9
      -13.63      -3.713
        12.6      -6.493
      -4.925       13.35
      -5.404      -13.22
       12.96       6.115
      -13.73       4.257
       7.274      -12.46
       3.061       14.15
      -11.85      -8.392
       14.46      -1.824
      -9.459       11.15
     -0.5568      -14.66
       10.35       10.47
      -14.75     -0.7316
        11.4      -9.453
      -2.031       14.72
      -8.474      -12.27
       14.58       3.332
      -13.04       7.415
       4.622      -14.32
       6.286       13.73
      -13.95      -5.893
       14.31      -5.093
      -7.134       13.46
      -3.845      -14.79
       12.87       8.334
      -15.16       2.552
       9.484      -12.16
       1.224       15.42
      -11.35      -10.57
       15.56      0.1292
      -11.59       10.44
       1.498      -15.58
       9.446       12.53
      -15.48       -2.87
       13.39      -8.361
      -4.236       15.25
      -7.199      -14.15
       14.91       5.585
      -14.81       5.968
       6.905      -14.44
       4.676       15.36
      -13.86      -8.186
       15.79      -3.333
      -9.417       13.16
      -1.951      -16.11
       12.35       10.59
      -16.31      0.5377
       11.69      -11.44
     -0.8946       16.38
      -10.43      -12.71
       16.32       2.335
      -13.65       9.327
       3.772      -16.14
        8.14       14.48
      -15.83      -5.195
       15.22      -6.876
      -6.593       15.39
      -5.547      -15.84
       14.83       7.953
      -16.35       4.162
       9.265      -14.15
        2.73       16.73
      -13.35      -10.52
       16.99      -1.263
       -11.7       12.44
      0.2278      -17.12
       11.42       12.81
      -17.11      -1.732
       13.82      -10.31
      -3.237       16.98
      -9.103      -14.74
       16.71       4.731
      -15.55       7.816
       6.202      -16.31
       6.455       16.25
      -15.77       -7.64
       16.83      -5.033
      -9.032       15.12
      -3.559      -17.29
       14.33       10.37
      -17.61       2.043
       11.63      -13.43
      0.4978        17.8
      -12.42      -12.82
       17.86       1.065
      -13.92        11.3
       2.634      -17.77
       10.08       14.92
      -17.55      -4.196
       15.81      -8.781
      -5.739       17.19
      -7.395      -16.59
       16.69       7.251
      -17.24       5.942
       8.721      -16.06
        4.43       17.77
      -15.31      -10.13
       18.17      -2.872
      -11.48       14.42
      -1.278      -18.43
       13.42       12.75
      -18.54     -0.3397
       13.93       -12.3
      -1.968       18.52
      -11.08      -15.01
       18.35       3.594
      -15.99       9.765
       5.205      -18.04
       8.363       16.85
      -17.58      -6.792
       17.59      -6.885
      -8.334       16.99
      -5.342      -18.19
       16.26       9.828
      -18.67       3.745
