       0.356      -1.135
      -1.456      0.8438
       2.013      0.4424
      -1.369      -1.947
     -0.3417       2.638
       2.228      -1.878
      -3.145     -0.1299
       2.386       2.374
     -0.1651      -3.566
       -2.41       2.889
       3.911     -0.5265
      -3.384      -2.354
       0.942       4.185
       2.213      -3.863
       -4.39       1.401
       4.321       1.996
      -1.894      -4.525
      -1.708        4.75
       4.591      -2.413
      -5.145      -1.356
       2.949       4.586
      0.9446        -5.5
      -4.511       3.495
       5.809      0.4805
      -4.041      -4.366
     0.03046       6.067
       4.153       -4.58
      -6.269       0.582
       5.104       3.873
      -1.167      -6.412
      -3.527       5.607
       6.491       -1.78
      -6.082       -3.12
       2.413       6.505
       2.653       -6.52
      -6.451       3.059
       6.917       2.131
       -3.71      -6.327
      -1.559       7.265
       6.134      -4.359
       -7.56     -0.9407
       4.999       5.871
      0.2827      -7.797
      -5.539       5.623
       7.971     -0.4093
      -6.222      -5.139
       1.129       8.079
       4.673      -6.791
      -8.116       1.869
       7.321       4.146
      -2.624      -8.082
      -3.559       7.807
       7.973      -3.385
      -8.242      -2.917
       4.145        7.79
       2.225      -8.621
      -7.531       4.897
       8.938       1.489
      -5.633      -7.197
     -0.7135       9.189
       6.789      -6.346
      -9.368     0.09408
       7.027       6.309
     -0.9274      -9.473
       -5.76       7.671
       9.501      -1.779
       -8.27      -5.144
       2.642       9.449
       4.467      -8.816
      -9.316       3.509
       9.305       3.732
      -4.371      -9.101
      -2.945        9.73
       8.804      -5.221
      -10.09      -2.111
       6.051       8.425
       1.237      -10.37
      -7.966       6.853
       10.57      0.3302
      -7.619       -7.43
      0.6027       10.69
       6.819      -8.342
      -10.73       1.554
       9.014       6.137
      -2.516      -10.68
      -5.389       9.629
       10.54       -3.48
      -10.18      -4.578
       4.438       10.31
       3.712      -10.66
      -9.993       5.382
       11.06       2.797
      -6.304      -9.588
      -1.838       11.39
       9.096      -7.194
      -11.63     -0.8443
       8.045       8.521
     -0.1772      -11.78
      -7.864       8.849
       11.84      -1.219
      -9.598      -7.132
       2.271        11.8
       6.327      -10.29
      -11.67       3.326
        10.9       5.456
      -4.375      -11.44
      -4.524       11.45
       11.12      -5.409
      -11.91      -3.538
       6.419        10.7
       2.506      -12.28
      -10.19       7.397
       12.57       1.436
      -8.333      -9.589
     -0.3345       12.76
       8.901      -9.219
      -12.85      0.7891
       10.05        8.13
      -1.925      -12.84
      -7.281       10.81
       12.72      -3.066
       -11.5      -6.361
       4.201       12.51
       5.374      -12.11
      -12.19       5.321
       12.63       4.329
      -6.418      -11.77
      -3.233       13.07
       11.25       -7.48
       -13.4      -2.095
       8.501       10.64
      0.9218      -13.64
       -9.93        9.47
       13.77     -0.2766
      -10.38      -9.132
        1.49        13.8
        8.25      -11.22
      -13.71       2.711
       11.98        7.29
      -3.927      -13.52
      -6.258       12.67
       13.22      -5.131
      -13.26      -5.163
       6.311       12.81
       4.012      -13.75
      -12.29       7.457
       14.15       2.813
      -8.561      -11.67
      -1.576       14.44
       10.95      -9.614
      -14.62     -0.3097
        10.6       10.14
     -0.9759      -14.68
       -9.23       11.52
       14.64      -2.271
      -12.37       -8.24
       3.565       14.48
       7.172      -13.12
       -14.2       4.847
       13.79       6.035
      -6.108      -13.81
      -4.837       14.35
        13.3      -7.337
      -14.81      -3.586
       8.524       12.69
       2.291      -15.16
      -11.96       9.658
       15.39      0.9624
      -10.73      -11.14
      0.3892       15.51
       10.22      -11.73
      -15.51       1.754
       12.65       9.207
      -3.121      -15.38
      -8.112       13.49
       15.14      -4.479
      -14.23      -6.941
       5.818       14.77
       5.702      -14.86
      -14.28       7.127
       15.39       4.405
      -8.395      -13.68
       -3.06        15.8
       12.97      -9.611
       -16.1      -1.675
       10.77       12.14
      0.2632      -16.27
      -11.21       11.85
       16.32      -1.167
      -12.85      -10.19
       2.602       16.24
       9.072      -13.77
      -16.03       4.033
       14.58       7.875
      -5.447       -15.7
      -6.604       15.29
       15.24      -6.834
      -15.89      -5.267
       8.181       14.66
       3.877      -16.37
      -13.95       9.478
       16.73       2.443
      -10.71      -13.14
     -0.9746       16.97
       12.21      -11.88
      -17.07      0.5149
       12.97       11.18
      -2.015      -17.04
      -10.05       13.96
       16.88      -3.514
      -14.86      -8.832
           5       16.59
       7.535      -15.64
      -16.16       6.461
       16.32       6.167
      -7.887      -15.61
      -4.738       16.87
       14.93      -9.264
       -17.3      -3.259
       10.58       14.12
       1.742       -17.6
       -13.2       11.83
       17.77      0.1974
         -13      -12.17
       1.363        17.8
       11.04      -14.07
      -17.69       2.926
       15.05       9.811
      -4.481      -17.44
      -8.494       15.92
       17.05      -6.014
      -16.67      -7.101
       7.516       16.53
       5.639      -17.31
      -15.88       8.971
       17.81       4.122
      -10.37       -15.1
       -2.56       18.18
        14.2       -11.7
      -18.41      -0.965
       12.95       13.17
     -0.6507       -18.5
      -12.04       14.11
       18.45      -2.275
      -15.17       -10.8
       3.895       18.25
       9.476      -16.12
      -17.91       5.499
       16.96       8.061
      -7.072      -17.43
      -6.574       17.67
       16.81      -8.603
      -18.25      -5.025
       10.08       16.06
       3.424      -18.69
      -15.18       11.49
