      0.9189     -0.7559
       -1.68    -0.08953
       1.443       1.471
    -0.08162      -2.378
      -1.729       2.022
       2.893     -0.3542
      -2.562      -1.829
      0.6995       3.292
       1.811      -3.076
      -3.598       1.101
       3.562       1.697
      -1.546      -3.821
        -1.5       4.019
       3.965      -2.024
      -4.442      -1.227
       2.526       4.033
      0.8881      -4.825
      -4.027       3.043
       5.163      0.4894
      -3.567      -3.949
    -0.03794       5.452
       3.798      -4.089
      -5.688      0.4593
       4.601       3.578
     -0.9958      -5.865
      -3.292       5.096
       5.981      -1.564
      -5.567       -2.94
       2.156       6.034
       2.528      -6.007
      -6.019       2.766
       6.408       2.059
      -3.386      -5.937
      -1.536       6.766
       5.786      -4.009
      -7.073     -0.9662
       4.626       5.566
      0.3536      -7.326
      -5.277       5.231
       7.519     -0.2958
      -5.816      -4.921
       0.976       7.649
         4.5      -6.374
      -7.712        1.68
       6.898       4.016
        -2.4      -7.705
      -3.472       7.381
       7.626       -3.13
      -7.818      -2.872
       3.863       7.474
       2.222      -8.201
      -7.248       4.591
       8.527       1.525
      -5.307      -6.949
     -0.7886       8.789
       6.577      -6.002
      -8.983    -0.01754
        6.67       6.134
     -0.7818      -9.106
      -5.621       7.303
       9.154      -1.601
      -7.895      -5.043
       2.434       9.125
       4.403      -8.439
      -9.017       3.274
       8.928       3.705
      -4.111      -8.829
      -2.954       9.356
       8.561      -4.939
      -9.719      -2.156
       5.751       8.212
       1.316      -10.01
      -7.785       6.537
       10.23      0.4422
      -7.291      -7.282
      0.4602       10.36
       6.704      -8.004
      -10.42       1.382
        8.67       6.056
      -2.317      -10.39
      -5.341       9.281
       10.27      -3.256
      -9.832      -4.564
       4.192       10.07
       3.732      -10.32
      -9.776       5.116
       10.73       2.848
       -6.02      -9.399
      -1.921       11.06
       8.936      -6.896
      -11.31     -0.9571
       7.735       8.391
    -0.03573      -11.47
      -7.766        8.53
       11.55       -1.05
      -9.274      -7.064
       2.077       11.53
       6.291      -9.958
      -11.42       3.109
       10.58       5.451
      -4.137      -11.22
       -4.55       11.12
       10.92      -5.153
      -11.59      -3.595
       6.147       10.53
       2.593      -11.97
      -10.05        7.11
       12.27        1.55
      -8.036      -9.473
      -0.476       12.47
       8.814      -8.914
      -12.58      0.6216
       9.737       8.073
      -1.734      -12.58
      -7.254        10.5
       12.49      -2.852
      -11.19      -6.363
       3.968        12.3
       5.406       -11.8
      -12.01       5.071
       12.33       4.391
      -6.152      -11.61
      -3.323       12.77
       11.12      -7.202
      -13.12      -2.211
       8.212       10.53
       1.064      -13.37
      -9.852       9.173
       13.51     -0.1097
      -10.08      -9.082
       1.301       13.56
       8.229      -10.92
      -13.49       2.501
       11.68       7.298
      -3.698      -13.32
      -6.295       12.37
       13.04      -4.884
      -12.96      -5.228
       6.049       12.66
       4.103      -13.47
      -12.17       7.184
       13.87       2.931
      -8.278      -11.57
      -1.719       14.17
       10.88      -9.323
      -14.37     -0.4764
       10.31       10.09
     -0.7869      -14.45
      -9.214       11.23
       14.43      -2.062
      -12.07      -8.252
       3.338       14.28
       7.212      -12.83
      -14.03       4.604
        13.5       6.103
       -5.85      -13.66
       -4.93       14.07
       13.18      -7.067
      -14.54      -3.704
       8.244       12.59
       2.434       -14.9
       -11.9       9.371
       15.15       1.129
      -10.44       -11.1
      0.2015       15.28
       10.21      -11.44
       -15.3       1.546
       12.36       9.222
      -2.895      -15.19
      -8.154        13.2
       14.97      -4.237
      -13.94      -7.009
       5.562       14.63
       5.797      -14.59
      -14.17       6.859
       15.12       4.525
      -8.117      -13.59
      -3.204       15.55
        12.9      -9.326
      -15.86      -1.843
       10.48        12.1
      0.4507      -16.05
       -11.2       11.56
       16.11     -0.9591
      -12.56       -10.2
       2.377       16.05
       9.116      -13.48
      -15.87       3.791
        14.3       7.943
      -5.191      -15.56
      -6.699       15.02
       15.12      -6.566
      -15.63      -5.387
       7.904       14.57
       4.023      -16.12
      -13.89       9.194
       16.49       2.609
      -10.43       -13.1
      -1.163       16.74
        12.2      -11.59
      -16.87      0.3069
       12.67       11.19
      -1.789      -16.86
      -10.09       13.67
       16.72      -3.272
      -14.57      -8.903
       4.744       16.45
        7.63      -15.37
      -16.05       6.194
       16.05       6.289
      -7.609      -15.52
      -4.882       16.62
       14.86      -8.979
      -17.06      -3.428
       10.29       14.09
        1.93      -17.38
      -13.19       11.54
       17.56      0.4053
      -12.71      -12.19
       1.137       17.61
       11.08      -13.78
      -17.52       2.684
       14.77       9.879
      -4.225       -17.3
       -8.59       15.64
       16.94      -5.747
      -16.41      -7.219
       7.237       16.44
       5.785      -17.05
      -15.82       8.685
       17.57       4.288
      -10.08      -15.06
      -2.748       17.95
       14.18      -11.41
       -18.2      -1.173
       12.66       13.19
     -0.4249      -18.31
      -12.08       13.82
       18.28      -2.033
      -14.88      -10.87
       3.638       18.11
       9.569      -15.84
       -17.8       5.229
       16.69       8.182
      -6.793      -17.34
      -6.717       17.41
       16.75      -8.317
         -18       -5.19
        9.79       16.02
       3.611      -18.46
      -15.17        11.2
       18.78       1.991
      -12.53      -14.18
     -0.3426       18.96
       13.09      -13.78
      -18.99       1.321
