      0.1273      -1.183
      0.9974       1.355
      -2.022     -0.3988
       2.033      -1.238
     -0.7411       2.555
      -1.292      -2.612
       2.935       1.138
      -3.135       1.223
       1.576      -3.203
       1.055       3.612
      -3.375      -2.045
       4.042     -0.8055
      -2.536        3.46
     -0.4849      -4.425
       3.464       3.039
      -4.758      0.1028
       3.545      -3.391
     -0.3326       5.037
      -3.244      -4.047
       5.259      0.8134
      -4.536       3.025
       1.332      -5.419
       2.739       5.006
      -5.517      -1.881
       5.449      -2.388
      -2.452       5.549
      -1.977      -5.858
       5.514       3.039
      -6.227        1.51
       3.632      -5.411
      0.9927        6.55
      -5.239      -4.226
       6.822     -0.4295
      -4.811       4.999
      0.1736      -7.037
       4.691       5.381
      -7.192     -0.8103
       5.929      -4.318
      -1.475       7.283
      -3.881      -6.447
       7.306       2.159
      -6.929       3.384
       2.857       -7.26
        2.83       7.368
      -7.143      -3.561
       7.757      -2.224
      -4.263       6.954
       -1.57      -8.092
       6.693       4.957
      -8.368      0.8746
       5.635       -6.36
      0.1425       8.579
      -5.956      -6.289
       8.721        0.62
      -6.913       5.484
       1.405      -8.792
       4.946       7.499
      -8.789      -2.207
        8.04      -4.346
      -3.018       8.708
      -3.687       -8.53
        8.55        3.83
      -8.963       2.975
       4.636      -8.313
       2.214       9.334
      -7.998      -5.428
       9.636      -1.411
      -6.198       7.606
     -0.5716      -9.867
       7.137        6.94
      -10.02     -0.2974
       7.644      -6.595
      -1.189        10.1
      -5.983      -8.304
       10.09       2.096
      -8.914       5.305
       3.009      -9.998
       4.564       9.465
      -9.821      -3.921
       9.953      -3.766
      -4.825        9.56
      -2.918      -10.37
       9.213       5.712
      -10.72       2.024
       6.573      -8.782
       1.092       10.98
      -8.269      -7.402
       11.16     -0.1294
      -8.189       7.677
      0.8564      -11.26
       7.009       8.927
      -11.26      -1.858
        9.61       -6.27
      -2.866       11.17
      -5.463      -10.23
          11       3.873
      -10.78       4.596
       4.869      -10.73
       3.673       11.25
      -10.36      -5.847
       11.65      -2.702
      -6.798       9.909
       -1.69      -11.96
       9.367       7.713
      -12.18      0.6442
       8.583       -8.74
     -0.4267        12.3
      -8.031      -9.402
       12.33       1.515
      -10.16       7.244
       2.611      -12.26
       6.385       10.85
      -12.09      -3.706
       11.47       -5.46
      -4.791       11.83
      -4.475      -12.01
       11.46       5.857
      -12.46       3.438
       6.895         -11
       2.355       12.82
      -10.44      -7.895
       13.08      -1.235
       -8.85       9.788
    -0.08653      -13.25
        9.05        9.75
      -13.31      -1.081
       10.59      -8.228
      -2.258       13.27
      -7.328      -11.35
       13.12       3.436
      -12.04       6.355
       4.605      -12.87
       5.318       12.65
      -12.51      -5.757
       13.16      -4.223
       -6.88       12.05
      -3.079      -13.58
       11.49       7.965
       -13.9       1.894
       9.003      -10.82
       0.675       14.11
      -10.07      -9.985
       14.22      0.5653
       -10.9       9.219
       1.819      -14.21
       8.287       11.75
      -14.09      -3.075
       12.51      -7.278
      -4.326       13.86
      -6.197      -13.19
       13.52       5.558
      -13.77       5.054
       6.763      -13.07
       3.856       14.25
      -12.51      -7.932
       14.63      -2.611
      -9.053       11.85
       -1.33       -14.9
       11.08       10.12
      -15.05     0.02296
       11.12      -10.21
      -1.301       15.09
      -9.261      -12.04
       15.01       2.631
      -12.88       8.223
       3.958      -14.81
       7.108       13.63
      -14.49      -5.269
       14.29      -5.924
      -6.555       14.06
      -4.679      -14.84
       13.51       7.804
      -15.28       3.383
       9.008      -12.85
       2.046       15.61
      -12.08      -10.15
       15.82     -0.6772
      -11.24       11.21
      0.7121       -15.9
       10.25       12.24
      -15.87      -2.112
       13.16      -9.187
      -3.511       15.71
      -8.045      -13.99
       15.42       4.897
      -14.72       6.828
        6.26      -15.02
       5.543       15.34
      -14.49       -7.59
       15.85      -4.203
      -8.874       13.84
      -2.815      -16.24
       13.08        10.1
      -16.51       1.391
       11.27      -12.21
    -0.05798       16.66
      -11.24      -12.35
       16.67       1.523
      -13.36       10.17
        2.99      -16.56
       9.004       14.26
      -16.32      -4.448
       15.07      -7.761
      -5.886       15.94
      -6.444      -15.77
       15.44       7.293
      -16.35       5.065
       8.657      -14.82
       3.634       16.81
      -14.07      -9.966
       17.15       -2.16
      -11.21       13.21
     -0.6549      -17.35
       12.23       12.38
      -17.42     -0.8676
       13.47      -11.16
        -2.4       17.36
      -9.981      -14.46
       17.16       3.927
      -15.34       8.719
       5.437      -16.83
       7.377       16.12
      -16.37      -6.919
       16.78      -5.967
       -8.36       15.77
      -4.497      -17.31
       15.04        9.75
      -17.72       2.979
       11.08       -14.2
       1.425       17.99
      -13.23      -12.33
       18.12      0.1538
       -13.5       12.15
       1.746      -18.12
       10.97       14.57
      -17.97      -3.338
       15.54      -9.699
      -4.917       17.69
      -8.338       -16.4
       17.26       6.471
      -17.13       6.902
       7.988       -16.7
       5.399       17.74
         -16      -9.456
       18.22      -3.843
      -10.86       15.17
      -2.244      -18.56
       14.22        12.2
      -18.77      0.6142
       13.45      -13.15
      -1.033       18.82
      -11.98      -14.61
       18.73       2.685
      -15.66        10.7
        4.33       -18.5
       9.322        16.6
