      -1.126      0.3838
       1.541      0.6756
     -0.8328      -1.885
     -0.7612       2.255
        2.33      -1.284
      -2.832     -0.6872
       1.754       2.614
      0.5046      -3.327
      -2.779       2.241
       3.755      0.2368
      -2.736      -2.843
      0.1014        4.12
       2.819      -3.234
      -4.424      0.4982
       3.725       2.713
      -0.944      -4.665
       -2.53       4.203
       4.841       -1.43
       -4.66      -2.276
       1.948       4.952
       1.956       -5.09
      -4.995       2.489
       5.485       1.573
      -3.046       -4.97
      -1.134        5.84
       4.876       -3.61
      -6.149     -0.6431
       4.175       4.713
      0.1068      -6.407
      -4.482       4.731
       6.608     -0.4691
      -5.272      -4.184
       1.078       6.749
       3.821      -5.791
      -6.827       1.714
        6.28       3.396
      -2.369      -6.839
      -2.911       6.732
       6.781      -3.037
      -7.142      -2.371
        3.71       6.654
       1.781      -7.503
      -6.456       4.381
       7.809       1.144
      -5.042      -6.188
     -0.4672       8.056
       5.849      -5.686
       -8.24       0.244
       6.305       5.442
     -0.9833      -8.356
      -4.968       6.893
       8.401      -1.744
      -7.443      -4.431
       2.519       8.373
       3.833      -7.948
      -8.269       3.301
       8.401        3.18
      -4.082       -8.09
      -2.475       8.798
       7.833      -4.856
      -9.131      -1.725
       5.613       7.501
      0.9353      -9.398
      -7.093       6.347
       9.592      0.1118
      -7.051      -6.612
      0.7383       9.711
        6.06      -7.716
      -9.752       1.608
       8.337       5.441
       -2.49      -9.711
      -4.757       8.905
       9.589      -3.376
      -9.415      -4.015
       4.259       9.383
       3.219      -9.861
      -9.093        5.13
       10.24       2.375
      -5.982      -8.721
       -1.49       10.54
       8.268      -6.806
      -10.76       -0.57
       7.594       7.735
     -0.3774       -10.9
      -7.126        8.34
       10.95      -1.345
      -9.036      -6.444
       2.324       10.92
       5.693      -9.674
      -10.79       3.306
       10.25       4.879
      -4.284      -10.58
      -4.008       10.75
       10.27      -5.249
      -11.18      -3.085
       6.192       9.878
       2.118      -11.53
      -9.395       7.104
       11.79       1.113
      -7.979      -8.827
    -0.07955       11.96
       8.176      -8.807
      -12.04      0.9764
        9.58       7.447
      -2.044      -12.02
      -6.644       10.29
       11.91      -3.117
      -10.94      -5.771
       4.184        11.7
       4.837       -11.5
      -11.39       5.238
       11.99       3.848
       -6.27      -10.98
      -2.809       12.39
       10.49      -7.269
       -12.7      -1.731
       8.229       9.895
      0.6183      -12.91
      -9.216        9.14
       13.02      -0.517
      -9.993      -8.452
       1.667       13.04
       7.608      -10.78
      -12.94       2.824
        11.5       6.689
      -3.976      -12.75
      -5.703       12.14
       12.45      -5.116
      -12.69      -4.657
       6.233       12.05
       3.557      -13.15
      -11.55       7.318
       13.51       2.412
      -8.362      -10.94
       -1.23       13.77
       10.25      -9.356
      -13.93    -0.02209
       10.29       9.458
      -1.204      -13.98
      -8.583       11.16
       13.92      -2.439
      -11.95      -7.629
       3.672       13.75
       6.601      -12.66
      -13.47       4.894
       13.28       5.507
      -6.094      -13.08
      -4.354        13.8
       12.58      -7.262
      -14.23      -3.151
        8.39       11.97
       1.907      -14.54
      -11.27       9.467
       14.75      0.6325
      -10.48      -10.47
      0.6638       14.85
       9.569      -11.43
      -14.83       1.972
        12.3       8.588
      -3.281      -14.69
      -7.526       13.09
       14.43      -4.581
      -13.78      -6.392
       5.861       14.06
       5.194      -14.37
      -13.58       7.111
       14.86       3.941
      -8.321      -12.98
      -2.642       15.24
       12.28       -9.48
       -15.5      -1.307
       10.58       11.47
    -0.05351      -15.65
      -10.56       11.61
       15.67       -1.43
      -12.56      -9.561
       2.811       15.58
       8.474      -13.42
      -15.36       4.185
       14.19       7.309
      -5.543      -15.02
      -6.073       14.86
       14.55      -6.872
      -15.42      -4.777
       8.162       13.97
       3.429      -15.86
      -13.28       9.403
       16.19        2.04
      -10.58      -12.47
     -0.6206       16.39
       11.56       -11.7
      -16.47      0.8189
       12.73       10.55
      -2.267      -16.42
      -9.442       13.67
       16.24      -3.713
      -14.52      -8.252
       5.144       15.93
       6.986      -15.26
       -15.5        6.55
       15.89       5.653
      -7.919      -14.94
      -4.263       16.41
       14.26      -9.242
       -16.8      -2.826
        10.5       13.46
       1.353      -17.07
      -12.56        11.7
        17.2     -0.1449
      -12.81      -11.54
       1.656        17.2
       10.42      -13.84
      -17.07       3.169
       14.76       9.218
      -4.671      -16.81
      -7.928       15.59
       16.41      -6.152
      -16.29      -6.565
       7.598       15.88
       5.139      -16.88
      -15.23       8.998
       17.35       3.659
      -10.34      -14.45
      -2.138       17.68
       13.55      -11.62
      -17.88     -0.5873
       12.81       12.54
     -0.9822      -17.94
      -11.42       13.92
       17.86      -2.558
      -14.93       -10.2
       4.128       17.65
       8.895      -15.83
      -17.29        5.68
       16.62       7.508
      -7.201       -16.8
      -6.052       17.29
       16.17      -8.678
      -17.83      -4.536
        10.1       15.42
       2.973      -18.23
      -14.54       11.46
        18.5       1.373
      -12.74      -13.53
      0.2501       18.62
       12.42      -13.93
       -18.6       1.885
       15.02        11.2
      -3.519      -18.44
      -9.882       16.01
       18.14      -5.139
      -16.88      -8.479
       6.731       17.69
       6.998      -17.62
       -17.1       8.285
       18.24       5.452
