      -0.825     -0.8574
     0.04129       1.682
       1.354      -1.553
      -2.365      0.2661
       2.151       1.566
      -0.578      -2.857
      -1.624       2.697
       3.228     -0.9532
      -3.207      -1.567
       1.377       3.501
       1.416      -3.684
      -3.689       1.838
       4.124       1.183
      -2.326      -3.796
     -0.8784       4.524
       3.825      -2.832
      -4.879     -0.5106
       3.347       3.779
     0.08674      -5.186
      -3.659       3.863
       5.439     -0.3859
      -4.372      -3.469
         0.9       5.635
        3.21      -4.865
       -5.77       1.448
       5.337       2.886
      -2.024      -5.842
      -2.499       5.779
       5.848      -2.619
      -6.185      -2.054
       3.226       5.786
       1.555      -6.549
      -5.656       3.837
       6.864       1.006
      -4.446      -5.457
     -0.4138       7.127
        5.19      -5.044
      -7.331      0.2167
       5.625       4.855
     -0.8791      -7.474
      -4.454       6.181
        7.55      -1.567
      -6.704      -3.991
       2.274       7.558
       3.467      -7.189
      -7.495       2.991
       7.629       2.888
      -3.713       -7.36
      -2.256       8.017
       7.151      -4.432
      -8.349      -1.578
        5.14        6.87
      0.8584      -8.619
      -6.516       5.831
       8.823      0.1034
      -6.495      -6.091
      0.6804       8.957
       5.597      -7.126
      -9.017       1.487
       7.718       5.037
      -2.308      -9.002
      -4.415       8.263
       8.908      -3.136
      -8.756      -3.734
       3.964       8.735
           3      -9.189
      -8.483       4.785
       9.558       2.218
       -5.59      -8.151
      -1.394       9.857
       7.741      -6.372
      -10.08     -0.5347
       7.122       7.254
     -0.3536      -10.23
      -6.693       7.834
        10.3      -1.264
      -8.501      -6.062
       2.187       10.28
       5.364      -9.114
      -10.18       3.117
       9.668       4.604
      -4.044      -9.987
      -3.787       10.16
       9.711      -4.961
      -10.57      -2.919
        5.86       9.349
       2.006      -10.92
      -8.903       6.732
       11.17       1.056
      -7.569      -8.374
    -0.07551       11.35
       7.765      -8.364
      -11.44      0.9271
       9.108        7.08
      -1.944      -11.43
      -6.322       9.795
       11.34      -2.967
      -10.42      -5.498
       3.987       11.15
       4.613      -10.97
      -10.86       4.996
       11.44       3.673
      -5.986      -10.49
      -2.684       11.83
       10.02      -6.946
      -12.14      -1.655
       7.869       9.463
      0.5923      -12.35
       -8.82       8.747
       12.47     -0.4943
      -9.571      -8.095
       1.597       12.49
       7.292      -10.33
      -12.41       2.707
       11.03       6.417
      -3.814      -12.23
      -5.475       11.65
       11.96      -4.912
      -12.18      -4.473
       5.988       11.58
       3.419      -12.63
       -11.1       7.035
       12.99       2.321
      -8.044      -10.53
      -1.185       13.25
       9.863      -9.005
      -13.41    -0.02209
       9.911       9.109
      -1.159      -13.46
      -8.272       10.75
       13.41       -2.35
      -11.52      -7.356
       3.541       13.26
       6.368      -12.21
      -12.99       4.722
       12.82       5.315
      -5.883      -12.62
      -4.205       13.33
       12.15      -7.014
      -13.75      -3.045
       8.107       11.57
       1.844      -14.06
      -10.89       9.152
       14.26      0.6125
      -10.14      -10.12
      0.6413       14.36
        9.26      -11.06
      -14.35       1.907
       11.91       8.314
      -3.177      -14.22
      -7.289       12.67
       13.98      -4.437
      -13.35      -6.194
        5.68       13.63
       5.036      -13.93
      -13.17       6.894
       14.41       3.822
       -8.07      -12.59
      -2.564       14.78
       11.91      -9.197
      -15.04      -1.269
       10.27       11.13
    -0.05102      -15.19
      -10.25       11.27
       15.22      -1.388
       -12.2      -9.286
        2.73       15.13
       8.234      -13.04
      -14.92       4.067
       13.79       7.104
      -5.387       -14.6
      -5.905       14.44
       14.15      -6.682
      -14.99      -4.646
       7.939       13.59
       3.337      -15.43
      -12.92       9.148
       15.75       1.986
       -10.3      -12.14
      -0.605       15.95
       11.25      -11.39
      -16.03      0.7973
       12.39       10.27
      -2.208      -15.99
      -9.197       13.32
       15.82      -3.617
      -14.14      -8.041
       5.013       15.52
       6.809      -14.87
      -15.11       6.384
       15.49       5.511
      -7.721      -14.57
      -4.158          16
       13.91      -9.011
      -16.38      -2.757
       10.25       13.13
        1.32      -16.65
      -12.25       11.41
       16.78     -0.1414
       -12.5      -11.26
       1.616       16.79
       10.18      -13.51
      -16.67       3.093
       14.42           9
      -4.561      -16.41
      -7.743       15.22
       16.03      -6.008
      -15.92      -6.414
       7.422       15.52
       5.021      -16.49
      -14.88       8.792
       16.95       3.577
      -10.11      -14.12
      -2.091       17.28
       13.25      -11.36
      -17.48     -0.5742
       12.53       12.26
     -0.9604      -17.54
      -11.17       13.61
       17.47      -2.502
       -14.6      -9.979
       4.038       17.26
       8.703      -15.49
      -16.92       5.556
       16.26       7.348
      -7.045      -16.44
      -5.924       16.92
       15.83      -8.493
      -17.45      -4.441
       9.888       15.09
       2.912      -17.85
      -14.23       11.22
       18.11       1.345
      -12.47      -13.25
       0.245       18.24
       12.16      -13.64
      -18.22       1.846
       14.72       10.97
      -3.447      -18.07
      -9.684       15.68
       17.77      -5.034
      -16.54       -8.31
       6.596       17.34
        6.86      -17.27
      -16.76       8.119
       17.88       5.345
      -9.593      -16.05
      -3.776       18.35
       15.21         -11
      -18.69      -2.166
       12.34       14.25
      0.5257      -18.88
      -13.17       13.59
       18.93      -1.131
      -14.75      -11.97
       2.793       18.83
