      -1.188      0.0633
       1.179      -1.201
    -0.07069        2.06
      -1.546      -1.809
       2.641      0.3234
      -2.372       1.693
      0.6543      -3.079
       1.708         2.9
      -3.413      -1.045
       3.397      -1.618
       -1.48       3.658
      -1.441      -3.862
       3.821       1.951
      -4.291       1.186
       2.446      -3.905
      0.8616       4.681
      -3.914      -2.958
       5.025     -0.4763
      -3.477       3.849
    -0.03703      -5.321
       3.711       3.995
      -5.563     -0.4492
       4.504      -3.503
     -0.9753       5.747
      -3.228      -4.997
        5.87       1.535
      -5.467       2.887
       2.119      -5.929
       2.486       5.906
      -5.922      -2.721
       6.307      -2.026
      -3.335       5.847
      -1.514      -6.665
       5.703       3.951
      -6.974      0.9527
       4.563       -5.49
      0.3489       7.229
      -5.209      -5.163
       7.425       0.292
      -5.745       4.861
      0.9638      -7.557
       4.447       6.299
      -7.623       -1.66
       6.821      -3.971
      -2.374        7.62
      -3.435      -7.302
       7.546       3.098
      -7.738       2.843
       3.824      -7.399
         2.2       8.121
      -7.178      -4.547
       8.446      -1.511
      -5.257       6.885
     -0.7814      -8.708
       6.518       5.948
      -8.904     0.01739
       6.612       -6.08
     -0.7746       9.028
      -5.574      -7.242
       9.078       1.588
      -7.831       5.003
       2.415      -9.052
       4.369       8.373
      -8.947      -3.248
        8.86      -3.677
       -4.08       8.763
      -2.932      -9.287
       8.498       4.904
      -9.649        2.14
        5.71      -8.154
       1.307        9.94
      -7.732      -6.492
       10.16     -0.4392
      -7.242       7.233
      0.4572      -10.29
        6.66       7.952
      -10.35      -1.373
       8.615      -6.017
      -2.302       10.32
      -5.308      -9.224
       10.21       3.236
      -9.773       4.537
       4.167      -10.01
        3.71       10.25
       -9.72      -5.086
       10.66      -2.832
      -5.986       9.345
      -1.911         -11
       8.887       6.857
      -11.25      0.9525
       7.693      -8.345
    -0.03554       11.41
      -7.724      -8.485
       11.49       1.044
      -9.225       7.027
       2.066      -11.47
       6.259       9.907
      -11.37      -3.093
       10.52      -5.424
      -4.116       11.16
      -4.528      -11.07
       10.87       5.128
      -11.53       3.578
       6.117      -10.48
       2.581       11.92
      -9.999      -7.077
       12.21      -1.544
      -7.999        9.43
     -0.4738      -12.41
       8.774       8.873
      -12.52     -0.6188
       9.693      -8.037
      -1.726       12.53
      -7.222      -10.45
       12.44        2.84
      -11.14       6.336
       3.951      -12.25
       5.384       11.75
      -11.96       -5.05
       12.28      -4.372
      -6.126       11.57
      -3.309      -12.72
       11.08       7.173
      -13.07       2.202
       8.179      -10.49
        1.06       13.31
      -9.813      -9.137
       13.46      0.1093
      -10.04       9.047
       1.296       -13.5
       8.198       10.87
      -13.44       -2.49
       11.64      -7.271
      -3.684       13.27
      -6.272      -12.32
       12.99       4.866
      -12.92       5.209
       6.028      -12.61
       4.089       13.42
      -12.12      -7.158
       13.82      -2.921
      -8.249       11.53
      -1.713      -14.12
       10.84        9.29
      -14.32      0.4748
       10.27      -10.06
     -0.7843        14.4
      -9.183      -11.19
       14.38       2.055
      -12.03       8.225
       3.327      -14.24
       7.189       12.79
      -13.98      -4.589
       13.45      -6.083
      -5.831       13.62
      -4.914      -14.02
       13.14       7.044
      -14.49       3.693
       8.218      -12.55
       2.427       14.85
      -11.86      -9.342
        15.1      -1.126
      -10.41       11.07
         0.2      -15.24
       10.18        11.4
      -15.25      -1.541
       12.32      -9.194
      -2.886       15.15
       -8.13      -13.16
       14.93       4.225
       -13.9       6.989
       5.546      -14.59
        5.78       14.54
      -14.13      -6.839
       15.08      -4.512
      -8.094       13.55
      -3.195       -15.5
       12.86         9.3
      -15.81       1.838
       10.45      -12.07
      0.4494          16
      -11.17      -11.53
       16.07      0.9565
      -12.53       10.18
        2.37      -16.01
       9.091       13.44
      -15.83      -3.781
       14.26      -7.922
      -5.178       15.52
      -6.682      -14.98
       15.08       6.549
      -15.59       5.373
       7.883      -14.53
       4.012       16.08
      -13.86       -9.17
       16.45      -2.603
       -10.4       13.07
       -1.16       -16.7
       12.17       11.56
      -16.82     -0.3061
       12.64      -11.17
      -1.785       16.82
      -10.07      -13.64
       16.68       3.264
      -14.54       8.881
       4.733      -16.41
       7.611       15.33
      -16.01      -6.179
       16.02      -6.274
      -7.591       15.48
      -4.871      -16.58
       14.83       8.958
      -17.03       3.418
       10.27      -14.05
       1.926       17.34
      -13.16      -11.51
       17.52     -0.4044
      -12.68       12.16
       1.134      -17.57
       11.06       13.75
      -17.48      -2.678
       14.74      -9.857
      -4.216       17.26
      -8.571      -15.61
        16.9       5.734
      -16.37       7.204
       7.221      -16.41
       5.772       17.01
      -15.78      -8.666
       17.53      -4.279
      -10.06       15.03
      -2.744      -17.91
       14.15       11.38
      -18.16        1.17
       12.63      -13.16
      -0.424       18.27
      -12.06      -13.79
       18.24       2.028
      -14.85       10.85
       3.631      -18.07
       9.549       15.81
      -17.76      -5.218
       16.65      -8.166
      -6.779       17.31
      -6.704      -17.38
       16.71         8.3
      -17.97       5.182
       9.771      -15.99
       3.604       18.43
      -15.13      -11.17
       18.75      -1.987
      -12.51       14.15
     -0.3419      -18.92
       13.06       13.75
      -18.95      -1.319
        14.9      -11.85
