     -0.9173      0.7578
      0.2327      -1.666
       1.169       1.698
      -2.319     -0.5339
       2.315      -1.311
     -0.8997       2.772
      -1.306      -2.864
       3.098       1.315
      -3.365       1.191
       1.767      -3.322
      0.9866       3.821
      -3.456      -2.247
       4.232     -0.7053
      -2.744       3.506
     -0.3572      -4.594
       3.477        3.25
      -4.906    -0.04874
       3.756      -3.373
     -0.5048       5.162
      -3.195      -4.255
       5.359       1.003
      -4.738       2.948
       1.536      -5.496
       2.635       5.199
      -5.568      -2.096
       5.631      -2.259
      -2.676       5.573
      -1.824      -6.026
       5.511       3.268
      -6.379       1.336
       3.864      -5.381
      0.7982       6.683
      -5.182      -4.457
       6.934     -0.2172
      -5.039       4.915
      0.4012      -7.128
       4.581       5.603
      -7.259      -1.051
       6.142      -4.182
      -1.725       7.325
      -3.721      -6.648
       7.322       2.417
      -7.115       3.201
        3.12       -7.25
       2.626       7.537
      -7.105      -3.826
       7.908          -2
      -4.528       6.889
      -1.328      -8.222
         6.6       5.218
      -8.475      0.6162
        5.89      -6.239
     -0.1295       8.661
      -5.809      -6.535
       8.778      0.9028
      -7.146       5.311
       1.697      -8.821
       4.749       7.718
      -8.789      -2.505
       8.242      -4.125
      -3.318        8.68
      -3.444      -8.713
       8.493       4.131
      -9.124       2.712
       4.934      -8.227
       1.933       9.471
      -7.882       -5.72
       9.748      -1.115
      -6.482       7.461
     -0.2619      -9.951
       6.964       7.212
      -10.08     -0.6178
       7.902      -6.395
      -1.517       10.12
      -5.757      -8.546
       10.08       2.429
      -9.136       5.054
       3.344      -9.962
        4.29       9.666
      -9.754      -4.256
       10.13      -3.472
      -5.156       9.461
      -2.605      -10.52
       9.082       6.035
      -10.84       1.695
       6.887      -8.621
      0.7494       11.07
      -8.078      -7.702
       11.22      0.2241
      -8.474       7.457
       1.218      -11.28
       6.761       9.194
      -11.26      -2.224
       9.855      -5.995
      -3.234       11.14
      -5.165      -10.45
       10.92       4.239
      -10.98       4.275
       5.231      -10.62
       3.333       11.42
      -10.22      -6.202
       11.79      -2.345
      -7.141       9.737
      -1.318      -12.06
       9.163       8.042
      -12.25       0.261
       8.896      -8.505
     -0.8191       12.34
      -7.766      -9.695
       12.33       1.912
      -10.43       6.951
        3.01      -12.23
       6.067        11.1
      -12.02      -4.103
       11.69      -5.118
      -5.184       11.72
      -4.112       -12.2
       11.32       6.242
      -12.61       3.056
       7.268      -10.82
       1.957       12.94
      -10.23      -8.254
       13.17     -0.8251
      -9.191       9.543
      0.3329       -13.3
       8.772       10.07
      -13.32      -1.506
       10.88       -7.92
      -2.686       13.24
      -6.993      -11.63
       13.06       3.863
      -12.29       5.995
       5.028      -12.77
       4.935       12.86
      -12.37      -6.171
       13.34       -3.82
      -7.282       11.87
      -2.659      -13.72
       11.27       8.353
         -14       1.458
       9.373      -10.57
      0.2302       14.18
       -9.78      -10.33
       14.24       1.017
      -11.23       8.901
       2.274       -14.2
       7.939       12.04
      -14.04       -3.53
       12.78      -6.902
      -4.776       13.77
      -5.797      -13.42
       13.39       6.001
      -13.97       4.632
       7.195      -12.89
       3.415       14.41
      -12.29      -8.349
       14.75      -2.155
      -9.452       11.59
     -0.8623      -14.98
       10.79       10.49
      -15.09     -0.4534
       11.47       -9.89
      -1.782       15.09
      -8.904      -12.37
       14.96       3.113
      -13.18       7.836
       4.436      -14.72
       6.694       13.89
      -14.36       -5.74
       14.51      -5.486
      -7.015       13.89
       -4.22      -15.02
        13.3       8.251
      -15.42       2.907
       9.436       -12.6
       1.557       15.71
      -11.79      -10.56
       15.87     -0.1783
      -11.62       10.88
       1.217      -15.92
       9.882       12.59
      -15.84      -2.618
       13.48      -8.791
      -4.015       15.63
       -7.62      -14.28
        15.3       5.395
      -14.97       6.377
       6.749      -14.85
        5.07       15.55
      -14.28      -8.064
       16.02       -3.71
      -9.331       13.59
      -2.307      -16.37
       12.79       10.54
      -16.59      0.8718
       11.68      -11.88
     -0.5851       16.69
      -10.87      -12.73
       16.66       2.052
       -13.7       9.764
       3.518       -16.5
       8.571       14.58
      -16.21      -4.972
       15.35      -7.299
      -6.402       15.79
      -5.958         -16
       15.24       7.795
      -16.54       4.558
       9.142      -14.57
       3.109       16.96
      -13.78      -10.43
       17.25      -1.622
      -11.65       12.88
     -0.1084      -17.41
       11.86       12.79
      -17.43      -1.421
       13.84      -10.75
      -2.953       17.32
      -9.542       -14.8
       17.07       4.476
      -15.65       8.249
       5.979      -16.69
       6.881       16.38
      -16.18      -7.448
          17      -5.446
      -8.873       15.53
      -3.957      -17.48
       14.76       10.24
      -17.84       2.424
       11.54      -13.87
      0.8585       18.06
      -12.86      -12.77
       18.15      0.7282
       -13.9       11.75
       2.322      -18.09
       10.53       14.94
      -17.89      -3.911
       15.87      -9.223
      -5.484       17.56
      -7.833      -16.69
       17.08       7.027
      -17.38       6.371
       8.529      -16.47
       4.847       17.94
      -15.73      -9.977
       18.37      -3.273
      -11.36       14.85
       -1.66      -18.66
       13.86       12.67
      -18.81     0.02181
       13.88      -12.75
      -1.629       18.82
      -11.53      -15.01
       18.68       3.281
      -16.02       10.22
       4.921      -18.39
