     -0.8773      0.8037
      0.1471      -1.676
       1.254       1.635
      -2.343     -0.4145
       2.245      -1.428
     -0.7567       2.815
      -1.451      -2.794
       3.161       1.155
      -3.299       1.362
       1.595      -3.408
       1.181       3.765
      -3.566      -2.067
        4.19     -0.9209
      -2.561       3.642
     -0.5919       -4.57
       3.639       3.067
      -4.902      0.2024
       3.578      -3.561
       -0.24       5.181
      -3.409      -4.086
       5.404      0.7275
      -4.581       3.187
       1.253      -5.567
       2.898       5.058
      -5.668      -1.809
       5.508      -2.544
      -2.387       5.703
       -2.13      -5.925
       5.671       2.982
      -6.302        1.66
       3.584      -5.572
       1.139       6.634
      -5.403      -4.186
       6.914     -0.5719
      -4.781       5.166
     0.03584      -7.139
       4.862       5.361
      -7.303      -0.678
        5.92      -4.491
      -1.348       7.403
      -4.057      -6.449
       7.436       2.039
      -6.942       3.561
       2.745        -7.4
       3.008       7.393
      -7.292      -3.457
       7.795      -2.402
      -4.169       7.111
      -1.747      -8.143
       6.858       4.874
      -8.432       1.049
       5.563      -6.532
      0.3139       8.656
      -6.136      -6.229
       8.812      0.4525
      -6.865        5.67
       1.243      -8.897
       5.137       7.464
      -8.906      -2.051
        8.02      -4.541
       -2.87       8.839
      -3.886      -8.525
       8.693       3.691
      -8.973       3.176
       4.506      -8.468
       2.416       9.359
      -8.165      -5.309
       9.678      -1.612
      -6.092       7.783
     -0.7707      -9.925
       7.324       6.846
       -10.1     -0.1014
       7.565      -6.791
     -0.9972       10.19
      -6.187       -8.24
        10.2       1.909
      -8.865       5.515
        2.83      -10.12
       4.779       9.434
      -9.959      -3.751
       9.939      -3.986
      -4.665       9.712
       -3.14      -10.38
       9.379       5.563
      -10.74       2.247
       6.437      -8.962
       1.315       11.02
      -8.462      -7.279
       11.22     -0.3504
      -8.081       7.881
       0.639      -11.33
       7.223       8.836
      -11.36      -1.645
       9.536      -6.492
       -2.66       11.29
      -5.693      -10.17
       11.13       3.675
      -10.74       4.832
       4.681      -10.87
       3.913       11.24
      -10.53       -5.67
       11.65      -2.945
      -6.634       10.09
      -1.933      -11.98
       9.563       7.563
      -12.22      0.8872
       8.449      -8.949
     -0.1864       12.36
      -8.252      -9.285
       12.41       1.278
      -10.06       7.476
        2.38      -12.36
       6.627       10.77
      -12.22      -3.483
       11.41       -5.71
      -4.577       11.97
       -4.73      -11.97
       11.62       5.654
      -12.44       3.697
       6.705      -11.18
       2.617       12.82
      -10.64       -7.72
       13.11      -1.498
      -8.691          10
     -0.3483       -13.3
       9.276       9.609
      -13.38     -0.8221
       10.46      -8.467
      -2.005       13.36
      -7.579      -11.25
       13.24        3.19
      -11.96       6.616
       4.368      -13.01
       5.586       12.59
      -12.67       -5.53
       13.13      -4.498
      -6.665       12.23
      -3.357      -13.57
       11.68       7.765
      -13.91       2.173
        8.82      -11.04
      0.9557       14.15
       -10.3       -9.82
       14.28      0.2867
      -10.76       9.464
       1.544      -14.29
       8.546       11.62
       -14.2      -2.807
       12.41      -7.547
      -4.065       13.99
      -6.476      -13.11
       13.68       5.308
      -13.71       5.341
       6.526      -13.24
       4.148       14.22
      -12.71      -7.709
       14.62      -2.907
      -8.846       12.06
      -1.628      -14.91
       11.31       9.929
      -15.09      0.3198
       10.95      -10.46
      -1.007       15.16
      -9.525      -11.89
        15.1       2.343
      -12.76         8.5
       3.677      -14.93
       7.396       13.53
      -14.64      -4.998
       14.21      -6.221
      -6.295       14.23
      -4.984      -14.79
        13.7       7.559
      -15.25       3.693
       8.779      -13.06
       2.359       15.61
      -12.32      -9.943
       15.84     -0.9907
      -11.04       11.46
      0.4005      -15.96
       10.51       12.07
      -15.95      -1.805
       13.02      -9.469
       -3.21       15.82
       -8.34      -13.87
       15.56       4.605
      -14.62       7.134
        5.98      -15.18
       5.859       15.27
      -14.68      -7.323
       15.81      -4.525
      -8.623       14.05
      -3.142      -16.23
       13.31       9.869
      -16.53        1.72
       11.05      -12.46
      0.2696        16.7
      -11.51      -12.16
       16.74       1.197
      -13.19       10.45
        2.67      -16.66
       9.306       14.12
      -16.44      -4.136
       14.95      -8.075
      -5.585       16.09
      -6.769      -15.68
       15.62       7.005
      -16.29       5.399
       8.384      -15.02
       3.973       16.78
       -14.3      -9.711
       17.14      -2.503
      -10.98       13.46
     -0.9993      -17.38
        12.5       12.17
      -17.48     -0.5273
       13.28      -11.44
      -2.063       17.45
      -10.29      -14.29
       17.28       3.597
       -15.2       9.039
       5.116      -16.97
        7.71       16.01
      -16.54       -6.61
       16.69      -6.309
      -8.066       15.96
      -4.847      -17.26
       15.27       9.473
      -17.69       3.334
       10.82      -14.44
       1.782          18
       -13.5      -12.09
       18.16     -0.2018
      -13.28       12.44
       1.393      -18.19
       11.28       14.38
      -18.07       -2.99
       15.38      -10.02
      -4.578       17.82
      -8.677      -16.26
       17.42       6.143
      -17.03       7.252
       7.674      -16.89
       5.759       17.67
      -16.22      -9.159
       18.18      -4.209
      -10.58       15.42
      -2.613      -18.55
       14.49       11.94
      -18.79      0.9849
       13.21      -13.44
      -0.664       18.88
      -12.29       -14.4
       18.82       2.321
      -15.48       11.02
       3.973      -18.62
