      0.2613       1.161
      0.8365       -1.46
      -1.963      0.6266
        2.16      0.9979
      -1.027      -2.454
     -0.9861       2.743
       2.786      -1.465
      -3.254     -0.8574
       1.931       3.002
      0.6368      -3.708
       -3.12       2.417
       4.108      0.3398
      -2.914      -3.149
     0.02235       4.452
       3.096      -3.414
      -4.739      0.4399
       3.908       2.965
     -0.9043      -4.966
      -2.762        4.39
       5.132      -1.407
      -4.851      -2.489
       1.941       5.232
       2.151      -5.285
      -5.267       2.497
       5.685       1.752
      -3.069      -5.234
      -1.297       6.045
       5.132      -3.647
      -6.358     -0.7912
       4.225       4.962
        0.24       -6.62
      -4.723       4.795
       6.826     -0.3505
      -5.349      -4.418
      0.9742       6.971
       4.047      -5.881
      -7.053       1.624
       6.382       3.614
      -2.295      -7.067
      -3.121       6.847
       7.013      -2.977
      -7.269      -2.573
       3.665       6.888
       1.973      -7.642
      -6.691       4.351
        7.96       1.326
      -5.028      -6.423
     -0.6382       8.219
       6.085      -5.687
      -8.413     0.08449
       6.323       5.676
     -0.8359      -8.539
      -5.201       6.927
       8.594       -1.61
      -7.493      -4.661
       2.398       8.575
        4.06      -8.013
       -8.48       3.194
       8.483       3.402
       -3.99      -8.308
      -2.692       8.894
       8.058      -4.779
      -9.244      -1.934
       5.553       7.731
       1.137      -9.525
      -7.328       6.304
       9.734       0.304
      -7.024       -6.85
      0.5563       9.868
         6.3      -7.707
      -9.922       1.438
       8.345       5.682
      -2.332      -9.895
      -4.998       8.932
       9.784      -3.231
       -9.46      -4.255
       4.128        9.59
       3.456      -9.924
      -9.311       5.015
       10.32       2.608
      -5.883      -8.948
      -1.717       10.64
       8.502      -6.724
      -10.88     -0.7898
       7.531       7.976
     -0.1664      -11.03
      -7.372       8.295
        11.1      -1.143
       -9.01      -6.695
       2.133       11.08
       5.947      -9.668
      -10.98       3.129
       10.26       5.134
       -4.12      -10.77
      -4.262       10.79
       10.48        -5.1
      -11.23      -3.338
       6.059        10.1
       2.367       -11.6
      -9.629       6.989
       11.88       1.357
      -7.882       -9.07
     -0.3162       12.07
       8.428      -8.729
      -12.17      0.7475
       9.523       7.705
      -1.826      -12.17
      -6.907       10.26
       12.08       -2.91
      -10.92      -6.039
       3.991       11.88
       5.107      -11.51
      -11.59       5.059
       12.02       4.118
      -6.107       -11.2
      -3.078       12.44
       10.72      -7.124
      -12.77      -1.995
       8.102       10.14
      0.8785         -13
      -9.471       9.033
       13.14     -0.2639
      -9.907      -8.716
       1.424       13.17
        7.88      -10.72
       -13.1        2.59
       11.46       6.968
      -3.755      -12.93
      -5.986       12.12
       12.65      -4.909
      -12.69      -4.942
       6.042       12.26
       3.842      -13.17
      -11.78       7.145
       13.56       2.696
      -8.207      -11.19
      -1.511       13.84
        10.5      -9.221
      -14.02     -0.2971
       10.18       9.727
     -0.9372       -14.1
      -8.863       11.07
       14.06      -2.181
      -11.88      -7.916
       3.426       13.91
       6.895      -12.62
      -13.65       4.661
       13.26       5.805
      -5.877      -13.28
      -4.654       13.81
        12.8      -7.062
      -14.26      -3.452
       8.208       12.22
       2.206       -14.6
      -11.53       9.305
       14.83       0.927
      -10.34      -10.74
      0.3757       14.95
       9.853      -11.31
      -14.95       1.692
       12.21       8.882
      -3.012      -14.84
      -7.829       13.02
       14.61      -4.324
      -13.74      -6.701
       5.619       14.26
       5.507      -14.36
       -13.8       6.886
       14.87       4.257
      -8.114      -13.22
      -2.958       15.28
       12.54      -9.293
      -15.57       -1.62
       10.41       11.74
      0.2541      -15.74
      -10.85       11.47
       15.79      -1.129
      -12.44      -9.861
       2.519       15.72
       8.784      -13.33
      -15.52       3.906
       14.12       7.627
      -5.277      -15.21
      -6.398       14.82
       14.77      -6.622
       -15.4      -5.105
        7.93       14.21
       3.759      -15.88
      -13.53       9.191
       16.23       2.369
      -10.39      -12.74
     -0.9465       16.46
       11.85      -11.53
      -16.56      0.4987
       12.58       10.85
      -1.955      -16.54
      -9.757       13.55
       16.39      -3.412
      -14.43      -8.578
       4.856       16.11
        7.32       -15.2
       -15.7       6.277
       15.86       5.993
      -7.664      -15.17
      -4.606        16.4
       14.51      -9.004
      -16.82       -3.17
       10.29       13.73
       1.695      -17.12
      -12.84        11.5
       17.28      0.1931
      -12.64      -11.84
       1.326       17.31
       10.74      -13.69
      -17.21       2.847
       14.65       9.549
      -4.362      -16.98
       -8.27        15.5
       16.61      -5.856
      -16.24      -6.914
       7.319        16.1
       5.493      -16.86
      -15.47       8.738
       17.35       4.017
       -10.1      -14.71
      -2.496       17.71
       13.83       -11.4
      -17.94     -0.9416
       12.62       12.84
     -0.6333      -18.03
      -11.74       13.75
       17.99      -2.217
      -14.79      -10.54
       3.798        17.8
       9.243      -15.72
      -17.47       5.363
       16.54       7.866
      -6.899      -17.01
      -6.416       17.24
       16.41      -8.395
      -17.81      -4.905
       9.838       15.68
       3.343      -18.24
      -14.82       11.22
       18.54       1.743
      -12.52      -13.84
     -0.1153        18.7
       12.74      -13.74
      -18.71       1.527
       14.86       11.54
       -3.17      -18.58
      -10.23       15.87
       18.31      -4.801
      -16.77      -8.843
       6.409       17.89
       7.371      -17.55
