     -0.9685     -0.6911
      0.3498       1.646
       1.046      -1.776
      -2.276      0.6962
       2.402       1.145
      -1.093      -2.702
      -1.101       2.949
       2.997       -1.53
      -3.441     -0.9506
       1.997       3.189
      0.7144      -3.881
      -3.288       2.485
       4.271      0.4048
      -2.984      -3.304
    -0.03206       4.608
       3.239      -3.487
       -4.89      0.3949
       3.985       3.099
     -0.8678      -5.113
      -2.887        4.47
       5.275      -1.379
      -4.935      -2.607
        1.92       5.373
       2.261      -5.372
      -5.406       2.484
       5.776       1.856
      -3.063       -5.37
      -1.394        6.14
       5.267      -3.649
      -6.457      -0.882
       4.234       5.095
      0.3245      -6.723
      -4.855       4.812
       6.932     -0.2727
      -5.373      -4.547
      0.9032       7.082
       4.174      -5.912
      -7.167        1.56
       6.422       3.738
      -2.238      -7.185
      -3.243       6.894
       7.133      -2.928
      -7.324      -2.691
       3.624       7.011
       2.087      -7.704
      -6.817       4.318
        8.03       1.436
      -5.003      -6.552
     -0.7444       8.295
       6.215      -5.671
      -8.497    -0.01659
       6.315       5.808
     -0.7404       -8.63
      -5.333       6.929
       8.692       -1.52
      -7.504      -4.793
       2.315        8.68
       4.192      -8.034
      -8.591       3.119
       8.512       3.533
      -3.923      -8.424
      -2.821       8.934
        8.18       -4.72
      -9.293      -2.061
       5.502       7.858
        1.26      -9.584
      -7.459       6.262
       9.802      0.4239
      -6.992      -6.985
       0.441       9.945
       6.438      -7.686
      -10.01       1.327
       8.334       5.821
      -2.228       -9.99
      -5.139       8.931
       9.888      -3.135
       -9.47      -4.396
       4.039       9.701
       3.597      -9.945
      -9.429       4.934
       10.35       2.748
      -5.811      -9.073
      -1.856       10.68
       8.634      -6.661
      -10.93     -0.9257
       7.479       8.113
    -0.03388       -11.1
      -7.514       8.254
       11.18      -1.015
      -8.979       -6.84
       2.012       11.17
       6.095      -9.648
      -11.07       3.013
       10.25       5.285
      -4.012      -10.88
      -4.415       10.79
        10.6          -5
      -11.25       -3.49
       5.968       10.22
       2.519      -11.63
      -9.761       6.908
       11.92       1.507
      -7.811      -9.209
     -0.4636       12.13
       8.573      -8.669
      -12.24       0.604
       9.475       7.856
      -1.688      -12.25
      -7.062       10.22
       12.17      -2.778
       -10.9      -6.198
       3.865       11.98
       5.268       -11.5
       -11.7       4.942
       12.02        4.28
      -5.998      -11.32
      -3.241       12.46
       10.85      -7.025
       -12.8      -2.158
       8.014       10.28
       1.039      -13.05
      -9.618       8.956
        13.2     -0.1063
      -9.842       -8.87
       1.271       13.24
        8.04      -10.66
      -13.18       2.443
       11.42       7.133
      -3.614      -13.02
      -6.155       12.09
       12.75      -4.775
      -12.68      -5.113
       5.917       12.38
       4.015      -13.17
       -11.9       7.029
       13.58       2.869
      -8.103      -11.33
      -1.684       13.88
       10.65      -9.128
      -14.07     -0.4666
        10.1       9.884
     -0.7708      -14.16
      -9.026          11
       14.13       -2.02
      -11.83      -8.086
        3.27          14
        7.07      -12.57
      -13.75       4.512
       13.23       5.983
      -5.736       -13.4
      -4.836        13.8
       12.93      -6.931
      -14.26      -3.635
       8.088       12.35
       2.389      -14.62
      -11.67       9.196
       14.87       1.108
      -10.25      -10.89
      0.1969          15
       10.02      -11.23
      -15.02       1.517
       12.14       9.056
      -2.842      -14.92
      -8.009       12.96
       14.71      -4.162
       -13.7      -6.886
       5.465       14.37
       5.697      -14.33
      -13.92        6.74
       14.86       4.448
      -7.978      -13.36
      -3.149       15.28
       12.68      -9.169
      -15.59      -1.812
        10.3        11.9
      0.4432      -15.78
      -11.02       11.37
       15.85     -0.9414
      -12.36      -10.04
       2.338       15.79
       8.968      -13.26
      -15.61        3.73
       14.07       7.818
      -5.109      -15.31
      -6.593       14.78
       14.88      -6.462
      -15.38      -5.304
       7.781       14.34
        3.96      -15.87
      -13.68       9.052
       16.24       2.569
      -10.27       -12.9
      -1.147       16.49
       12.01      -11.41
      -16.61      0.3023
       12.48       11.03
      -1.762      -16.61
      -9.944       13.47
       16.47      -3.224
      -14.36      -8.772
       4.675       16.21
       7.521      -15.15
      -15.82       6.104
       15.82       6.198
        -7.5       -15.3
      -4.813       16.39
       14.65      -8.851
      -16.82       -3.38
       10.15       13.89
       1.903      -17.14
      -13.01       11.38
       17.32      0.4018
      -12.53      -12.02
       1.121       17.37
       10.93       -13.6
      -17.29       2.648
       14.57       9.745
      -4.168      -17.07
      -8.475       15.43
       16.71       -5.67
      -16.19      -7.123
       7.142       16.23
       5.708      -16.83
      -15.61       8.571
       17.34       4.232
      -9.947      -14.87
      -2.714       17.72
          14      -11.26
      -17.97      -1.158
       12.49       13.02
     -0.4173      -18.08
      -11.93       13.64
       18.05      -2.007
       -14.7      -10.74
       3.593       17.88
       9.449      -15.65
      -17.57       5.164
       16.48       8.081
      -6.709      -17.13
      -6.635        17.2
       16.54      -8.215
      -17.78      -5.129
        9.67       15.83
       3.567      -18.24
      -14.98       11.06
       18.56       1.969
      -12.38      -14.02
     -0.3385       18.73
       12.93      -13.61
      -18.77       1.306
       14.75       11.74
      -2.953      -18.66
      -10.45       15.78
        18.4      -4.591
       -16.7      -9.059
       6.206          18
