       1.035     -0.5864
     -0.5194         1.6
      -0.855      -1.875
       2.191      0.9297
      -2.508      0.8879
       1.369      -2.573
      0.7871       3.048
      -2.821      -1.834
       3.521     -0.5869
      -2.319       2.963
      -0.306      -3.934
       3.011       2.814
       -4.29    -0.04256
       3.312      -2.975
     -0.4485       4.586
      -2.858      -3.806
       4.822      0.9025
      -4.286       2.667
       1.396      -4.995
       2.405       4.746
      -5.103      -1.921
        5.18      -2.078
       -2.47       5.144
      -1.689      -5.579
       5.117       3.034
      -5.938       1.243
       3.606      -5.022
      0.7467       6.252
      -4.858      -4.178
       6.514     -0.2042
      -4.742       4.626
      0.3781       -6.72
       4.327       5.291
      -6.866     -0.9939
       5.818      -3.962
      -1.637       6.949
      -3.535      -6.315
       6.965       2.299
      -6.776       3.049
       2.975      -6.912
       2.506       7.194
      -6.789      -3.656
       7.564      -1.913
      -4.335       6.595
      -1.273      -7.879
        6.33       5.005
      -8.136      0.5917
       5.659      -5.994
     -0.1246       8.328
       -5.59      -6.288
       8.452      0.8694
      -6.886       5.118
       1.636      -8.506
       4.582       7.447
      -8.486      -2.418
       7.962      -3.985
      -3.207       8.391
      -3.332      -8.427
       8.219       3.997
      -8.834       2.626
       4.779       -7.97
       1.874       9.179
      -7.643      -5.547
       9.457      -1.081
      -6.291       7.241
     -0.2543      -9.663
       6.765       7.006
      -9.793     -0.6004
       7.683      -6.218
      -1.475       9.845
      -5.602      -8.315
       9.815       2.364
      -8.895       4.921
       3.257      -9.703
       4.181       9.418
      -9.507      -4.148
       9.877      -3.385
      -5.028       9.227
      -2.541      -10.27
       8.864        5.89
      -10.58       1.654
       6.725      -8.418
       0.732       10.82
      -7.892      -7.525
       10.97       0.219
      -8.283       7.289
       1.191      -11.03
       6.613       8.992
      -11.01      -2.175
       9.643      -5.867
      -3.165        10.9
      -5.057      -10.23
        10.7       4.151
      -10.75       4.187
       5.125       -10.4
       3.266       11.19
      -10.02      -6.078
       11.55      -2.298
      -7.001       9.546
      -1.292      -11.83
       8.987       7.888
      -12.01       0.256
       8.728      -8.345
     -0.8031       12.11
      -7.623      -9.515
       12.11       1.876
      -10.24       6.826
       2.956      -12.01
       5.958        10.9
      -11.81      -4.031
       11.48      -5.028
      -5.094       11.52
      -4.041      -11.99
       11.12       6.135
       -12.4       3.004
       7.146      -10.64
       1.925       12.73
      -10.06      -8.118
       12.95     -0.8116
      -9.041       9.388
      0.3267      -13.08
       8.633       9.909
      -13.11      -1.481
       10.71      -7.796
      -2.644       13.04
      -6.884      -11.44
       12.86       3.804
       -12.1       5.904
       4.952      -12.57
       4.861       12.67
      -12.19      -6.079
       13.14      -3.763
      -7.175        11.7
       -2.62      -13.52
       11.11       8.231
       -13.8       1.438
       9.239      -10.42
      0.2278       13.98
      -9.643      -10.19
       14.04       1.003
      -11.07       8.777
       2.243         -14
       7.831       11.88
      -13.85      -3.482
       12.61      -6.809
      -4.712       13.58
       -5.72      -13.24
       13.21       5.921
      -13.79       4.571
       7.101      -12.73
       3.371       14.23
      -12.14      -8.241
       14.56      -2.128
      -9.331       11.44
     -0.8522      -14.79
       10.65       10.36
       -14.9     -0.4477
       11.33      -9.767
       -1.76        14.9
      -8.794      -12.21
       14.78       3.075
      -13.02       7.741
       4.382      -14.54
       6.614       13.73
      -14.19      -5.672
       14.34      -5.421
      -6.932       13.72
      -4.172      -14.85
       13.14       8.154
      -15.24       2.875
       9.327      -12.45
       1.539       15.53
      -11.66      -10.44
       15.69     -0.1763
      -11.49       10.76
       1.203      -15.74
       9.772       12.45
      -15.66      -2.589
       13.33      -8.694
      -3.971       15.46
      -7.537      -14.12
       15.14       5.337
      -14.81       6.308
       6.676      -14.69
       5.017       15.39
      -14.13      -7.978
       15.85      -3.672
      -9.233       13.45
      -2.283       -16.2
       12.66       10.43
      -16.42      0.8629
       11.56      -11.76
     -0.5791       16.52
      -10.76       -12.6
       16.49       2.032
      -13.57       9.666
       3.483      -16.33
       8.486       14.43
      -16.05      -4.923
        15.2      -7.228
      -6.338       15.63
      -5.901      -15.85
       15.09       7.719
      -16.38       4.514
       9.054      -14.43
       3.079        16.8
      -13.65      -10.33
       17.08      -1.607
      -11.54       12.76
     -0.1073      -17.24
       11.75       12.67
      -17.27      -1.407
       13.71      -10.65
      -2.925       17.16
      -9.455      -14.66
       16.91       4.435
       -15.5       8.174
       5.925      -16.54
       6.819       16.23
      -16.03      -7.381
       16.84      -5.398
      -8.794       15.39
      -3.922      -17.33
       14.63       10.15
      -17.68       2.403
       11.44      -13.75
       0.851       17.91
      -12.75      -12.66
       17.99      0.7208
      -13.78       11.65
       2.301      -17.94
       10.44       14.81
      -17.74      -3.878
       15.74      -9.145
      -5.438       17.41
      -7.767      -16.55
       16.94       6.968
      -17.23       6.318
       8.458      -16.33
       4.807       17.79
       -15.6      -9.895
       18.22      -3.246
      -11.27       14.73
      -1.647      -18.51
       13.75       12.56
      -18.66     0.02277
       13.77      -12.65
      -1.617       18.67
      -11.44      -14.89
       18.53       3.255
      -15.89       10.14
       4.882      -18.25
       8.742       16.79
      -17.82      -6.484
       17.55       -7.27
      -8.049       17.25
