     -0.2726      -1.158
     -0.8221       1.468
       1.957     -0.6458
       -2.17     -0.9767
       1.051       2.444
      0.9592      -2.752
      -2.772       1.492
       3.263      0.8255
       -1.96      -2.983
     -0.6005       3.714
       3.096      -2.447
      -4.111     -0.2995
       2.944        3.12
     -0.0659      -4.451
      -3.062       3.444
       4.734     -0.4864
      -3.937      -2.927
      0.9529       4.957
       2.718      -4.417
      -5.118       1.457
       4.876       2.441
      -1.992      -5.213
      -2.099       5.306
       5.242      -2.549
      -5.702      -1.696
        3.12       5.203
       1.238      -6.057
      -5.096       3.697
       6.366      0.7289
      -4.273       -4.92
     -0.1751       6.622
       4.676      -4.841
      -6.822      0.4174
       5.392       4.365
      -1.042      -6.961
       -3.99        5.92
       7.037      -1.693
      -6.417      -3.551
       2.364       7.045
       3.054      -6.878
      -6.983       3.046
       7.294       2.501
      -3.733      -6.851
      -1.898       7.661
       6.648      -4.416
      -7.973      -1.248
       5.091       6.374
      0.5576      -8.224
      -6.029       5.747
       8.412     -0.1669
      -6.378      -5.614
      0.9195       8.531
       5.133      -6.977
      -8.578       1.693
       7.538       4.587
      -2.482      -8.551
      -3.981       8.053
       8.448      -3.277
      -8.515      -3.319
       4.071       8.268
       2.604       -8.92
      -8.011       4.858
       9.262       1.844
      -5.628      -7.676
      -1.043       9.536
       7.266      -6.375
      -9.737     -0.2087
       7.091       6.781
     -0.6529      -9.862
      -6.225       7.769
       9.908      -1.534
      -8.401        -5.6
       2.428       9.872
       4.911       -8.98
      -9.752       3.327
       9.501       4.162
      -4.222      -9.549
      -3.358       9.957
       9.261      -5.106
      -10.34      -2.507
        5.97        8.89
       1.613      -10.65
      -8.436       6.807
       10.88      0.6832
      -7.609      -7.902
      0.2741       11.03
       7.291      -8.367
      -11.09       1.252
       9.075       6.606
      -2.242      -11.06
      -5.852       9.725
       10.94      -3.236
      -10.31      -5.034
       4.226       10.73
       4.157      -10.83
      -10.43       5.203
       11.27       3.228
      -6.158      -10.04
      -2.253       11.62
        9.56      -7.083
      -11.89      -1.241
       7.971       8.993
      0.1983      -12.07
      -8.342       8.811
       12.16     -0.8663
      -9.598      -7.612
       1.944       12.15
       6.806      -10.32
      -12.05       3.028
       10.98       5.932
      -4.107      -11.84
      -4.994       11.56
       11.54      -5.173
      -12.06          -4
       6.216       11.14
       2.956      -12.47
      -10.65       7.229
       12.79        1.87
      -8.201      -10.06
     -0.7515       13.01
       9.383      -9.125
      -13.14      0.3922
       9.992       8.619
      -1.553      -13.16
      -7.774       10.79
       13.08      -2.719
      -11.52      -6.855
       3.882       12.89
       5.867      -12.17
       -12.6       5.033
       12.74       4.817
      -6.162       -12.2
      -3.713       13.21
        11.7      -7.259
      -13.58      -2.563
       8.316       11.11
       1.376      -13.86
      -10.41       9.323
       14.03      0.1601
      -10.27      -9.627
       1.075       14.09
       8.754      -11.15
      -14.04       2.319
       11.96         7.8
      -3.562      -13.88
      -6.771       12.68
       13.61      -4.794
      -13.32      -5.675
       6.006       13.22
       4.519      -13.85
      -12.73       7.187
       14.29       3.312
      -8.327      -12.14
      -2.064       14.62
       11.43      -9.417
      -14.84     -0.7816
       10.45       10.63
     -0.5221      -14.95
      -9.742       11.41
       14.94      -1.838
      -12.29      -8.762
       3.157       14.81
       7.701      -13.09
      -14.57       4.467
        13.8       6.566
      -5.758      -14.21
      -5.367       14.41
       13.73       -7.02
      -14.91      -4.111
       8.242       13.14
       2.808       -15.3
      -12.44       9.416
       15.58       1.467
      -10.53      -11.64
    -0.09992       15.74
       10.74      -11.57
      -15.78       1.284
       12.54       9.738
      -2.673      -15.69
      -8.653       13.41
       15.48      -4.057
       -14.2      -7.489
       5.425       15.15
       6.253      -14.88
       -14.7       6.766
       15.45       4.955
      -8.069      -14.13
      -3.603       15.91
       13.44      -9.323
      -16.25       -2.21
       10.52       12.64
      0.7847      -16.47
      -11.73       11.64
       16.56     -0.6615
      -12.69      -10.73
       2.117       16.52
       9.624      -13.65
      -16.36       3.572
       14.51       8.436
      -5.013      -16.06
      -7.171       15.27
       15.64       -6.43
      -15.92      -5.838
       7.812       15.09
       4.445      -16.45
      -14.42       9.146
       16.85       3.004
      -10.42      -13.63
      -1.527       17.13
       12.73      -11.63
      -17.28     -0.0232
       12.76       11.72
      -1.495       -17.3
      -10.61        13.8
       17.18      -3.016
      -14.74      -9.405
       4.528       16.93
       8.117      -15.58
      -16.55       6.019
        16.3       6.755
      -7.476      -16.03
      -5.327       16.91
       15.38      -8.889
      -17.39      -3.846
       10.25       14.61
       2.321      -17.74
      -13.72       11.54
       17.95      0.7653
      -12.75      -12.72
      0.8105       18.03
        11.6      -13.87
      -17.96       2.394
        14.9       10.39
      -3.973      -17.76
      -9.088       15.81
       17.42      -5.534
      -16.62      -7.703
       7.066       16.94
       6.247       -17.3
      -16.33       8.556
       17.86        4.73
      -9.992      -15.58
      -3.164       18.28
       14.71      -11.36
      -18.56       -1.56
       12.66       13.71
    -0.06851       -18.7
      -12.61       13.86
        18.7      -1.711
      -14.97      -11.39
       3.353       18.55
       10.08      -15.97
      -18.26       4.981
       16.86       8.677
      -6.584      -17.82
      -7.198       17.62
