      -1.189       0.035
       1.274         1.1
     -0.2405      -2.047
      -1.392        1.93
       2.605     -0.5403
      -2.504      -1.491
      0.9063       3.015
       1.462      -3.031
      -3.315       1.323
       3.519       1.332
      -1.777      -3.523
      -1.117       3.967
       3.647       -2.26
      -4.374     -0.8273
        2.76        3.69
      0.4722      -4.736
      -3.656       3.271
       5.048     0.05978
      -3.782      -3.548
      0.4024       5.306
       3.368      -4.287
      -5.507      0.9069
       4.778       3.119
      -1.446      -5.647
      -2.804       5.247
       5.723      -2.014
      -5.687      -2.426
       2.601       5.734
        1.99      -6.091
      -5.677       3.201
       6.453       1.499
      -3.806      -5.551
     -0.9582       6.768
       5.357      -4.408
      -7.029     -0.3737
       5.001       5.095
     -0.2491      -7.233
      -4.765       5.576
       7.375      -0.904
      -6.126       -4.37
       1.584       7.452
       3.912      -6.645
       -7.46       2.284
       7.125       3.394
      -2.995      -7.398
       -2.82       7.561
       7.264       -3.71
      -7.946      -2.194
       4.422       7.058
       1.522      -8.275
      -6.778       5.124
       8.542      0.8085
      -5.807      -6.427
    -0.05977       8.743
       6.004      -6.466
      -8.875      0.7178
       7.092       5.514
      -1.517      -8.934
      -4.957       7.678
       8.916      -2.332
      -8.218      -4.339
       3.154       8.822
       3.662      -8.705
      -8.648       3.976
       9.133       2.933
       -4.79      -8.396
      -2.156       9.498
       8.065      -5.588
      -9.793      -1.336
       6.364       7.655
      0.4821      -10.01
      -7.169       7.108
       10.16     -0.4008
      -7.814       -6.61
       1.305       10.22
       5.981      -8.475
       -10.2       2.223
       9.082       5.286
      -3.147       -10.1
      -4.528       9.631
       9.906      -4.068
      -10.11      -3.715
       4.979       9.629
        2.85      -10.53
      -9.266       5.871
       10.86       1.942
      -6.737      -8.819
     -0.9962       11.12
        8.29      -7.568
      -11.29    -0.02066
       8.356       7.682
     -0.9776      -11.37
      -6.997       9.094
       11.36      -1.989
      -9.774      -6.242
       3.007       11.26
       5.419      -10.39
      -11.07       4.021
       10.93       4.536
      -5.024      -10.79
      -3.599        11.4
       10.41      -6.007
      -11.79      -2.614
       6.962       9.938
       1.588      -12.09
       -9.38       7.878
        12.3      0.5303
       -8.75      -8.737
      0.5526       12.41
       8.012      -9.568
      -12.43        1.65
       10.32       7.209
      -2.755      -12.34
      -6.335       11.01
       12.16      -3.857
      -11.62      -5.395
       4.949       11.88
       4.395      -12.15
       -11.5        6.02
        12.6       3.344
       -7.06      -11.02
      -2.248       12.95
       10.45      -8.063
       -13.2      -1.116
       9.018        9.78
    -0.04322      -13.36
      -9.025       9.916
       13.41       -1.22
      -10.75      -8.188
       2.406       13.35
       7.272      -11.51
      -13.19       3.592
        12.2       6.285
      -4.767      -12.92
      -5.233        12.8
       12.55      -5.923
       -13.3      -4.125
       7.048       12.07
       2.968      -13.71
      -11.49       8.135
       14.02       1.769
      -9.173      -10.81
      -0.541       14.22
       10.04      -10.15
      -14.31       0.709
       11.07       9.175
      -1.971      -14.29
      -8.228       11.91
       14.16      -3.235
      -12.67      -7.203
       4.491       13.91
       6.109      -13.34
      -13.56       5.727
       13.91       4.951
      -6.936      -13.09
       -3.74       14.38
       12.51      -8.105
      -14.75      -2.484
       9.226       11.83
       1.192         -15
      -11.05       10.29
       15.14     -0.1248
      -11.29      -10.17
       1.457       15.17
       9.199      -12.21
      -15.07       2.795
       13.04       8.145
      -4.127      -14.86
      -7.016       13.79
       14.53      -5.443
      -14.43      -5.818
       6.731       14.08
        4.56      -14.97
      -13.51       7.982
        15.4       3.252
      -9.185      -12.84
      -1.904       15.71
       12.05      -10.33
      -15.91     -0.5256
       11.41       11.17
     -0.8732      -15.98
      -10.18       12.41
       15.93       -2.28
      -13.32      -9.107
       3.684       15.76
       7.951      -14.15
      -15.46       5.075
       14.87       6.718
      -6.441      -15.04
      -5.421       15.48
       14.49      -7.772
      -15.98      -4.069
       9.056       13.83
        2.67      -16.36
      -13.05       10.28
       16.61       1.236
      -11.44      -12.16
      0.2228       16.74
       11.17      -12.53
      -16.74       1.694
       13.52       10.09
      -3.167      -16.61
      -8.909       14.42
       16.35       -4.63
      -15.22       -7.65
       6.071       15.96
       6.321      -15.91
      -15.44       7.479
       16.48       4.929
      -8.843       -14.8
      -3.486       16.93
       14.04      -10.15
      -17.25      -2.001
       11.39       13.16
      0.4898      -17.44
      -12.17       12.56
        17.5      -1.044
      -13.64      -11.08
       2.581       17.42
       9.884      -14.62
       -17.2       4.113
        15.5       8.608
      -5.626      -16.85
      -7.251       16.26
       16.37       -7.11
      -16.91      -5.829
       8.551       15.76
       4.346      -17.43
      -15.01        9.94
       17.82       2.819
      -11.26      -14.15
      -1.254       18.08
       13.17      -12.51
       -18.2      0.3333
       13.67       12.07
      -1.931      -18.18
      -10.88       14.74
       18.01      -3.528
       -15.7      -9.586
        5.11       17.71
       8.213      -16.54
      -17.27       6.667
       17.27       6.761
      -8.184      -16.69
      -5.248       17.87
       15.97      -9.651
      -18.33      -3.679
       11.06       15.13
        2.07      -18.66
      -14.16       12.39
       18.85      0.4326
      -13.63      -13.08
       1.221       18.89
       11.88      -14.78
      -18.78       2.879
       15.82       10.58
