      0.6939      0.9665
      0.1997      -1.671
      -1.563       1.344
       2.378      0.0748
      -1.904      -1.858
      0.1634        2.91
       1.993      -2.437
      -3.331      0.4818
        2.95        2.01
     -0.8622      -3.662
      -1.928       3.443
       3.914      -1.292
      -3.912      -1.761
       1.759        4.09
       1.516      -4.352
      -4.191       2.256
       4.756       1.203
      -2.772      -4.219
     -0.8275        5.12
       4.174        -3.3
      -5.438     -0.3961
        3.83       4.059
    -0.08464      -5.706
      -3.873       4.356
       5.918     -0.6081
      -4.869      -3.619
       1.167       6.071
         3.3      -5.362
      -6.162       1.755
       5.827       2.917
      -2.365      -6.188
      -2.475       6.259
       6.147      -2.989
       -6.65      -1.978
        3.62       6.037
       1.429      -6.995
      -5.858        4.25
       7.287      0.8341
      -4.873       -5.61
     -0.1989       7.522
       5.293       -5.48
      -7.697      0.4711
       6.064       4.909
      -1.169      -7.805
       -4.46       6.619
       7.846      -1.889
      -7.137      -3.949
       2.623       7.815
        3.38      -7.612
      -7.712       3.364
       8.038       2.756
      -4.105      -7.534
      -2.082       8.408
       7.283      -4.838
      -8.718      -1.364
       5.557       6.957
      0.6077      -8.962
      -6.559       6.252
       9.137     -0.1816
      -6.918      -6.089
      0.9962       9.239
       5.551      -7.547
      -9.265        1.83
       8.131       4.948
      -2.674      -9.212
      -4.284       8.665
        9.08      -3.522
      -9.142      -3.562
       4.366       8.867
        2.79      -9.556
      -8.573       5.199
       9.902       1.971
      -6.011      -8.198
      -1.113       10.17
       7.745      -6.796
      -10.37     -0.2219
       7.546       7.216
     -0.6949      -10.49
      -6.612       8.253
       10.52      -1.629
       -8.91      -5.939
       2.574       10.46
       5.201      -9.511
      -10.32       3.521
       10.05       4.401
      -4.462      -10.09
      -3.547       10.52
       9.774      -5.389
      -10.91      -2.644
       6.293       9.371
       1.698      -11.22
      -8.881       7.167
       11.45      0.7185
      -8.002      -8.309
      0.2888       11.59
       7.658       -8.79
      -11.64       1.315
       9.523       6.932
      -2.352       -11.6
      -6.134        10.2
       11.47      -3.391
       -10.8      -5.271
       4.424       11.24
       4.349      -11.33
      -10.91       5.441
       11.78       3.374
      -6.434      -10.49
      -2.353       12.14
       9.981      -7.396
      -12.41      -1.294
       8.315       9.381
       0.206      -12.59
      -8.695       9.185
       12.67     -0.9035
      -9.998      -7.928
       2.025       12.65
       7.084      -10.74
      -12.53       3.151
       11.42        6.17
       -4.27      -12.31
      -5.191       12.01
       11.99      -5.375
      -12.52      -4.155
       6.456       11.57
       3.068      -12.94
      -11.05       7.502
       13.27        1.94
      -8.506      -10.43
     -0.7783       13.49
       9.725      -9.459
      -13.61      0.4073
       10.35       8.928
      -1.608      -13.63
       -8.05       11.18
       13.54      -2.814
      -11.93      -7.094
       4.016       13.33
       6.068      -12.59
      -13.03       5.204
       13.17       4.979
      -6.369      -12.61
      -3.836       13.65
       12.09        -7.5
      -14.03      -2.646
       8.588       11.47
       1.419      -14.31
      -10.75       9.623
       14.47      0.1643
       -10.6      -9.932
       1.109       14.53
       9.027       -11.5
      -14.47       2.391
       12.33        8.04
      -3.671       -14.3
      -6.976       13.07
       14.02       -4.94
      -13.72      -5.844
       6.186       13.62
       4.652      -14.26
      -13.11       7.399
       14.71       3.408
      -8.569      -12.49
      -2.122       15.04
       11.76      -9.687
      -15.26     -0.8038
       10.74       10.94
     -0.5368      -15.37
      -10.01       11.73
       15.35      -1.889
      -12.63      -9.003
       3.243       15.22
        7.91      -13.45
      -14.96       4.589
       14.17       6.742
      -5.913      -14.59
      -5.509       14.79
       14.09      -7.207
       -15.3      -4.218
       8.459       13.49
        2.88       -15.7
      -12.77       9.659
       15.98       1.505
       -10.8      -11.94
     -0.1025       16.14
       11.01      -11.86
      -16.17       1.316
       12.85       9.981
      -2.741      -16.08
      -8.866       13.75
       15.86      -4.158
      -14.55      -7.671
       5.558       15.52
       6.403      -15.24
      -15.05        6.93
       15.82       5.072
      -8.261      -14.46
      -3.688       16.29
       13.76      -9.543
      -16.63      -2.262
       10.76       12.93
      0.8029      -16.85
         -12       11.91
       16.94     -0.6766
      -12.98      -10.97
       2.167        16.9
        9.84      -13.96
      -16.72       3.653
       14.84       8.624
      -5.126      -16.42
      -7.329       15.61
       15.98      -6.573
      -16.26      -5.965
       7.983       15.42
       4.541       -16.8
      -14.73       9.344
       17.22       3.068
      -10.65      -13.92
      -1.558        17.5
          13      -11.88
      -17.65    -0.02261
       13.03       11.96
      -1.527      -17.66
      -10.83       14.09
       17.54      -3.079
      -15.05      -9.598
       4.621       17.28
       8.283       -15.9
      -16.88       6.141
       16.63       6.891
      -7.627      -16.35
      -5.434       17.25
       15.69      -9.067
      -17.73      -3.921
       10.45        14.9
       2.366      -18.09
      -13.99       11.76
        18.3      0.7791
         -13      -12.96
      0.8273       18.38
       11.83      -14.14
      -18.31       2.441
       15.18       10.59
      -4.049       -18.1
       -9.26       16.11
       17.75      -5.639
      -16.93      -7.848
       7.198       17.26
       6.362      -17.62
      -16.63       8.716
       18.19       4.816
      -10.18      -15.87
      -3.221       18.61
       14.98      -11.57
       -18.9      -1.587
       12.89       13.96
    -0.07091      -19.04
