      0.8333      0.8493
    -0.05772      -1.682
      -1.339       1.566
       2.362     -0.2892
      -2.166      -1.545
      0.6058       2.851
       1.598      -2.713
      -3.218      0.9846
       3.222       1.535
      -1.411      -3.488
      -1.379       3.697
       3.671      -1.874
      -4.135      -1.143
       2.363       3.773
      0.8342      -4.532
      -3.797       2.869
       4.884      0.4629
      -3.384      -3.746
    -0.03609       5.186
       3.622      -3.898
      -5.435      0.4389
       4.405       3.426
     -0.9548      -5.626
      -3.162       4.897
       5.756      -1.505
      -5.365      -2.833
       2.081       5.822
       2.442      -5.803
      -5.822       2.676
       6.205       1.993
      -3.282      -5.755
       -1.49       6.564
       5.618      -3.892
      -6.874      -0.939
       4.499       5.414
      0.3441      -7.131
       -5.14       5.095
       7.329     -0.2883
      -5.672        -4.8
       0.952       7.465
       4.394      -6.224
      -7.534       1.641
       6.743       3.925
      -2.347      -7.535
      -3.397       7.223
       7.465      -3.065
      -7.657      -2.813
       3.785       7.323
       2.178      -8.039
      -7.108       4.502
       8.364       1.496
      -5.207      -6.819
     -0.7741       8.627
       6.458      -5.894
      -8.824    -0.01723
       6.554       6.027
     -0.7679       -8.95
      -5.527       7.181
       9.003      -1.575
      -7.767      -4.961
       2.395       8.979
       4.334      -8.306
      -8.877       3.223
       8.792       3.649
      -4.049      -8.696
       -2.91       9.218
       8.436      -4.867
      -9.579      -2.125
       5.669       8.096
       1.298       -9.87
      -7.678       6.447
       10.09      0.4362
      -7.193      -7.184
      0.4535       10.23
       6.616      -7.899
      -10.28       1.364
       8.559       5.979
      -2.288      -10.26
      -5.275       9.166
       10.14      -3.216
      -9.713      -4.509
       4.141       9.947
       3.687      -10.19
      -9.662       5.056
        10.6       2.815
      -5.951      -9.292
        -1.9       10.93
       8.837      -6.819
      -11.18     -0.9472
       7.651       8.299
    -0.03535      -11.35
      -7.683       8.439
       11.43      -1.039
      -9.177       -6.99
       2.056       11.41
       6.226      -9.856
      -11.31       3.077
       10.47       5.396
      -4.096      -11.11
      -4.506       11.01
       10.81      -5.102
      -11.48      -3.561
       6.088       10.43
       2.568      -11.86
      -9.952       7.044
       12.15       1.536
      -7.961      -9.386
     -0.4716       12.36
       8.734      -8.833
      -12.46       0.616
        9.65       8.001
      -1.719      -12.47
      -7.191       10.41
       12.39      -2.828
      -11.09      -6.309
       3.934        12.2
       5.361       -11.7
      -11.91       5.028
       12.23       4.354
      -6.101      -11.52
      -3.296       12.67
       11.03      -7.144
      -13.01      -2.194
       8.147       10.45
       1.055      -13.26
      -9.775       9.101
       13.41     -0.1089
      -9.999      -9.012
       1.291       13.45
       8.166      -10.83
      -13.39       2.481
       11.59       7.243
      -3.671      -13.22
      -6.249       12.27
       12.95      -4.848
      -12.87       -5.19
       6.006       12.57
       4.075      -13.37
      -12.08       7.133
       13.77        2.91
       -8.22      -11.49
      -1.707       14.08
        10.8      -9.258
      -14.27     -0.4732
       10.24       10.02
     -0.7816      -14.36
      -9.152       11.15
       14.33      -2.048
      -11.99      -8.197
       3.315       14.19
       7.165      -12.74
      -13.94       4.574
       13.41       6.063
      -5.812      -13.57
      -4.899       13.98
        13.1      -7.022
      -14.45      -3.681
       8.192       12.51
       2.419      -14.81
      -11.82       9.313
       15.06       1.122
      -10.38      -11.03
      0.1994       15.19
       10.14      -11.37
      -15.21       1.537
       12.29       9.167
      -2.878       -15.1
      -8.106       13.12
       14.88      -4.212
      -13.86      -6.969
        5.53       14.54
       5.763       -14.5
      -14.09       6.819
       15.04       4.499
      -8.071      -13.51
      -3.186       15.46
       12.83      -9.274
      -15.77      -1.833
       10.42       12.04
      0.4482      -15.96
      -11.14       11.49
       16.02     -0.9538
      -12.49      -10.15
       2.364       15.97
       9.067      -13.41
      -15.78       3.771
       14.22       7.903
      -5.164      -15.48
      -6.664       14.94
       15.04      -6.532
      -15.55      -5.359
       7.863       14.49
       4.002      -16.04
      -13.82       9.147
       16.41       2.596
      -10.37      -13.03
      -1.157       16.66
       12.14      -11.53
      -16.78      0.3053
       12.61       11.14
       -1.78      -16.77
      -10.04        13.6
       16.64      -3.256
       -14.5       -8.86
       4.721       16.37
       7.593       -15.3
      -15.97       6.164
       15.98       6.259
      -7.573      -15.44
      -4.859       16.54
       14.79      -8.937
      -16.98      -3.412
       10.24       14.02
       1.921       -17.3
      -13.13       11.48
       17.48      0.4034
      -12.65      -12.13
       1.132       17.53
       11.03      -13.72
      -17.44       2.672
        14.7       9.835
      -4.206      -17.22
      -8.552       15.57
       16.86      -5.721
      -16.34      -7.188
       7.206       16.37
       5.759      -16.98
      -15.75       8.647
       17.49        4.27
      -10.03         -15
      -2.738       17.88
       14.12      -11.36
      -18.12      -1.168
        12.6       13.13
     -0.4231      -18.23
      -12.03       13.76
        18.2      -2.024
      -14.82      -10.83
       3.623       18.03
       9.529      -15.78
      -17.72       5.208
       16.62       8.149
      -6.765      -17.27
       -6.69       17.34
       16.68      -8.283
      -17.93      -5.172
       9.749       15.96
       3.597      -18.39
       -15.1       11.15
       18.71       1.983
      -12.48      -14.13
     -0.3412       18.88
       13.03      -13.72
      -18.92       1.316
       14.87       11.83
      -2.977       -18.8
