      -1.065      0.5306
       1.617       0.464
      -1.077      -1.757
     -0.4538       2.336
       2.138      -1.583
      -2.899     -0.3034
       2.087       2.357
     0.05639      -3.365
      -2.455       2.591
       3.753     -0.2661
      -3.091      -2.453
      0.6499        4.07
       2.363      -3.581
      -4.318       1.084
       4.053       2.192
      -1.558      -4.497
      -1.947       4.503
       4.607      -2.063
      -4.922      -1.635
       2.591       4.648
       1.259      -5.305
      -4.618       3.133
       5.646      0.8277
      -3.682      -4.519
     -0.3448       5.939
       4.351      -4.229
       -6.18      0.1826
       4.766       4.114
     -0.7485      -6.364
      -3.811       5.287
       6.486      -1.346
      -5.783      -3.443
       1.969       6.545
       3.014      -6.249
      -6.538       2.609
       6.676       2.528
       -3.26      -6.462
      -1.987        7.06
       6.316      -3.914
      -7.394      -1.397
       4.564         6.1
      0.7641      -7.673
      -5.814       5.203
       7.892      0.0925
      -5.822       -5.46
      0.6112       8.047
       5.039      -6.415
      -8.134       1.341
       6.975       4.552
      -2.089       -8.15
      -4.004       7.494
       8.093      -2.849
      -7.967      -3.399
       3.613       7.962
       2.739      -8.388
      -7.755       4.374
        8.75       2.031
      -5.124      -7.473
       -1.28       9.049
       7.116      -5.857
       -9.28     -0.4922
       6.563       6.685
     -0.3262      -9.438
      -6.183       7.237
       9.521      -1.168
       -7.87      -5.613
       2.027       9.526
       4.977      -8.456
       -9.45       2.894
       8.988        4.28
      -3.762      -9.293
      -3.527        9.46
       9.053      -4.624
      -9.866      -2.723
       5.472       8.731
       1.875       -10.2
      -8.328       6.297
       10.46       0.989
      -7.091      -7.846
    -0.07145       10.64
       7.286      -7.847
      -10.74      0.8699
       8.558       6.653
      -1.827      -10.75
       -5.95       9.216
       10.67      -2.793
      -9.815      -5.181
       3.758       10.51
       4.352      -10.35
      -10.26       4.716
       10.81       3.469
      -5.656      -9.912
      -2.538       11.19
       9.481      -6.572
      -11.49      -1.567
       7.453       8.964
       0.562       -11.7
      -8.364       8.294
       11.83     -0.4682
      -9.084      -7.684
       1.516       11.86
       6.928      -9.819
       -11.8       2.572
       10.49       6.102
      -3.628      -11.64
      -5.211       11.09
       11.38      -4.676
      -11.61      -4.262
       5.707       11.03
        3.26      -12.05
      -10.59        6.71
        12.4       2.214
      -7.678      -10.05
      -1.132       12.65
       9.423      -8.603
      -12.81    -0.02189
       9.476       8.709
      -1.108      -12.88
      -7.914       10.29
       12.84      -2.248
      -11.03      -7.043
        3.39        12.7
       6.101       -11.7
      -12.45       4.525
       12.29       5.096
      -5.641      -12.11
      -4.034       12.79
       11.66       -6.73
      -13.19      -2.923
       7.784       11.11
       1.772       -13.5
      -10.47       8.792
       13.71      0.5895
      -9.747      -9.731
      0.6159       13.81
       8.907      -10.64
      -13.81       1.834
       11.46       8.001
      -3.056      -13.69
      -7.019        12.2
       13.47      -4.273
      -12.86      -5.967
       5.472       13.13
       4.854      -13.43
      -12.69       6.645
        13.9       3.686
      -7.783      -12.15
      -2.474       14.26
        11.5      -8.875
      -14.52      -1.226
       9.912       10.75
    -0.04837      -14.67
      -9.905       10.89
        14.7      -1.339
      -11.79      -8.973
       2.638       14.62
       7.959      -12.61
      -14.43       3.931
       13.34        6.87
       -5.21      -14.12
      -5.714       13.97
       13.69      -6.465
      -14.51      -4.498
       7.684       13.16
       3.232      -14.94
      -12.51       8.859
       15.26       1.925
      -9.979      -11.76
     -0.5871       15.46
       10.91      -11.03
      -15.54      0.7709
       12.01       9.957
       -2.14       -15.5
       -8.92       12.91
       15.34      -3.507
      -13.72      -7.801
       4.863       15.06
       6.609      -14.43
      -14.66       6.196
       15.04       5.351
      -7.497      -14.14
      -4.038       15.54
       13.51      -8.752
      -15.92      -2.679
       9.954       12.76
       1.284      -16.18
      -11.91       11.09
       16.31     -0.1365
      -12.15      -10.95
        1.57       16.33
       9.895      -13.13
      -16.21       3.007
       14.02       8.755
      -4.436      -15.97
      -7.534       14.81
        15.6      -5.845
      -15.49      -6.243
       7.224        15.1
       4.889      -16.06
      -14.49       8.559
        16.5       3.484
      -9.842      -13.75
      -2.038       16.83
        12.9      -11.06
      -17.03     -0.5604
       12.21       11.94
     -0.9348      -17.09
      -10.88       13.27
       17.03      -2.437
      -14.24      -9.728
       3.935       16.83
       8.486       -15.1
       -16.5       5.418
       15.86       7.167
      -6.871      -16.04
      -5.779        16.5
       15.45      -8.286
      -17.02      -4.333
       9.648       14.73
       2.841      -17.42
      -13.89       10.95
       17.68       1.314
      -12.18      -12.94
      0.2381       17.81
       11.88      -13.32
       -17.8       1.802
       14.37       10.72
      -3.366      -17.65
       -9.46       15.32
       17.36      -4.917
      -16.16       -8.12
       6.444       16.94
       6.704      -16.88
      -16.38       7.935
       17.48       5.225
      -9.377      -15.69
      -3.692       17.94
       14.87      -10.76
      -18.27       -2.12
       12.07       13.93
      0.5141      -18.46
      -12.88       13.29
       18.51      -1.104
      -14.43      -11.72
       2.732       18.42
       10.45      -15.46
      -18.19       4.348
       16.38       9.095
      -5.947      -17.81
       -7.66       17.18
       17.29      -7.511
      -17.86      -6.151
        9.03       16.63
       4.587       -18.4
      -15.84       10.49
        18.8        2.97
