      -1.188     0.07252
       1.308       1.059
      -0.305      -2.038
       -1.33       1.973
       2.587     -0.6223
       -2.55      -1.411
       1.001       2.985
       1.366      -3.076
      -3.272       1.427
       3.559       1.221
      -1.887      -3.466
     -0.9913       4.001
       3.574      -2.373
      -4.398     -0.6889
       2.875       3.601
      0.3225      -4.748
      -3.551       3.384
       5.047    -0.09953
      -3.893      -3.427
      0.5696        5.29
       3.231      -4.392
      -5.475        1.08
       4.874       2.967
      -1.624      -5.598
      -2.637       5.333
       5.657      -2.193
       -5.76      -2.245
       2.781       5.649
       1.796       -6.15
      -5.573       3.379
       6.497       1.294
      -3.979      -5.428
     -0.7441       6.794
       5.216      -4.575
      -7.037     -0.1517
       5.159       4.935
     -0.4772      -7.222
      -4.587       5.723
       7.343      -1.137
      -6.261      -4.175
       1.819       7.398
         3.7      -6.765
      -7.385       2.518
       7.229       3.167
      -3.227        -7.3
       -2.58       7.646
       7.144      -3.937
      -8.011      -1.943
       4.643       6.915
        1.26      -8.318
      -6.613       5.335
       8.563      0.5386
      -6.007      -6.241
      0.2164       8.741
       5.798      -6.652
      -8.848      0.9977
       7.262       5.287
      -1.799      -8.881
      -4.713        7.83
       8.838      -2.612
      -8.351      -4.077
       3.431       8.718
       3.386      -8.816
      -8.519       4.247
       9.221       2.643
      -5.052      -8.241
      -1.855       9.561
       7.884       -5.84
       -9.83      -1.027
       6.602        7.45
      0.1655      -10.02
      -6.942       7.331
       10.14     -0.7214
      -8.019      -6.361
       1.627       10.17
       5.711      -8.659
      -10.13       2.544
       9.244       4.996
      -3.464      -9.992
      -4.222       9.769
       9.772      -4.378
      -10.23      -3.394
        5.28       9.467
       2.517      -10.61
      -9.077        6.16
       10.92       1.598
      -7.012      -8.603
     -0.6442       11.14
       8.048      -7.825
      -11.28      0.3362
       8.594       7.414
      -1.336      -11.33
      -6.707        9.31
       11.29      -2.347
      -9.966       -5.93
        3.36       11.16
       5.089      -10.56
      -10.94       4.368
       11.07       4.189
      -5.362      -10.62
      -3.237       11.51
       10.21      -6.332
      -11.87       -2.24
       7.271       9.714
       1.205      -12.13
      -9.128        8.17
       12.31      0.1412
      -9.021      -8.457
      0.9439       12.39
       7.706      -9.816
      -12.37       2.042
       10.55        6.88
      -3.143      -12.25
      -5.984       11.21
       12.03      -4.239
      -11.79      -5.025
       5.321       11.72
       4.009      -12.29
       -11.3       6.379
        12.7       2.944
      -7.404      -10.79
      -1.838       13.01
       10.19      -8.388
      -13.23     -0.6985
       9.322        9.49
     -0.4646      -13.35
      -8.708        10.2
       13.36      -1.643
         -11      -7.844
       2.826       13.27
       6.905      -11.74
      -13.07       4.006
       12.39       5.896
      -5.172      -12.77
      -4.826       12.95
       12.36      -6.315
      -13.43      -3.702
       7.425       11.84
       2.533       -13.8
      -11.23       8.493
       14.07       1.326
       -9.51      -10.52
    -0.09206       14.23
       9.713      -10.47
      -14.28        1.16
       11.35       8.821
      -2.421      -14.22
      -7.848       12.16
       14.05       -3.68
      -12.89      -6.799
       4.927       13.77
       5.684      -13.52
      -13.37       6.152
       14.06       4.509
      -7.344      -12.86
      -3.284       14.49
       12.25      -8.496
      -14.82      -2.017
       9.595       11.53
      0.7182      -15.03
      -10.72       10.63
       15.13     -0.6026
       -11.6      -9.807
       1.935       15.11
       8.808      -12.49
      -14.98       3.269
       13.29       7.729
      -4.593      -14.72
      -6.576          14
       14.35      -5.897
      -14.61      -5.359
       7.172       13.86
       4.085      -15.11
      -13.25       8.404
        15.5       2.764
      -9.586      -12.54
      -1.407       15.77
       11.72      -10.71
      -15.92    -0.02331
       11.75        10.8
      -1.376      -15.95
      -9.784       12.72
       15.85       -2.78
      -13.61      -8.682
       4.178       15.63
       7.499      -14.39
      -15.29       5.559
       15.07       6.246
      -6.912      -14.83
       -4.93       15.64
       14.24      -8.225
       -16.1      -3.563
       9.488       13.54
       2.153      -16.43
      -12.72       10.69
       16.64      0.7116
      -11.82       -11.8
      0.7499       16.73
       10.77      -12.87
      -16.68        2.22
       13.83       9.653
      -3.688       -16.5
      -8.448        14.7
        16.2      -5.143
      -15.46      -7.166
       6.572       15.76
       5.815       -16.1
       -15.2       7.963
       16.63       4.407
      -9.306      -14.52
       -2.95       17.03
       13.71      -10.59
       -17.3      -1.457
        11.8       12.79
    -0.06179      -17.45
      -11.77       12.94
       17.45      -1.595
      -13.98      -10.64
       3.129       17.33
       9.418      -14.92
      -17.06       4.653
       15.76       8.114
      -6.155      -16.67
      -6.735       16.48
       16.14      -7.623
      -17.09      -5.292
       9.044       15.48
       3.794      -17.56
      -14.69       10.41
        17.9       2.254
       -11.7      -13.79
     -0.6835       18.11
       12.76      -12.92
      -18.18      0.9074
       14.05       11.63
      -2.504      -18.11
      -10.41       15.07
       17.89      -4.094
      -15.99      -9.087
       5.667       17.54
       7.686       -16.8
      -17.05       7.208
       17.48       6.213
      -8.707      -16.42
      -4.681       18.03
       15.66      -10.15
      -18.44        -3.1
       11.53       14.77
        1.48      -18.72
      -13.76       12.83
       18.85     -0.1623
      -14.04      -12.64
       1.817       18.84
       11.41      -15.15
      -18.68        3.47
       16.15       10.08
