       1.153     -0.2919
      -0.924       1.406
     -0.3289      -2.034
       1.867       1.476
      -2.653      0.1934
           2       -2.12
     -0.0465       3.148
      -2.236      -2.515
       3.551      0.3647
       -3.02       2.245
      0.7448      -3.875
        2.16        3.51
      -4.126      -1.175
       3.981      -1.993
      -1.645       4.305
       -1.75      -4.426
       4.412       2.145
      -4.839       1.439
       2.667      -4.448
       1.065       5.213
      -4.413      -3.202
       5.545      -0.635
      -3.742       4.308
     -0.1544      -5.827
       4.133       4.279
      -6.056     -0.3703
       4.805       -3.89
     -0.9322       6.227
      -3.581      -5.313
       6.336       1.525
      -5.796       3.208
       2.141      -6.381
       2.774       6.247
      -6.359      -2.773
       6.658      -2.283
      -3.415       6.269
       -1.74      -7.025
        6.11       4.058
      -7.341       1.149
       4.696       -5.88
      0.5158       7.601
      -5.582       -5.32
       7.801      0.1545
      -5.924       5.215
      0.8552      -7.936
       4.782         6.5
      -8.003       -1.58
       7.042      -4.286
      -2.321       7.999
      -3.729      -7.542
       7.922       3.073
      -7.994       3.116
       3.826      -7.771
       2.451       8.393
      -7.545      -4.575
       8.732      -1.739
      -5.311       7.245
      -0.986      -9.008
        6.87       6.027
      -9.214      0.1977
       6.716      -6.423
     -0.6189       9.348
      -5.905       -7.37
       9.406       1.457
      -7.982       5.321
       2.309      -9.386
       4.673       8.545
      -9.286      -3.168
       9.053      -3.966
      -4.025       9.105
      -3.205        -9.5
       8.842       4.874
       -9.88       2.395
       5.706      -8.497
       1.542       10.19
      -8.073      -6.513
       10.42     -0.6544
      -7.289        7.57
      0.2627      -10.57
       6.991       8.023
      -10.64      -1.201
       8.711      -6.341
      -2.153       10.62
      -5.623      -9.344
       10.52        3.11
      -9.915       4.841
       4.065      -10.33
       4.001       10.42
      -10.05      -5.009
       10.85       -3.11
      -5.934       9.676
      -2.172       -11.2
        9.22       6.831
      -11.47       1.197
       7.692      -8.679
      0.1914       11.66
      -8.056       -8.51
       11.75       0.837
      -9.276       7.356
        1.88      -11.75
       6.583       9.983
      -11.65      -2.929
       10.62      -5.741
      -3.975       11.46
      -4.836      -11.19
       11.18       5.009
      -11.68       3.876
       6.024       -10.8
       2.865       12.09
      -10.32      -7.009
        12.4      -1.814
      -7.956        9.76
     -0.7292      -12.63
       9.107       8.857
      -12.75     -0.3808
       9.703       -8.37
      -1.507       12.78
      -7.554      -10.49
       12.71       2.641
       -11.2       6.664
       3.773      -12.53
       5.706       11.84
      -12.25      -4.895
       12.39      -4.687
      -5.996       11.87
      -3.614      -12.86
        11.4       7.067
      -13.23       2.496
       8.099      -10.82
        1.34        13.5
      -10.15      -9.084
       13.67      -0.156
      -10.01       9.384
       1.047      -13.73
       8.536       10.87
      -13.69      -2.261
       11.66      -7.608
      -3.474       13.54
      -6.607      -12.37
       13.28       4.679
         -13       5.539
       5.863      -12.91
       4.412       13.53
      -12.43      -7.018
       13.96      -3.235
      -8.134       11.85
      -2.016      -14.28
       11.17       9.202
       -14.5      0.7648
       10.21       -10.4
     -0.5095       14.61
      -9.526      -11.16
       14.61       1.797
      -12.02        8.57
       3.087      -14.49
       7.534       12.81
      -14.25      -4.371
       13.51      -6.426
      -5.636        13.9
      -5.253       -14.1
       13.44       6.872
       -14.6       4.025
       8.071      -12.87
        2.75       14.99
      -12.19      -9.221
       15.26      -1.438
      -10.31        11.4
    -0.09884      -15.42
       10.52       11.34
      -15.46      -1.257
       12.29      -9.546
       -2.62       15.38
      -8.483      -13.15
       15.18       3.978
      -13.92       7.343
       5.321      -14.86
       6.133       14.59
      -14.42      -6.637
       15.16      -4.861
      -7.916       13.86
      -3.536      -15.61
       13.19       9.148
      -15.95        2.17
       10.32      -12.41
      0.7713       16.16
      -11.52      -11.43
       16.26      0.6484
      -12.46       10.53
       2.079      -16.22
       9.451        13.4
      -16.07      -3.508
       14.25      -8.287
      -4.925       15.78
      -7.045         -15
       15.37       6.318
      -15.64       5.736
       7.676      -14.83
       4.369       16.16
      -14.17      -8.989
       16.57      -2.954
      -10.24        13.4
      -1.502      -16.84
       12.52       11.43
      -16.99     0.02281
       12.55      -11.52
       -1.47       17.01
      -10.43      -13.57
        16.9       2.966
       -14.5       9.252
       4.454      -16.66
       7.987       15.33
      -16.28      -5.921
       16.04      -6.647
      -7.356       15.77
      -5.244      -16.64
       15.14       8.749
      -17.11       3.785
       10.09      -14.38
       2.285       17.46
      -13.51      -11.36
       17.67     -0.7534
      -12.55       12.52
       0.798      -17.75
       11.43       13.66
      -17.69      -2.357
       14.67      -10.23
      -3.912       17.49
      -8.952      -15.58
       17.16       5.451
      -16.37       7.589
        6.96      -16.69
       6.156       17.05
      -16.09       -8.43
       17.59      -4.661
      -9.846       15.35
      -3.118      -18.01
        14.5        11.2
      -18.29       1.538
       12.47      -13.52
    -0.06753       18.43
      -12.43      -13.67
       18.43       1.686
      -14.76       11.23
       3.304      -18.29
       9.938       15.75
         -18      -4.911
       16.63      -8.558
      -6.493       17.58
      -7.099      -17.38
       17.01       8.037
      -18.01       5.575
       9.531      -16.31
       3.995        18.5
      -15.47      -10.96
       18.85      -2.371
      -12.32       14.51
