     -0.5609      -1.049
       1.587      0.5584
      -1.895      0.8089
      0.9829      -2.167
      0.8264       2.529
      -2.539      -1.431
       3.066     -0.7125
      -1.903       2.776
     -0.5006      -3.534
       2.906       2.391
      -3.941      0.2097
       2.887      -2.942
     -0.1474       4.287
      -2.893      -3.384
       4.574      0.5604
      -3.874       2.764
        1.02      -4.799
       2.561        4.35
      -4.959      -1.518
       4.804      -2.289
      -2.045       5.054
      -1.951      -5.229
       5.082       2.595
      -5.618       1.552
       3.158      -5.042
       1.098       5.967
      -4.932      -3.728
       6.268     -0.5937
      -4.295       4.754
    -0.04495      -6.517
       4.508       4.854
      -6.709     -0.5422
       5.395      -4.196
      -1.161        6.84
      -3.819      -5.913
       6.907       1.806
        -6.4        3.38
       2.468      -6.907
       2.882       6.849
      -6.837      -3.143
       7.254       -2.33
      -3.821       6.698
      -1.727      -7.609
       6.487       4.495
      -7.908        1.08
       5.158      -6.206
      0.3927       8.148
      -5.854      -5.803
       8.322      0.3279
      -6.423       5.435
       1.075      -8.429
       4.948       7.009
      -8.464      -1.843
       7.556      -4.399
      -2.625       8.425
       -3.79      -8.057
        8.31       3.412
      -8.506       3.125
       4.197      -8.119
       2.409       8.896
       -7.85      -4.973
       9.222      -1.649
      -5.732       7.506
     -0.8501      -9.481
       7.086       6.466
      -9.666     0.01828
       7.169      -6.592
     -0.8393       9.776
      -6.028      -7.832
       9.806       1.716
      -8.449       5.397
       2.603      -9.755
       4.703       9.013
      -9.621      -3.494
       9.517      -3.949
      -4.379       9.403
      -3.143      -9.956
       9.101       5.252
      -10.32        2.29
       6.105      -8.717
       1.396       10.62
      -8.251      -6.928
       10.83     -0.4677
      -7.716       7.706
      0.4867      -10.96
       7.085       8.459
         -11       -1.46
        9.15      -6.391
      -2.444       10.96
       -5.63      -9.783
       10.82       3.431
      -10.35       4.805
       4.411      -10.59
       3.923       10.85
      -10.28      -5.377
       11.27      -2.991
       -6.32       9.868
      -2.016       -11.6
       9.373       7.232
      -11.86       1.003
       8.105      -8.792
    -0.03816       12.02
      -8.129      -8.929
       12.08       1.099
      -9.699       7.388
       2.172      -12.06
       6.573       10.41
      -11.93      -3.248
       11.04       -5.69
      -4.318       11.71
      -4.746       -11.6
       11.39       5.373
      -12.08       3.747
       6.405      -10.97
         2.7       12.47
      -10.46      -7.403
       12.77      -1.613
      -8.361       9.856
     -0.4943      -12.97
       9.164       9.268
      -13.07     -0.6469
       10.12      -8.388
      -1.802       13.07
      -7.532       -10.9
       12.97       2.962
      -11.61       6.603
       4.117      -12.76
       5.606       12.24
      -12.45      -5.258
       12.78       -4.55
      -6.375       12.03
      -3.442      -13.23
       11.52       7.459
      -13.58       2.288
         8.5       -10.9
         1.1       13.83
      -10.19       -9.49
       13.98      0.1143
      -10.42       9.391
       1.345      -14.01
       8.504       11.28
      -13.94      -2.584
       12.07      -7.538
      -3.819       13.76
      -6.499      -12.77
       13.46       5.042
      -13.38       5.395
       6.242      -13.06
       4.232       13.89
      -12.55       -7.41
       14.31      -3.022
      -8.535       11.93
      -1.771      -14.61
       11.21       9.608
      -14.81        0.49
       10.62       -10.4
     -0.8114       14.89
      -9.487      -11.56
       14.85       2.123
      -12.42       8.494
       3.435       -14.7
       7.421        13.2
      -14.43      -4.736
       13.88      -6.277
      -6.016       14.05
      -5.068      -14.47
       13.55       7.265
      -14.94       3.807
       8.473      -12.94
         2.5       15.31
      -12.22      -9.628
       15.56      -1.159
      -10.72        11.4
       0.207      -15.69
       10.48       11.75
       -15.7      -1.587
       12.69      -9.465
      -2.971       15.59
      -8.366      -13.54
       15.36       4.347
       -14.3       7.189
       5.705         -15
       5.944       14.96
      -14.53      -7.033
        15.5      -4.638
      -8.321       13.93
      -3.283      -15.94
       13.22       9.558
      -16.25       1.887
       10.74       -12.4
      0.4617       16.44
      -11.47      -11.84
        16.5      0.9822
      -12.86       10.45
       2.434      -16.44
       9.332        13.8
      -16.24      -3.881
       14.64       -8.13
      -5.313       15.92
      -6.854      -15.37
       15.47       6.718
      -15.99       5.511
       8.085       -14.9
       4.112       16.49
       -14.2      -9.404
       16.87      -2.668
      -10.66       13.39
      -1.189      -17.12
       12.47       11.85
      -17.24     -0.3137
       12.95      -11.44
      -1.828       17.23
      -10.31      -13.97
       17.08       3.343
      -14.89       9.095
       4.848       -16.8
       7.793        15.7
      -16.39      -6.326
        16.4       -6.42
      -7.772       15.84
      -4.985      -16.97
       15.17       9.167
      -17.42       3.498
       10.51      -14.38
        1.97       17.74
      -13.47      -11.77
       17.92     -0.4136
      -12.96       12.44
        1.16      -17.97
       11.31       14.06
      -17.88      -2.738
       15.06      -10.08
      -4.309       17.64
      -8.758      -15.96
       17.27       5.862
      -16.73       7.361
       7.379      -16.77
       5.895       17.38
      -16.12      -8.855
       17.91      -4.371
      -10.27       15.35
        -2.8       -18.3
       14.45       11.62
      -18.55       1.195
       12.89      -13.44
     -0.4329       18.66
      -12.31      -14.08
       18.62       2.071
      -15.16       11.07
       3.708      -18.44
       9.745       16.14
      -18.12      -5.325
       16.99       -8.33
      -6.919       17.66
      -6.839      -17.73
       17.05       8.467
