      0.9335      0.7378
      -1.678      0.1223
       1.414      -1.499
    -0.03515       2.379
      -1.768      -1.988
       2.899      0.2977
      -2.526       1.878
      0.6351      -3.305
       1.871        3.04
      -3.619       -1.03
       3.529      -1.767
      -1.471        3.85
      -1.578      -3.989
       4.004       1.946
      -4.417       1.314
       2.447      -4.082
      0.9822       4.806
      -4.086      -2.964
       5.153     -0.5901
      -3.489       4.017
     -0.1444      -5.451
       3.877       4.014
      -5.696     -0.3481
        4.53      -3.668
     -0.8809       5.884
      -3.391      -5.031
       6.011       1.446
      -5.509       3.049
       2.038      -6.075
       2.645       5.956
      -6.072      -2.648
       6.367      -2.183
       -3.27       6.002
      -1.668      -6.734
       5.863       3.895
      -7.053       1.104
       4.516      -5.655
      0.4966       7.318
      -5.379      -5.127
       7.524      0.1488
      -5.718       5.034
      0.8262      -7.667
       4.624       6.285
      -7.743      -1.528
       6.818       -4.15
      -2.249        7.75
      -3.615      -7.312
       7.686       2.981
       -7.76       3.025
       3.716      -7.548
       2.382       8.156
      -7.337      -4.448
       8.495      -1.692
       -5.17       7.051
     -0.9601      -8.772
       6.693       5.872
      -8.981       0.193
       6.549      -6.263
     -0.6035       9.119
      -5.763      -7.192
       9.183       1.422
      -7.795       5.197
       2.256      -9.171
       4.567       8.351
      -9.079      -3.097
       8.854      -3.879
      -3.938       8.907
      -3.136      -9.297
       8.655       4.771
      -9.675       2.345
       5.589      -8.323
       1.512       9.982
      -7.912      -6.383
       10.22     -0.6419
      -7.147       7.423
      0.2574      -10.37
       6.859       7.871
      -10.44      -1.178
        8.55      -6.224
      -2.113       10.43
      -5.521      -9.175
       10.33       3.055
      -9.741       4.756
       3.994      -10.15
       3.932       10.24
      -9.875      -4.924
       10.67      -3.057
      -5.835       9.515
      -2.137      -11.02
        9.07       6.719
      -11.29       1.178
       7.569      -8.541
      0.1888       11.47
      -7.931      -8.377
       11.57      0.8241
      -9.134       7.244
       1.851      -11.57
       6.484       9.833
      -11.48      -2.885
       10.47      -5.657
      -3.917        11.3
      -4.767      -11.03
       11.02       4.938
      -11.52       3.821
       5.939      -10.65
       2.826       11.92
      -10.18      -6.912
       12.23      -1.789
      -7.849       9.628
     -0.7195      -12.46
       8.987        8.74
      -12.59     -0.3758
       9.577      -8.261
      -1.488       12.62
      -7.458      -10.35
       12.55       2.608
      -11.06        6.58
       3.726      -12.38
       5.636       11.69
       -12.1      -4.835
       12.24      -4.631
      -5.923       11.73
      -3.572       -12.7
       11.26       6.983
      -13.07       2.466
       8.005      -10.69
       1.325       13.34
      -10.03      -8.979
       13.51     -0.1543
      -9.898       9.277
       1.036      -13.58
       8.441       10.75
      -13.54      -2.236
       11.54      -7.525
      -3.436       13.39
      -6.536      -12.24
       13.14       4.628
      -12.86        5.48
         5.8      -12.77
       4.366       13.38
       -12.3      -6.945
       13.81      -3.201
       -8.05       11.73
      -1.995      -14.14
       11.06       9.108
      -14.36       0.757
       10.11      -10.29
     -0.5044       14.47
      -9.431      -11.04
       14.46       1.779
      -11.91       8.486
       3.057      -14.35
       7.462       12.69
      -14.12      -4.328
       13.38      -6.365
      -5.582       13.77
      -5.204      -13.97
       13.32       6.808
      -14.46       3.988
       7.996      -12.75
       2.725       14.85
      -12.08      -9.137
       15.12      -1.425
      -10.22        11.3
    -0.09795      -15.28
       10.43       11.24
      -15.33      -1.246
       12.18      -9.462
      -2.597       15.25
       -8.41      -13.04
       15.05       3.943
       -13.8        7.28
       5.275      -14.73
        6.08       14.47
       -14.3      -6.581
       15.03       -4.82
       -7.85       13.75
      -3.507      -15.48
       13.08       9.073
      -15.82       2.152
       10.24      -12.31
       0.765       16.03
      -11.43      -11.34
       16.13      0.6432
      -12.36       10.45
       2.062       -16.1
       9.377        13.3
      -15.94      -3.481
       14.14      -8.222
      -4.886       15.66
      -6.991      -14.88
       15.25       6.269
      -15.52       5.692
       7.618      -14.72
       4.336       16.04
      -14.07      -8.921
       16.44      -2.932
      -10.17        13.3
      -1.491      -16.72
       12.42       11.35
      -16.87     0.02367
       12.45      -11.44
      -1.458       16.89
      -10.36      -13.47
       16.78       2.945
       -14.4       9.185
       4.422      -16.54
        7.93       15.22
      -16.17      -5.879
       15.93        -6.6
      -7.304       15.66
      -5.207      -16.52
       15.04       8.687
      -16.99        3.76
       10.01      -14.29
       2.269       17.34
      -13.42      -11.28
       17.55     -0.7483
      -12.47       12.44
      0.7926      -17.63
       11.35       13.57
      -17.57      -2.342
       14.57      -10.17
      -3.886       17.38
      -8.893      -15.47
       17.05       5.415
      -16.26        7.54
       6.915      -16.58
       6.116       16.93
      -15.98      -8.375
       17.48      -4.632
      -9.782       15.26
      -3.098       -17.9
        14.4       11.13
      -18.18       1.528
        12.4      -13.43
    -0.06711       18.32
      -12.35      -13.58
       18.32       1.675
      -14.67       11.16
       3.284      -18.18
       9.877       15.65
      -17.89      -4.881
       16.53      -8.506
      -6.453       17.47
      -7.057      -17.28
       16.91       7.988
       -17.9       5.541
       9.474      -16.21
       3.971       18.39
      -15.38       -10.9
       18.74      -2.357
      -12.25       14.43
     -0.7129      -18.95
       13.35       13.52
      -19.01     -0.9502
