     -0.9898     -0.6602
      0.4015       1.634
      0.9893      -1.808
      -2.252      0.7677
       2.437       1.068
      -1.178      -2.666
      -1.007       2.983
       2.948      -1.624
      -3.469     -0.8417
       2.097       3.124
      0.5917      -3.902
      -3.208       2.587
       4.281      0.2698
      -3.087      -3.208
      0.1134       4.607
       3.128      -3.587
      -4.875       0.549
        4.08       2.972
      -1.029      -5.083
      -2.745       4.559
       5.229      -1.545
      -5.015      -2.449
       2.089        5.31
       2.091      -5.441
      -5.325       2.653
       5.832       1.673
      -3.231      -5.271
        -1.2       6.181
       5.149      -3.813
      -6.482     -0.6779
       4.393       4.959
      0.1122       -6.73
        -4.7       4.962
        6.92     -0.4913
      -5.514      -4.375
       1.126        7.05
       3.986      -6.041
      -7.114       1.786
       6.536       3.534
      -2.463       -7.11
      -3.024       6.993
       7.037      -3.152
      -7.405      -2.458
       3.843       6.893
       1.843      -7.766
      -6.678       4.531
       8.071       1.182
      -5.207      -6.391
     -0.4822       8.315
       6.033      -5.864
      -8.493      0.2515
       6.495       5.606
      -1.012      -8.603
      -5.112       7.093
        8.64      -1.794
      -7.651      -4.554
       2.588       8.602
       3.937      -8.162
      -8.488       3.388
        8.62       3.262
      -4.187      -8.296
      -2.537       9.019
       8.027      -4.976
      -9.353      -1.767
       5.747        7.68
      0.9573      -9.619
      -7.258       6.495
       9.811      0.1144
      -7.209      -6.761
      0.7552       9.926
       6.192      -7.885
      -9.961       1.643
       8.513       5.556
      -2.542      -9.915
      -4.855       9.089
       9.784      -3.445
      -9.604      -4.095
       4.343       9.569
       3.282      -10.05
      -9.269       5.229
       10.43        2.42
      -6.094      -8.885
      -1.518       10.73
       8.419       -6.93
      -10.95     -0.5803
        7.73       7.873
     -0.3847      -11.09
       -7.25       8.486
       11.14      -1.368
       -9.19      -6.554
       2.363        11.1
       5.788      -9.836
      -10.97       3.361
       10.42       4.959
      -4.353      -10.75
      -4.072       10.92
       10.44      -5.332
      -11.35      -3.133
       6.288       10.03
        2.15       -11.7
      -9.538       7.212
       11.96       1.129
      -8.097      -8.958
    -0.07999       12.13
       8.295      -8.935
      -12.21      0.9905
       9.717       7.553
      -2.073      -12.19
      -6.736       10.44
       12.07       -3.16
      -11.09      -5.851
       4.241       11.86
       4.903      -11.66
      -11.54       5.309
       12.15       3.899
      -6.352      -11.13
      -2.845       12.55
       10.62      -7.364
      -12.86      -1.752
       8.334       10.02
      0.6261      -13.07
      -9.331       9.254
       13.19     -0.5235
      -10.12      -8.555
       1.688        13.2
       7.699      -10.91
       -13.1       2.857
       11.64       6.769
      -4.023       -12.9
       -5.77       12.28
        12.6      -5.175
      -12.83      -4.711
       6.304       12.19
       3.597       -13.3
      -11.68       7.401
       13.66       2.439
      -8.455      -11.07
      -1.244       13.92
       10.36      -9.459
      -14.08    -0.02233
        10.4        9.56
      -1.217      -14.13
      -8.675       11.28
       14.06      -2.465
      -12.08      -7.709
        3.71       13.89
       6.669      -12.79
       -13.6       4.944
       13.42       5.562
      -6.155      -13.21
      -4.397       13.94
        12.7      -7.335
      -14.37      -3.182
       8.473       12.09
       1.926      -14.69
      -11.38        9.56
       14.89      0.6387
      -10.59      -10.57
      0.6702       14.99
        9.66      -11.54
      -14.97        1.99
       12.42       8.668
      -3.312      -14.83
      -7.596       13.21
       14.57      -4.623
      -13.91       -6.45
       5.914       14.19
       5.241       -14.5
       -13.7       7.175
          15       3.976
      -8.395       -13.1
      -2.665       15.38
       12.39      -9.564
      -15.64      -1.319
       10.67       11.57
    -0.05397      -15.78
      -10.65       11.71
       15.81      -1.442
      -12.67      -9.642
       2.834       15.71
       8.545      -13.54
      -15.49        4.22
       14.31       7.369
      -5.588      -15.14
      -6.123       14.98
       14.67      -6.928
      -15.54      -4.815
       8.229       14.09
       3.457      -15.99
      -13.38       9.479
       16.31       2.056
      -10.67      -12.57
     -0.6254       16.52
       11.65      -11.79
      -16.59      0.8253
       12.83       10.63
      -2.285      -16.54
      -9.513       13.78
       16.36      -3.741
      -14.63      -8.314
       5.183       16.05
       7.038      -15.38
      -15.62       6.599
       16.01       5.695
      -7.979      -15.05
      -4.294       16.53
       14.37      -9.309
      -16.92      -2.846
       10.58       13.56
       1.363      -17.19
      -12.65       11.78
       17.32      -0.146
       -12.9      -11.62
       1.668       17.33
        10.5      -13.93
      -17.19       3.192
       14.87       9.282
      -4.704      -16.93
      -7.983       15.69
       16.53      -6.194
      -16.41       -6.61
        7.65       15.99
       5.174         -17
      -15.33       9.059
       17.46       3.684
      -10.41      -14.54
      -2.153        17.8
       13.64      -11.69
         -18     -0.5912
        12.9       12.62
     -0.9886      -18.06
      -11.49       14.01
       17.98      -2.576
      -15.03      -10.27
       4.155       17.76
       8.952      -15.94
       -17.4       5.716
       16.73       7.556
      -7.246      -16.91
       -6.09        17.4
       16.28      -8.733
      -17.94      -4.565
       10.16       15.51
       2.991      -18.34
      -14.63       11.53
       18.61       1.382
      -12.82      -13.62
      0.2528       18.74
       12.49      -14.01
      -18.72       1.897
       15.11       11.27
      -3.541      -18.55
      -9.941        16.1
       18.24      -5.169
      -16.98      -8.529
       6.771       17.79
