       -1.19     0.02578
       1.216      -1.163
     -0.1356       2.056
      -1.488      -1.857
       2.629      0.4066
      -2.425       1.617
      0.7513      -3.057
       1.615       2.952
      -3.379      -1.152
       3.446      -1.511
      -1.595        3.61
      -1.318      -3.905
       3.757        2.07
      -4.326        1.05
       2.568      -3.826
      0.7135       4.706
      -3.819       -3.08
       5.038     -0.3175
      -3.596       3.737
      0.1309      -5.319
       3.583        4.11
      -5.546     -0.6247
       4.613      -3.359
      -1.156       5.713
      -3.068      -5.097
       5.818       1.719
      -5.555       2.713
       2.305      -5.859
       2.298       5.981
      -5.833      -2.907
       6.368      -1.826
      -3.517       5.738
      -1.303       -6.71
       5.575       4.129
      -7.001      0.7322
       4.734      -5.344
      0.1206       7.236
      -5.044      -5.325
       7.412      0.5264
      -5.895       4.677
       1.202      -7.523
       4.246       6.436
      -7.567        -1.9
       6.943      -3.753
      -2.613       7.542
      -3.202      -7.407
       7.444       3.334
      -7.823       2.597
       4.056      -7.274
       1.943       8.186
      -7.031      -4.771
       8.489      -1.244
      -5.472       6.715
     -0.5057      -8.729
       6.327       6.151
        -8.9     -0.2641
       6.801      -5.869
       -1.06       8.999
      -5.343      -7.415
       9.024       1.874
      -7.985       4.753
       2.699      -8.971
       4.102       8.506
       -8.84      -3.529
       8.972      -3.395
      -4.355        8.63
      -2.638      -9.375
       8.339       5.169
      -9.712       1.835
       5.964       -7.97
      0.9923       9.976
      -7.523      -6.732
       10.17     -0.1179
      -7.466       7.001
      0.7817      -10.27
       6.406       8.158
       -10.3      -1.699
         8.8      -5.743
      -2.627       10.24
      -5.014      -9.387
        10.1       3.557
      -9.911       4.226
        4.48      -9.871
       3.384       10.37
      -9.554       -5.39
       10.75      -2.493
      -6.277       9.152
      -1.562      -11.05
       8.666       7.134
      -11.27      0.5964
       7.952      -8.098
     -0.3956       11.41
      -7.453      -8.724
       11.45       1.406
      -9.442       6.733
       2.427       -11.4
       5.943        10.1
      -11.26       -3.45
       10.69      -5.089
      -4.467       11.03
      -4.177       -11.2
        10.7       5.467
      -11.64       3.212
       6.444      -10.28
       2.203       11.99
      -9.771      -7.389
       12.25      -1.157
      -8.292       9.172
    -0.08189      -12.42
        8.49       9.146
      -12.49      -1.014
       9.942      -7.727
      -2.121       12.47
      -6.889      -10.67
       12.34       3.231
      -11.33       5.981
       4.335      -12.12
       5.009       11.91
      -11.79      -5.424
       12.41      -3.982
      -6.488       11.37
      -2.906      -12.82
       10.84       7.518
      -13.13       1.788
       8.506      -10.23
      0.6389       13.34
       -9.52      -9.443
       13.45       0.534
      -10.32       8.726
       1.721      -13.46
       7.851       11.13
      -13.36      -2.913
       11.86      -6.899
        -4.1       13.15
      -5.879      -12.51
       12.83       5.273
      -13.07       4.798
       6.422      -12.41
       3.663       13.54
      -11.89      -7.537
       13.91      -2.483
      -8.609       11.27
      -1.266      -14.17
       10.54       9.628
      -14.33     0.02273
       10.59      -9.728
      -1.238       14.37
      -8.825      -11.47
       14.31       2.507
      -12.28        7.84
       3.773      -14.13
       6.781       13.01
      -13.83      -5.027
       13.64      -5.655
      -6.257       13.43
      -4.469      -14.17
       12.91       7.456
       -14.6       3.234
        8.61      -12.29
       1.957       14.92
      -11.56      -9.712
       15.13     -0.6488
      -10.75       10.73
      0.6807      -15.22
       9.809       11.72
       -15.2      -2.021
       12.61        -8.8
      -3.362       15.05
       -7.71      -13.41
       14.79       4.693
      -14.11       6.546
       6.003       -14.4
       5.318       14.72
       -13.9      -7.281
       15.21      -4.034
      -8.518       13.29
      -2.704       -15.6
       12.56       9.702
      -15.86       1.337
       10.82      -11.73
    -0.05474       16.01
       -10.8      -11.87
       16.03       1.462
      -12.84       9.775
       2.873      -15.93
       8.662       13.72
       -15.7      -4.278
        14.5      -7.469
      -5.665       15.35
      -6.205      -15.18
       14.87       7.021
      -15.75       4.879
       8.338      -14.27
       3.502        16.2
      -13.56      -9.603
       16.53      -2.083
      -10.81       12.73
     -0.6335      -16.73
        11.8       11.94
      -16.81     -0.8358
       12.99      -10.76
      -2.313       16.75
      -9.633      -13.95
       16.57       3.789
      -14.81       8.417
       5.248      -16.25
       7.125       15.57
      -15.81      -6.681
       16.21      -5.764
      -8.076       15.23
      -4.346      -16.73
       14.54       9.421
      -17.12        2.88
       10.71      -13.72
       1.379       17.39
      -12.79      -11.92
       17.53      0.1487
      -13.05       11.76
       1.688      -17.53
       10.62        14.1
      -17.39      -3.229
       15.04      -9.388
      -4.758       17.12
      -8.073      -15.87
       16.71       6.264
      -16.59       6.684
       7.736      -16.17
       5.231       17.19
       -15.5       -9.16
       17.66      -3.725
      -10.53        14.7
      -2.176      -17.99
       13.79       11.82
      -18.19      0.5965
       13.04      -12.75
          -1       18.25
      -11.62      -14.16
       18.17       2.603
      -15.19       10.38
       4.199      -17.95
       9.046        16.1
      -17.58      -5.776
        16.9      -7.635
      -7.322       17.08
      -6.153      -17.58
       16.44       8.823
      -18.12       4.612
       10.27      -15.67
       3.021       18.53
      -14.77      -11.65
        18.8      -1.395
      -12.95       13.75
      0.2553      -18.92
       12.62       14.15
       -18.9      -1.916
       15.26      -11.38
