       -1.01      0.6287
      0.4529      -1.621
      0.9317       1.838
      -2.227     -0.8384
       2.469     -0.9908
      -1.261       2.627
     -0.9123      -3.013
       2.895       1.716
      -3.494      0.7319
       2.194      -3.056
      0.4683       3.918
      -3.125      -2.687
       4.288     -0.1347
      -3.187       3.109
      0.2586      -4.601
       3.013       3.684
      -4.855     -0.7025
       4.172      -2.842
      -1.189       5.048
      -2.599      -4.643
       5.178       1.709
      -5.089        2.29
       2.255      -5.242
       1.918       5.504
      -5.238       -2.82
       5.882      -1.488
      -3.395       5.167
      -1.004      -6.215
       5.026       3.974
        -6.5      0.4732
       4.547      -4.818
     -0.1003        6.73
      -4.541      -5.108
       6.901      0.7094
      -5.649       4.199
       1.348      -7.011
       3.793       6.164
      -7.054      -2.009
       6.644      -3.326
      -2.686       7.029
      -2.802      -7.085
       6.935       3.372
      -7.479       2.224
       4.059      -6.769
       1.597        7.82
      -6.532      -4.739
       8.104     -0.9271
      -5.406       6.223
     -0.2196      -8.326
       5.845       6.052
      -8.481     -0.5194
       6.669      -5.398
      -1.283       8.566
      -4.886      -7.251
       8.579       2.065
      -7.791       4.311
       2.858      -8.516
       3.677       8.282
      -8.377      -3.654
       8.718      -2.989
      -4.446        8.16
      -2.252      -9.094
       7.866       5.226
      -9.404       1.471
       5.987      -7.495
      0.6533       9.644
      -7.049       -6.72
        9.81      0.1952
      -7.419        6.53
       1.067      -9.897
        5.94       8.076
      -9.905      -1.956
       8.684      -5.285
      -2.853        9.83
      -4.566      -9.237
        9.67       3.752
      -9.728       3.791
       4.643      -9.427
       2.963       10.15
      -9.099      -5.519
        10.5       -2.09
      -6.371       8.689
      -1.178      -10.78
       8.196       7.193
      -10.97      0.2344
       7.975      -7.625
     -0.7338       11.07
      -6.979      -8.711
       11.09       1.719
      -9.392        6.26
       2.712      -11.02
       5.475       10.01
      -10.86      -3.705
       10.57      -4.628
       -4.69       10.61
      -3.725      -11.05
       10.26       5.658
      -11.45       2.774
       6.601      -9.828
        1.78       11.76
      -9.305       -7.51
       11.99     -0.7521
      -8.376       8.698
      0.3022      -12.13
       8.009       9.192
      -12.17      -1.375
       9.951      -7.243
      -2.457       12.12
      -6.404      -10.64
       11.97       3.539
      -11.27       5.498
       4.613      -11.72
       4.533       11.81
      -11.37       -5.67
       12.27      -3.514
        -6.7       10.92
      -2.449      -12.63
       10.38       7.695
      -12.91       1.346
       8.646      -9.754
      0.2141       13.09
      -9.035      -9.544
       13.16      0.9385
      -10.38       8.232
       2.103      -13.14
       7.351       11.15
         -13      -3.269
       11.84      -6.398
      -4.428       12.77
       -5.38      -12.45
       12.43        5.57
      -12.98       4.303
       6.686      -11.98
       3.176        13.4
      -11.44      -7.766
       13.73      -2.007
        -8.8       10.79
      -0.805      -13.95
       10.06       9.781
      -14.07     -0.4219
        10.7      -9.227
      -1.662       14.08
      -8.315      -11.55
       13.98       2.907
      -12.31       7.324
       4.147      -13.77
       6.262          13
      -13.44      -5.371
       13.58      -5.137
      -6.569       13.01
      -3.956      -14.08
       12.47       7.732
      -14.46       2.728
        8.85      -11.82
       1.463       14.74
      -11.07      -9.914
       14.91     -0.1684
      -10.91       10.23
       1.143      -14.96
       9.291       11.84
       -14.9      -2.462
       12.69      -8.272
      -3.778       14.71
      -7.175      -13.44
       14.41        5.08
       -14.1       6.009
       6.359         -14
       4.781       14.66
      -13.47      -7.604
       15.11      -3.502
      -8.804       12.83
      -2.179      -15.45
       12.08        9.95
      -15.67      0.8245
       11.03      -11.23
      -0.552       15.78
      -10.28      -12.04
       15.76        1.94
      -12.96       9.238
       3.329      -15.61
       8.114        13.8
      -15.35      -4.707
       14.53      -6.915
      -6.063       14.96
      -5.648      -15.17
       14.45       7.388
      -15.69       4.324
       8.669      -13.82
        2.95       16.09
      -13.08      -9.897
       16.37      -1.541
      -11.06       12.23
     -0.1039      -16.53
       11.27       12.15
      -16.56      -1.348
       13.16      -10.22
      -2.805       16.46
      -9.075      -14.07
       16.24       4.255
      -14.88       7.849
       5.687      -15.88
        6.55       15.59
       -15.4      -7.089
       16.18      -5.187
       -8.45       14.79
      -3.771      -16.66
       14.07       9.758
         -17       2.311
          11      -13.22
      0.8196       17.22
      -12.27      -12.17
       17.31      0.6925
      -13.26       11.21
       2.214      -17.26
       10.05       14.26
      -17.08      -3.733
       15.15      -8.808
      -5.236       16.77
      -7.483      -15.94
       16.32       6.713
      -16.61       6.089
       8.151      -15.74
       4.635       17.15
      -15.04      -9.539
       17.57      -3.131
      -10.86       14.21
       -1.59      -17.86
       13.26       12.12
      -18.01     0.02307
       13.29      -12.21
      -1.558       18.02
      -11.05      -14.37
       17.89       3.142
      -15.35       9.788
       4.714      -17.62
       8.444       16.21
      -17.21      -6.263
       16.96      -7.024
      -7.776       16.67
      -5.538      -17.58
       15.99       9.242
      -18.07       3.996
       10.65      -15.19
       2.411       18.43
      -14.26      -11.98
       18.64     -0.7938
      -13.24       13.21
      0.8439      -18.72
       12.05        14.4
      -18.65      -2.487
       15.46      -10.78
      -4.124       18.43
      -9.428      -16.41
       18.07       5.743
      -17.24       7.989
       7.329      -17.57
