      0.1412      -1.181
      -1.276       1.097
        2.06     0.06478
      -1.703      -1.662
      0.1492       2.656
       1.845      -2.256
      -3.116      0.4507
       2.781       1.895
     -0.8179      -3.475
      -1.838       3.283
       3.747      -1.237
      -3.759      -1.692
       1.695       3.941
       1.465      -4.204
      -4.058       2.184
       4.614       1.167
      -2.694        -4.1
     -0.8054       4.983
       4.069      -3.216
      -5.307     -0.3865
       3.742       3.965
    -0.08278       -5.58
      -3.792       4.264
       5.798     -0.5957
      -4.775      -3.549
       1.145       5.958
        3.24      -5.265
      -6.055       1.725
        5.73       2.868
      -2.326      -6.088
      -2.436        6.16
       6.053      -2.943
      -6.551      -1.948
       3.568        5.95
       1.409      -6.897
      -5.778       4.192
        7.19      0.8231
       -4.81      -5.537
     -0.1964       7.428
       5.228      -5.413
      -7.604      0.4653
       5.993       4.852
      -1.156      -7.716
       -4.41       6.545
        7.76      -1.868
      -7.061      -3.907
       2.595       7.733
       3.345      -7.534
      -7.634        3.33
       7.959       2.729
      -4.065      -7.462
      -2.063       8.328
       7.215      -4.793
      -8.638      -1.352
       5.507       6.895
      0.6023      -8.883
      -6.502       6.198
        9.06     -0.1798
       -6.86      -6.038
       0.988       9.163
       5.506      -7.486
      -9.191       1.815
       8.068       4.909
      -2.654      -9.141
      -4.251       8.599
       9.012      -3.496
      -9.075      -3.536
       4.335       8.802
        2.77      -9.487
      -8.512       5.162
       9.833       1.957
       -5.97      -8.142
      -1.106       10.11
       7.694      -6.751
       -10.3     -0.2204
       7.497       7.169
     -0.6901      -10.42
       -6.57       8.201
       10.45      -1.619
      -8.855      -5.902
       2.558        10.4
       5.169      -9.453
      -10.26         3.5
       9.989       4.375
      -4.436      -10.03
      -3.526       10.46
       9.719      -5.358
      -10.85      -2.629
       6.258       9.318
       1.689      -11.16
      -8.833       7.128
       11.39      0.7147
      -7.959      -8.265
      0.2873       11.53
       7.618      -8.744
      -11.58       1.308
       9.474       6.896
       -2.34      -11.54
      -6.103       10.14
       11.41      -3.374
      -10.75      -5.245
       4.402       11.18
       4.328      -11.27
      -10.86       5.415
       11.72       3.358
      -6.404      -10.44
      -2.342       12.08
       9.935      -7.362
      -12.36      -1.288
       8.278       9.338
      0.2051      -12.53
      -8.656       9.145
       12.62     -0.8995
      -9.954      -7.893
       2.017        12.6
       7.054       -10.7
      -12.48       3.137
       11.37       6.144
      -4.252      -12.26
       -5.17       11.96
       11.94      -5.353
      -12.47      -4.138
       6.429       11.52
       3.055      -12.89
      -11.01       7.472
       13.22       1.932
      -8.473      -10.39
     -0.7753       13.44
       9.687      -9.422
      -13.56      0.4057
       10.31       8.895
      -1.602      -13.58
      -8.019       11.13
       13.48      -2.804
      -11.88      -7.068
       4.001       13.29
       6.046      -12.55
      -12.98       5.185
       13.12       4.962
      -6.346      -12.57
      -3.822        13.6
       12.05      -7.474
      -13.98      -2.637
       8.558       11.43
       1.415      -14.26
      -10.71        9.59
       14.42      0.1638
      -10.56      -9.898
       1.105       14.48
       8.997      -11.46
      -14.43       2.383
       12.29       8.013
      -3.659      -14.26
      -6.954       13.03
       13.97      -4.923
      -13.67      -5.825
       6.166       13.57
       4.637      -14.22
      -13.06       7.376
       14.66       3.397
      -8.543      -12.45
      -2.116          15
       11.73      -9.658
      -15.22     -0.8014
       10.71        10.9
     -0.5352      -15.32
      -9.984       11.69
       15.31      -1.884
       -12.6      -8.977
       3.234       15.17
       7.888      -13.41
      -14.92       4.576
       14.13       6.723
      -5.896      -14.55
      -5.493       14.75
       14.05      -7.186
      -15.26      -4.206
       8.435       13.45
       2.872      -15.66
      -12.73       9.632
       15.94       1.501
      -10.77       -11.9
     -0.1022        16.1
       10.98      -11.83
      -16.13       1.312
       12.81       9.955
      -2.732      -16.04
      -8.843       13.71
       15.82      -4.147
      -14.51      -7.651
       5.544       15.48
       6.386       -15.2
      -15.02       6.912
       15.78       5.059
       -8.24      -14.43
      -3.679       16.25
       13.72      -9.519
      -16.59      -2.256
       10.74        12.9
      0.8009      -16.81
      -11.97       11.88
        16.9      -0.675
      -12.95      -10.94
       2.161       16.86
       9.816      -13.92
      -16.68       3.644
        14.8       8.603
      -5.114      -16.38
      -7.312       15.57
       15.95      -6.557
      -16.23      -5.951
       7.964       15.38
       4.531      -16.76
       -14.7       9.322
       17.18       3.062
      -10.62      -13.89
      -1.555       17.46
       12.97      -11.85
      -17.61    -0.02256
          13       11.94
      -1.524      -17.62
       -10.8       14.06
        17.5      -3.072
      -15.01      -9.577
       4.611       17.24
       8.265      -15.86
      -16.85       6.128
        16.6       6.876
      -7.611      -16.32
      -5.422       17.21
       15.66      -9.047
       -17.7      -3.914
       10.43       14.87
       2.361      -18.05
      -13.96       11.74
       18.26      0.7775
      -12.97      -12.94
      0.8256       18.34
        11.8      -14.11
      -18.27       2.436
       15.15       10.57
       -4.04      -18.06
      -9.241       16.08
       17.71      -5.627
       -16.9      -7.832
       7.184       17.22
        6.35      -17.59
       -16.6       8.698
       18.15       4.807
      -10.16      -15.84
      -3.214       18.57
       14.95      -11.55
      -18.86      -1.584
       12.86       13.93
    -0.07077         -19
      -12.81       14.09
