      0.5254       1.068
      0.4719      -1.615
      -1.762       1.068
       2.334      0.4652
      -1.573      -2.146
     -0.3176       2.897
       2.367      -2.076
      -3.365    -0.07282
       2.579       2.468
     -0.2478      -3.754
      -2.468       3.079
       4.073     -0.6301
      -3.569       -2.38
       1.063       4.323
       2.212      -4.043
      -4.505       1.536
       4.493       1.969
       -2.04      -4.617
      -1.659       4.914
        4.66      -2.568
      -5.299      -1.285
        3.11       4.634
      0.8552      -5.642
      -4.537       3.659
       5.937       0.374
      -4.207      -4.371
      0.1525       6.181
       4.137      -4.746
      -6.367      0.7174
       5.268       3.836
      -1.314      -6.493
      -3.471       5.766
       6.555      -1.937
      -6.234      -3.045
       2.577        6.55
        2.56      -6.664
      -6.478       3.228
        7.05       2.022
      -3.883      -6.335
      -1.434       7.387
       6.122      -4.534
      -7.669     -0.8018
       5.174        5.84
       0.131      -7.891
      -5.488       5.795
       8.049     -0.5719
       -6.39       -5.07
       1.301        8.14
       4.586      -6.952
       -8.16       2.049
       7.475       4.041
      -2.809      -8.107
      -3.438       7.951
        7.98      -3.574
      -8.375       -2.78
       4.336       7.777
       2.074       -8.74
      -7.498       5.088
       9.043       1.324
      -5.822      -7.145
     -0.5375       9.277
       6.717      -6.531
       -9.44      0.2801
       7.206       6.219
      -1.122      -9.527
      -5.651       7.842
       9.536       -1.98
      -8.431      -5.018
       2.848       9.464
       4.324      -8.967
      -9.311       3.717
       9.443       3.573
       -4.58      -9.076
      -2.772       9.853
       8.758      -5.429
      -10.19      -1.925
       6.256       8.359
        1.04      -10.46
       -7.88       7.053
       10.64      0.1234
      -7.812      -7.325
      0.8174       10.74
       6.695      -8.525
      -10.76       1.775
       9.187       5.995
      -2.741      -10.69
      -5.228       9.789
       10.53      -3.707
      -10.33      -4.402
       4.665       10.28
       3.522      -10.79
      -9.939       5.608
       11.18       2.593
      -6.525      -9.513
      -1.623       11.48
           9       -7.41
       -11.7     -0.6192
       8.253       8.404
     -0.4104      -11.83
      -7.728       9.047
       11.87      -1.458
      -9.785      -6.976
       2.514       11.81
       6.153      -10.46
      -11.66       3.571
       11.06       5.265
       -4.62      -11.41
      -4.318       11.59
       11.06      -5.653
      -12.03      -3.319
       6.658       10.62
       2.275      -12.38
      -10.09       7.629
       12.65       1.194
      -8.557      -9.465
    -0.08448       12.81
       8.755      -9.433
      -12.88       1.045
       10.25       7.964
      -2.186      -12.85
      -7.097          11
       12.71      -3.328
      -11.67      -6.158
       4.464       12.47
       5.156      -12.26
      -12.13       5.582
       12.77       4.096
      -6.673      -11.69
      -2.988       13.18
       11.15       -7.73
      -13.49      -1.838
       8.741       10.51
      0.6564      -13.71
      -9.778         9.7
       13.81     -0.5484
       -10.6      -8.959
       1.767       13.81
       8.057      -11.42
      -13.71       2.989
       12.17       7.078
      -4.207      -13.49
       -6.03       12.83
       13.16      -5.408
       -13.4      -4.919
       6.583       12.73
       3.754      -13.88
      -12.18       7.723
       14.25       2.544
      -8.819      -11.54
      -1.297       14.51
        10.8       -9.86
      -14.67    -0.02327
       10.84       9.958
      -1.268      -14.71
      -9.031       11.74
       14.64      -2.566
      -12.57      -8.021
       3.861       14.45
       6.935       -13.3
      -14.14       5.141
       13.95       5.782
      -6.398      -13.73
      -4.568       14.49
        13.2       -7.62
      -14.92      -3.304
       8.798       12.55
       1.999      -15.25
      -11.81       9.921
       15.45      0.6626
      -10.98      -10.96
       0.695       15.54
       10.02      -11.97
      -15.51       2.064
       12.87       8.983
      -3.432      -15.36
      -7.868       13.68
       15.09      -4.789
       -14.4      -6.679
       6.124       14.69
       5.425      -15.01
      -14.18       7.427
       15.52       4.114
      -8.686      -13.55
      -2.757        15.9
       12.81      -9.891
      -16.17      -1.363
       11.03       11.96
    -0.05678      -16.31
      -11.01        12.1
       16.33      -1.491
      -13.08       -9.96
       2.928       16.22
       8.823      -13.98
      -15.99       4.358
       14.77       7.607
      -5.769      -15.63
      -6.318       15.46
       15.14       -7.15
      -16.03      -4.968
       8.489       14.53
       3.565      -16.49
       -13.8       9.775
       16.82        2.12
         -11      -12.96
     -0.6436       17.02
          12      -12.15
       -17.1      0.8513
       13.21       10.95
      -2.354      -17.04
      -9.797       14.19
       16.85      -3.853
      -15.06       -8.56
       5.337       16.52
       7.244      -15.83
      -16.07       6.792
       16.48       5.859
       -8.21      -15.49
      -4.416          17
       14.78      -9.576
       -17.4      -2.926
       10.88       13.95
         1.4      -17.67
         -13       12.11
       17.81     -0.1511
      -13.26      -11.94
       1.715        17.8
       10.79      -14.32
      -17.66       3.279
       15.27       9.535
      -4.832      -17.39
      -8.198       16.12
       16.97      -6.361
      -16.85      -6.786
       7.855       16.42
        5.31      -17.45
      -15.74         9.3
       17.92        3.78
      -10.68      -14.93
      -2.208       18.26
       13.99         -12
      -18.46     -0.6054
       13.23       12.94
      -1.015      -18.52
      -11.79       14.37
       18.44      -2.641
      -15.41      -10.53
        4.26       18.21
       9.176      -16.34
      -17.84        5.86
       17.15       7.743
      -7.427      -17.33
      -6.239       17.83
       16.68      -8.949
      -18.38      -4.675
       10.41       15.89
       3.063      -18.79
