       1.187     0.07491
      -1.167      -1.212
     0.05057        2.06
       1.564      -1.794
      -2.644      0.2976
       2.356       1.716
     -0.6243      -3.085
      -1.736       2.883
       3.423      -1.011
      -3.381      -1.652
       1.444       3.672
       1.478      -3.847
       -3.84       1.913
       4.279       1.227
      -2.408      -3.929
     -0.9073       4.672
       3.943      -2.919
      -5.021     -0.5254
       3.439       3.882
     0.08899       -5.32
       -3.75       3.958
       5.567      -0.395
       -4.47      -3.547
      0.9193       5.756
       3.276      -4.966
      -5.884       1.477
       5.438       2.941
      -2.061      -5.949
      -2.543       5.881
       5.948      -2.663
      -6.287      -2.088
       3.277       5.879
       1.579       -6.65
      -5.741       3.895
       6.965       1.021
      -4.509      -5.535
     -0.4195       7.225
        5.26      -5.112
      -7.427      0.2195
       5.697       4.917
       -0.89      -7.566
      -4.508       6.256
       7.639      -1.586
      -6.782      -4.037
       2.299       7.643
       3.506      -7.268
      -7.576       3.024
       7.709       2.918
      -3.752      -7.436
      -2.279       8.099
       7.222      -4.476
      -8.431      -1.593
       5.189       6.936
      0.8664        -8.7
      -6.576       5.884
       8.903      0.1043
      -6.553      -6.145
      0.6864       9.035
       5.645      -7.188
      -9.094       1.499
       7.782       5.079
      -2.327      -9.075
       -4.45        8.33
       8.978      -3.161
      -8.824      -3.763
       3.995       8.802
       3.023      -9.258
      -8.546        4.82
       9.628       2.235
       -5.63      -8.209
      -1.404       9.927
       7.795      -6.416
      -10.15     -0.5384
       7.171       7.303
     -0.3566       -10.3
      -6.738       7.886
       10.36      -1.272
      -8.556      -6.101
       2.201       10.34
       5.398      -9.172
      -10.24       3.136
       9.728       4.632
      -4.069      -10.05
       -3.81       10.22
       9.769      -4.991
      -10.64      -2.936
       5.894       9.403
       2.018      -10.98
      -8.953        6.77
       11.24       1.062
      -7.611       -8.42
    -0.07593       11.41
       7.807      -8.409
       -11.5      0.9321
       9.156       7.117
      -1.954      -11.49
      -6.355       9.845
       11.39      -2.982
      -10.47      -5.526
       4.007        11.2
       4.636      -11.02
      -10.92       5.021
        11.5       3.691
      -6.015      -10.54
      -2.697       11.89
       10.07      -6.979
      -12.19      -1.663
       7.906       9.507
       0.595      -12.41
      -8.861       8.787
       12.53     -0.4965
      -9.615      -8.131
       1.604       12.55
       7.324      -10.38
      -12.47       2.718
       11.08       6.444
      -3.832      -12.29
      -5.498        11.7
       12.01      -4.933
      -12.24      -4.492
       6.013       11.62
       3.433      -12.69
      -11.15       7.064
       13.04       2.329
      -8.076      -10.57
       -1.19        13.3
       9.902      -9.041
      -13.46    -0.02218
        9.95       9.145
      -1.164      -13.52
      -8.304       10.79
       13.46      -2.359
      -11.57      -7.384
       3.554       13.31
       6.392      -12.26
      -13.04       4.739
       12.86       5.335
      -5.904      -12.67
       -4.22       13.38
       12.19       -7.04
      -13.79      -3.056
       8.136       11.61
       1.851      -14.11
      -10.93       9.184
       14.31      0.6146
      -10.17      -10.16
      0.6435       14.41
       9.292       -11.1
       -14.4       1.915
       11.95       8.342
      -3.187      -14.27
      -7.313       12.72
       14.03      -4.452
      -13.39      -6.214
       5.698       13.67
       5.051      -13.98
      -13.21       6.916
       14.46       3.834
      -8.095      -12.63
      -2.572       14.83
       11.95      -9.226
      -15.09      -1.273
        10.3       11.17
    -0.05117      -15.24
      -10.29        11.3
       15.27      -1.392
      -12.23      -9.314
       2.738       15.18
       8.258      -13.08
      -14.97       4.079
       13.83       7.125
      -5.403      -14.64
      -5.922       14.49
       14.19      -6.701
      -15.03      -4.659
       7.961       13.63
       3.346      -15.47
      -12.95       9.174
       15.79       1.992
      -10.33      -12.17
     -0.6057          16
       11.28      -11.42
      -16.08      0.7995
       12.43        10.3
      -2.214      -16.03
      -9.222       13.35
       15.86      -3.626
      -14.18      -8.062
       5.026       15.57
       6.827      -14.91
      -15.15       6.401
       15.53       5.526
      -7.741       -14.6
      -4.168       16.04
       13.94      -9.035
      -16.43      -2.764
       10.27       13.17
       1.323      -16.69
      -12.28       11.44
       16.83     -0.1418
      -12.53      -11.29
        1.62       16.83
        10.2      -13.54
      -16.71       3.101
       14.45       9.022
      -4.572      -16.45
      -7.762       15.26
       16.07      -6.022
      -15.95      -6.429
       7.439       15.55
       5.033      -16.53
      -14.92       8.812
       16.99       3.584
      -10.13      -14.15
      -2.096       17.32
       13.28      -11.38
      -17.52     -0.5755
       12.56       12.29
     -0.9626      -17.58
      -11.19       13.65
       17.51      -2.507
      -14.64         -10
       4.047        17.3
       8.722      -15.53
      -16.96       5.569
        16.3       7.364
      -7.061      -16.48
      -5.937       16.96
       15.87      -8.512
      -17.49      -4.451
       9.909       15.13
       2.918      -17.89
      -14.26       11.24
       18.15       1.348
       -12.5      -13.28
      0.2455       18.28
       12.19      -13.67
      -18.26        1.85
       14.75       10.99
      -3.454      -18.11
      -9.704       15.72
       17.81      -5.045
      -16.57      -8.327
        6.61       17.37
       6.874      -17.31
      -16.79       8.136
       17.92       5.356
      -9.613      -16.08
      -3.784       18.39
       15.24      -11.03
      -18.73       -2.17
       12.37       14.28
      0.5267      -18.92
      -13.19       13.62
       18.97      -1.134
      -14.78         -12
