        1.13     -0.3728
      -1.534     -0.6906
      0.8144       1.893
      0.7832      -2.247
      -2.343       1.261
       2.825       0.715
      -1.729      -2.631
     -0.5371       3.322
         2.8      -2.213
      -3.753     -0.2734
       2.708        2.87
    -0.06101      -4.121
      -2.851       3.206
       4.429     -0.4548
      -3.698      -2.749
      0.8984       4.674
       2.571      -4.178
      -4.855       1.383
       4.638       2.322
      -1.899      -4.971
      -2.005        5.07
       5.019       -2.44
      -5.469      -1.627
       2.997       4.999
       1.191      -5.829
      -4.911       3.563
       6.142      0.7033
      -4.129      -4.753
     -0.1695       6.405
       4.528      -4.687
      -6.612      0.4046
       5.231       4.235
      -1.012       -6.76
      -3.877       5.753
       6.844      -1.647
      -6.246      -3.457
       2.302       6.862
       2.977      -6.703
      -6.811        2.97
       7.118       2.441
      -3.644       -6.69
      -1.854       7.485
       6.499      -4.317
      -7.797      -1.221
       4.981       6.237
      0.5461      -8.051
      -5.904       5.628
       8.242     -0.1635
      -6.252      -5.503
      0.9017       8.365
       5.035      -6.845
      -8.417       1.662
       7.399       4.503
      -2.437      -8.397
      -3.911        7.91
       8.301       -3.22
       -8.37      -3.262
       4.003       8.129
       2.561      -8.773
      -7.881       4.779
       9.114       1.815
       -5.54      -7.555
      -1.027       9.388
       7.155      -6.278
       -9.59     -0.2055
       6.986       6.681
     -0.6434      -9.718
      -6.135       7.657
       9.767      -1.513
      -8.283      -5.522
       2.395       9.735
       4.844      -8.858
      -9.622       3.282
       9.375       4.107
      -4.167      -9.424
      -3.315       9.829
       9.143      -5.041
      -10.21      -2.475
       5.896       8.779
       1.593      -10.52
      -8.334       6.725
       10.75       0.675
      -7.519      -7.809
      0.2709        10.9
       7.207       -8.27
      -10.96       1.237
       8.972       6.532
      -2.217      -10.94
      -5.788       9.618
       10.82        -3.2
       -10.2      -4.979
        4.18       10.62
       4.113      -10.71
      -10.32       5.148
       11.15       3.194
      -6.095      -9.938
       -2.23        11.5
       9.464      -7.012
      -11.77      -1.229
       7.892       8.904
      0.1963      -11.96
      -8.262       8.726
       12.04      -0.858
      -9.507       -7.54
       1.926       12.04
       6.744      -10.23
      -11.94           3
       10.88       5.878
       -4.07      -11.74
      -4.949       11.46
       11.44      -5.127
      -11.95      -3.965
       6.162       11.05
        2.93      -12.36
      -10.56       7.167
       12.68       1.854
      -8.132      -9.975
     -0.7452        12.9
       9.305      -9.049
      -13.03       0.389
        9.91       8.549
      -1.539      -13.05
      -7.713       10.71
       12.97      -2.697
      -11.43      -6.801
       3.851       12.79
       5.821      -12.08
       -12.5       4.994
       12.64        4.78
      -6.115      -12.11
      -3.685       13.11
       11.62      -7.205
      -13.48      -2.544
       8.255       11.03
       1.366      -13.76
      -10.34       9.255
       13.93       0.159
       -10.2      -9.559
       1.067       13.99
       8.692      -11.07
      -13.94       2.303
       11.88       7.745
      -3.537      -13.78
      -6.724        12.6
       13.51      -4.762
      -13.23      -5.636
       5.966       13.13
       4.489      -13.76
      -12.65       7.139
        14.2        3.29
      -8.273      -12.06
       -2.05       14.53
       11.36      -9.356
      -14.74     -0.7775
       10.38       10.57
     -0.5188      -14.85
      -9.681       11.34
       14.84      -1.827
      -12.22      -8.707
       3.137       14.72
       7.653      -13.01
      -14.48        4.44
       13.72       6.527
      -5.723      -14.12
      -5.335       14.32
       13.65      -6.978
      -14.82      -4.087
       8.194       13.07
       2.792      -15.21
      -12.37        9.36
       15.49        1.46
      -10.47      -11.57
    -0.09934       15.65
       10.67      -11.51
      -15.69       1.277
       12.47       9.683
      -2.658       -15.6
      -8.605       13.34
        15.4      -4.035
      -14.12      -7.447
       5.396       15.07
       6.219       -14.8
      -14.62       6.729
       15.37       4.928
      -8.025      -14.05
      -3.585       15.83
       13.37      -9.273
      -16.17      -2.198
       10.46       12.57
      0.7806      -16.38
      -11.67       11.58
       16.47      -0.658
      -12.62      -10.67
       2.107       16.44
       9.575      -13.58
      -16.27       3.554
       14.44       8.394
      -4.988      -15.98
      -7.135       15.19
       15.56      -6.398
      -15.84      -5.809
       7.773       15.02
       4.424      -16.37
      -14.35       9.102
       16.77        2.99
      -10.37      -13.57
      -1.519       17.05
       12.67      -11.57
       -17.2    -0.02309
        12.7       11.66
      -1.488      -17.22
      -10.56       13.73
        17.1      -3.002
      -14.67      -9.362
       4.507       16.85
        8.08      -15.51
      -16.47       5.991
       16.23       6.724
      -7.443      -15.96
      -5.303       16.83
       15.32      -8.849
      -17.31      -3.829
        10.2       14.55
       2.311      -17.66
      -13.66       11.48
       17.87      0.7619
      -12.69      -12.66
      0.8069       17.95
       11.55      -13.81
      -17.89       2.383
       14.83       10.35
      -3.955      -17.69
      -9.049       15.75
       17.35      -5.511
      -16.55       -7.67
       7.036       16.87
        6.22      -17.23
      -16.26        8.52
       17.78        4.71
       -9.95      -15.52
      -3.151        18.2
       14.65      -11.32
      -18.48      -1.554
        12.6       13.66
    -0.06823      -18.62
      -12.56       13.81
       18.62      -1.703
      -14.91      -11.35
       3.339       18.48
       10.04      -15.91
      -18.19       4.961
       16.79       8.643
      -6.558      -17.75
       -7.17       17.55
       17.18      -8.117
      -18.19       -5.63
