     -0.1297       1.183
       1.265      -1.109
       -2.06    -0.04466
       1.719       1.645
     -0.1752      -2.655
      -1.823       2.274
       3.111     -0.4811
        -2.8      -1.867
      0.8518       3.466
       1.806      -3.301
      -3.735       1.273
       3.775       1.655
      -1.734      -3.924
      -1.424       4.218
       4.036      -2.224
      -4.625      -1.122
       2.734       4.073
      0.7567      -4.991
      -4.037       3.256
       5.311      0.3347
      -3.781      -3.929
      0.1375       5.579
        3.75      -4.301
      -5.792      0.6525
       4.809       3.502
      -1.204      -5.946
      -3.189       5.297
       6.038      -1.784
      -5.757      -2.812
       2.386       6.065
       2.376      -6.184
      -6.024       3.002
        6.57       1.884
      -3.626      -5.915
      -1.341        6.91
       5.737      -4.249
      -7.198     -0.7528
       4.864        5.49
      0.1236      -7.429
      -5.175       5.463
       7.599     -0.5397
      -6.041      -4.793
       1.231       7.704
       4.346      -6.588
      -7.741       1.944
       7.099       3.838
      -2.671      -7.707
      -3.271       7.566
       7.601      -3.404
      -7.985      -2.651
       4.138       7.421
       1.981      -8.348
      -7.168       4.863
       8.651       1.267
      -5.574      -6.841
      -0.515       8.889
       6.441      -6.261
      -9.057      0.2688
       6.919       5.971
      -1.078      -9.153
      -5.433       7.539
       9.173      -1.905
      -8.115       -4.83
       2.743       9.115
       4.167       -8.64
      -8.977       3.584
       9.109       3.447
       -4.42      -8.759
      -2.677       9.514
       8.461      -5.245
      -9.851      -1.861
       6.049       8.083
       1.006      -10.12
      -7.627       6.825
        10.3      0.1195
      -7.567      -7.095
      0.7921       10.41
        6.49      -8.265
      -10.43       1.721
       8.913       5.816
       -2.66      -10.37
      -5.077       9.503
       10.22        -3.6
      -10.03      -4.277
       4.534       9.989
       3.424      -10.49
      -9.666       5.453
       10.87       2.522
      -6.349      -9.257
       -1.58       11.18
       8.763      -7.214
       -11.4      -0.603
       8.039       8.187
     -0.3999      -11.53
      -7.532       8.818
       11.57      -1.421
      -9.541      -6.803
       2.452       11.52
       6.004       -10.2
      -11.38       3.485
        10.8        5.14
      -4.511      -11.14
      -4.217       11.32
       10.81      -5.521
      -11.75      -3.243
       6.506       10.38
       2.224      -12.11
      -9.862       7.459
       12.37       1.168
      -8.369      -9.257
    -0.08263       12.54
       8.567      -9.229
      -12.61       1.023
       10.03       7.796
       -2.14      -12.58
      -6.949       10.77
       12.45      -3.259
      -11.43      -6.032
       4.372       12.22
       5.052      -12.02
      -11.89       5.469
       12.51       4.015
      -6.541      -11.46
      -2.929       12.92
       10.93       -7.58
      -13.23      -1.803
       8.574       10.31
       0.644      -13.45
      -9.595       9.517
       13.56     -0.5382
       -10.4      -8.793
       1.734       13.56
        7.91      -11.21
      -13.46       2.935
       11.95       6.951
      -4.131      -13.25
      -5.923        12.6
       12.93      -5.312
      -13.17      -4.833
       6.469        12.5
       3.689      -13.64
      -11.98       7.591
       14.01       2.501
      -8.669      -11.34
      -1.275       14.27
       10.62      -9.695
      -14.43    -0.02288
       10.66       9.795
      -1.247      -14.47
      -8.884       11.55
        14.4      -2.524
      -12.37      -7.892
       3.798       14.22
       6.825      -13.09
      -13.92       5.059
       13.73       5.691
      -6.298      -13.51
      -4.498       14.26
       12.99      -7.503
      -14.69      -3.254
       8.664       12.36
       1.969      -15.02
      -11.63       9.772
       15.22      0.6528
      -10.82       -10.8
      0.6848       15.31
       9.869      -11.79
      -15.29       2.033
       12.68       8.853
      -3.382      -15.14
      -7.755       13.49
       14.87      -4.721
       -14.2      -6.585
       6.038       14.49
       5.349       -14.8
      -13.98       7.323
        15.3       4.057
      -8.566      -13.36
      -2.719       15.68
       12.64      -9.756
      -15.95      -1.345
       10.88        11.8
    -0.05504       -16.1
      -10.86       11.94
       16.12       -1.47
      -12.91      -9.828
       2.889       16.01
       8.708       -13.8
      -15.78       4.301
       14.58       7.508
      -5.695      -15.43
      -6.238       15.26
       14.95      -7.058
      -15.83      -4.905
       8.381       14.35
        3.52      -16.28
      -13.63       9.653
       16.61       2.094
      -10.86       -12.8
     -0.6367       16.81
       11.86         -12
      -16.89        0.84
       13.05       10.82
      -2.326      -16.83
       -9.68       14.02
       16.65      -3.807
      -14.88      -8.458
       5.273       16.33
       7.159      -15.64
      -15.88       6.713
       16.28       5.792
      -8.114      -15.31
      -4.367       16.81
       14.61      -9.465
       -17.2      -2.894
       10.76       13.79
       1.384      -17.47
      -12.85       11.98
       17.61     -0.1494
      -13.11      -11.81
       1.696       17.61
       10.67      -14.16
      -17.47       3.243
       15.11        9.43
      -4.779       -17.2
      -8.109       15.94
       16.79      -6.292
      -16.66      -6.714
        7.77       16.24
       5.254      -17.26
      -15.57         9.2
       17.73       3.741
      -10.57      -14.77
      -2.185       18.07
       13.85      -11.87
      -18.27     -0.5991
       13.09       12.81
      -1.005      -18.33
      -11.66       14.22
       18.25      -2.614
      -15.25      -10.42
       4.217       18.02
       9.084      -16.17
      -17.66         5.8
       16.97       7.666
      -7.351      -17.15
      -6.178       17.65
       16.51       -8.86
       -18.2      -4.629
       10.31       15.74
       3.033       -18.6
      -14.83       11.69
       18.87         1.4
         -13      -13.81
      0.2563          19
       12.67      -14.21
