     -0.4595       1.098
     -0.5693      -1.583
       1.824       0.959
      -2.301      0.6063
       1.439      -2.238
      0.4933       2.872
      -2.489      -1.928
       3.354     -0.2774
      -2.424        2.62
     0.01889      -3.763
       2.651       2.923
      -4.104      -0.381
       3.418      -2.593
     -0.7975        4.38
      -2.454      -3.901
        4.59       1.259
      -4.365       2.239
       1.756      -4.733
       1.955       4.804
      -4.808       -2.28
       5.211      -1.605
      -2.823       4.814
      -1.197      -5.579
       4.751       3.377
      -5.904      0.7345
       3.933      -4.619
       0.224       6.178
      -4.418      -4.485
       6.399      0.3286
      -5.025        4.15
      0.9169      -6.561
       3.816       5.544
      -6.661      -1.534
       6.037      -3.419
      -2.174       6.695
      -2.961      -6.496
       6.662       2.828
      -6.914       2.447
       3.491       -6.56
       1.881       7.286
      -6.387      -4.153
       7.606      -1.267
      -4.809       6.144
      -0.611      -7.869
       5.831        5.45
      -8.069    -0.08104
        6.07      -5.449
     -0.8031       8.204
      -5.001       -6.66
        8.27       1.549
      -7.215       4.488
       2.311      -8.263
       3.915       7.727
      -8.182      -3.082
        8.19      -3.285
      -3.855       8.026
      -2.602      -8.598
       7.794       4.622
      -8.945       1.872
       5.377      -7.486
       1.101       9.227
      -7.102       -6.11
       9.439     -0.2948
      -6.815       6.646
      0.5399      -9.577
       6.118       7.484
      -9.639      -1.396
        8.11      -5.522
      -2.267        9.62
      -4.862      -8.687
        9.52       3.144
      -9.208       4.141
        4.02      -9.337
       3.366       9.666
      -9.072      -4.886
       10.06      -2.542
      -5.736       8.724
      -1.674      -10.37
       8.295        6.56
      -10.61      0.7708
       7.351      -7.786
     -0.1621       10.77
      -7.201      -8.102
       10.85       1.117
      -8.805       6.542
       2.086      -10.84
       5.815       9.453
      -10.73       -3.06
       10.04      -5.023
      -4.032       10.54
      -4.172      -10.56
       10.26       4.993
         -11       3.268
       5.934      -9.892
       2.319       11.36
      -9.434      -6.848
       11.64       -1.33
      -7.726       8.891
       -0.31      -11.83
       8.264        8.56
      -11.94     -0.7331
       9.342      -7.559
      -1.791       11.94
      -6.778      -10.06
       11.85       2.856
      -10.72       5.929
       3.918      -11.67
       5.015        11.3
      -11.39      -4.969
       11.81      -4.045
          -6       11.01
      -3.024      -12.22
       10.53       7.001
      -12.55       1.962
       7.965      -9.968
      0.8641       12.79
      -9.313      -8.882
       12.92      0.2596
      -9.745       8.574
         1.4      -12.96
       7.753       10.54
      -12.89      -2.549
       11.27      -6.858
      -3.696       12.72
      -5.893      -11.93
       12.45       4.833
      -12.49       4.866
        5.95      -12.08
       3.784       12.97
       -11.6      -7.037
       13.36      -2.656
      -8.085       11.02
      -1.489      -13.64
       10.35       9.086
      -13.82      0.2928
       10.03      -9.587
     -0.9234        13.9
      -8.737      -10.91
       13.86        2.15
      -11.72       7.806
       3.378      -13.72
         6.8       12.44
      -13.47      -4.597
       13.08      -5.726
      -5.797        13.1
      -4.592      -13.62
       12.63       6.968
      -14.07       3.406
         8.1      -12.06
       2.177       14.41
      -11.38      -9.184
       14.64     -0.9155
      -10.21        10.6
      0.3704      -14.76
       9.729       11.17
      -14.77      -1.671
       12.06      -8.771
      -2.974       14.66
      -7.732      -12.86
       14.43       4.271
      -13.57        6.62
       5.551      -14.09
       5.442       14.18
      -13.63      -6.803
       14.69      -4.206
      -8.018       13.07
      -2.923       -15.1
       12.39       9.184
      -15.38       1.601
       10.29      -11.61
      0.2517       15.56
      -10.73      -11.33
       15.61       1.116
       -12.3       9.749
       2.491      -15.54
       8.686       13.18
      -15.35      -3.862
       13.97      -7.543
      -5.219       15.04
      -6.328      -14.66
       14.61        6.55
      -15.24        5.05
       7.845      -14.05
       3.719       15.71
      -13.39      -9.093
       16.06      -2.344
      -10.28       12.61
     -0.9356      -16.29
       11.72       11.41
      -16.39     -0.4945
       12.45      -10.74
      -1.936       16.37
      -9.657      -13.42
       16.22       3.377
      -14.28       8.491
       4.807      -15.95
       7.247       15.05
      -15.55      -6.215
        15.7      -5.934
      -7.588       15.02
      -4.561      -16.24
       14.37       8.916
      -16.66       3.139
       10.19       -13.6
       1.678       16.95
      -12.72      -11.39
       17.12     -0.1902
      -12.52       11.73
       1.313      -17.15
       10.64       13.57
      -17.05      -2.821
       14.51       -9.46
      -4.321       16.82
      -8.193      -15.36
       16.45       5.802
      -16.09        6.85
       7.253      -15.96
       5.443        16.7
      -15.33       -8.66
       17.19       -3.98
      -10.01       14.58
      -2.472      -17.55
       13.71        11.3
      -17.78      0.9323
       12.51      -12.73
     -0.6288       17.88
      -11.64      -13.64
       17.83       2.199
      -14.67       10.45
       3.766      -17.65
       9.164       15.59
      -17.33      -5.317
        16.4      -7.798
      -6.842       16.87
      -6.361      -17.09
       16.27       8.325
      -17.66       4.863
       9.757      -15.55
       3.314       18.09
       -14.7      -11.13
       18.39      -1.727
      -12.42       13.72
     -0.1132      -18.55
       12.64       13.63
      -18.56      -1.515
       14.74      -11.44
      -3.145       18.43
      -10.15      -15.75
       18.16       4.764
      -16.64       8.772
       6.359      -17.75
       7.312       17.42
      -17.19      -7.918
       18.06      -5.784
      -9.427        16.5
        -4.2      -18.57
