    -0.01758        1.19
      -1.118      -1.257
        2.05      0.2105
       -1.91        1.42
      0.5021      -2.613
       1.528       2.482
      -3.028     -0.8621
       3.009      -1.507
      -1.274       3.334
      -1.384      -3.499
       3.549       1.725
      -3.951       1.175
       2.206      -3.679
      0.8913       4.362
       -3.73      -2.706
       4.728     -0.5415
      -3.217       3.704
     -0.1337      -5.046
       3.603        3.73
      -5.311     -0.3246
       4.238      -3.431
     -0.8263       5.519
      -3.189      -4.732
       5.667       1.364
      -5.205       2.881
        1.93      -5.752
       2.509        5.65
      -5.771      -2.517
       6.061      -2.079
      -3.117       5.723
      -1.593       -6.43
       5.606       3.724
      -6.753       1.057
       4.329      -5.421
      0.4766       7.023
      -5.168      -4.925
       7.236      0.1431
      -5.505       4.846
      0.7961      -7.388
       4.459       6.061
      -7.474      -1.475
       6.587      -4.009
      -2.175       7.493
      -3.498      -7.075
       7.441       2.886
      -7.519        2.93
       3.603      -7.318
       2.311       7.913
      -7.122      -4.318
       8.251      -1.643
      -5.024       6.853
     -0.9336      -8.529
       6.511       5.713
      -8.741      0.1876
       6.377      -6.099
     -0.5879       8.884
      -5.617       -7.01
       8.955       1.387
      -7.604       5.069
       2.201       -8.95
       4.459       8.153
      -8.867      -3.025
        8.65       -3.79
      -3.849       8.706
      -3.066      -9.089
       8.465       4.666
      -9.465       2.294
        5.47      -8.146
        1.48       9.772
      -7.747      -6.251
       10.01     -0.6284
      -7.002       7.273
      0.2522      -10.16
       6.724       7.716
      -10.24      -1.156
       8.386      -6.105
      -2.073       10.23
      -5.418      -9.004
       10.14       2.998
      -9.563       4.669
       3.922      -9.964
       3.862       10.06
      -9.701      -4.837
       10.48      -3.004
      -5.734       9.351
        -2.1      -10.83
       8.917       6.607
       -11.1       1.159
       7.445        -8.4
      0.1857       11.29
      -7.803      -8.242
       11.38      0.8109
       -8.99        7.13
       1.823      -11.39
       6.384       9.682
      -11.31      -2.841
       10.31      -5.571
      -3.858       11.13
      -4.696      -10.87
       10.86       4.865
      -11.35       3.766
       5.854      -10.49
       2.786       11.75
      -10.04      -6.815
       12.06      -1.765
       -7.74       9.495
     -0.7103      -12.29
       8.864       8.621
      -12.42     -0.3708
       9.449      -8.151
      -1.468       12.45
       -7.36      -10.22
       12.38       2.574
      -10.92       6.496
       3.679      -12.22
       5.564       11.54
      -11.95      -4.774
       12.09      -4.573
       -5.85       11.59
      -3.528      -12.55
       11.12       6.898
      -12.91       2.437
       7.909      -10.56
       1.309       13.18
      -9.911      -8.873
       13.35     -0.1524
      -9.783        9.17
       1.024      -13.42
       8.344       10.63
      -13.38       -2.21
       11.41       -7.44
      -3.398       13.24
      -6.463       -12.1
       12.99       4.578
      -12.72        5.42
       5.738      -12.63
       4.319       13.24
      -12.17      -6.871
       13.67      -3.168
      -7.966       11.61
      -1.975      -13.99
       10.94       9.014
      -14.21      0.7492
       10.01      -10.19
     -0.4993       14.32
      -9.336      -10.93
       14.32       1.761
      -11.79       8.401
       3.028       -14.2
       7.388       12.56
      -13.98      -4.286
       13.25      -6.303
      -5.528       13.64
      -5.155      -13.84
       13.19       6.743
      -14.33        3.95
       7.921      -12.63
       2.699       14.71
      -11.96      -9.052
       14.98      -1.412
      -10.13        11.2
    -0.09706      -15.14
       10.33       11.14
      -15.19      -1.235
       12.07      -9.377
      -2.574       15.11
      -8.336      -12.92
       14.92       3.909
      -13.68       7.217
       5.229      -14.61
       6.029       14.34
      -14.18      -6.524
        14.9      -4.778
      -7.783       13.63
      -3.477      -15.35
       12.97       8.996
      -15.69       2.134
       10.15       -12.2
      0.7586        15.9
      -11.33      -11.24
       15.99      0.6389
      -12.26       10.36
       2.046      -15.97
       9.302       13.19
      -15.81      -3.453
       14.03      -8.157
      -4.848       15.53
      -6.935      -14.77
       15.13        6.22
       -15.4       5.648
       7.559       -14.6
       4.302       15.92
      -13.96      -8.852
       16.31       -2.91
      -10.09        13.2
       -1.48      -16.59
       12.33       11.26
      -16.74     0.02247
       12.36      -11.36
      -1.449       16.76
      -10.28      -13.37
       16.66       2.923
      -14.29       9.119
        4.39      -16.42
       7.872       15.11
      -16.05      -5.837
       15.81      -6.553
      -7.252       15.55
       -5.17      -16.41
       14.93       8.625
      -16.88       3.734
       9.945      -14.19
       2.254       17.22
      -13.32       -11.2
       17.43     -0.7442
      -12.38       12.35
      0.7872      -17.51
       11.27       13.47
      -17.45      -2.326
       14.47       -10.1
       -3.86       17.26
      -8.834      -15.37
       16.93       5.379
      -16.16        7.49
       6.869      -16.47
       6.075       16.82
      -15.88       -8.32
       17.37      -4.602
      -9.719       15.16
      -3.079      -17.78
       14.31       11.05
      -18.06       1.519
       12.32      -13.35
    -0.06668        18.2
      -12.27      -13.49
        18.2       1.665
      -14.58       11.09
       3.263      -18.06
       9.816       15.56
      -17.78       -4.85
       16.42      -8.453
      -6.413       17.36
      -7.014      -17.17
        16.8       7.939
      -17.79       5.509
       9.416      -16.11
       3.948       18.28
      -15.29      -10.83
       18.63      -2.343
      -12.18       14.34
     -0.7087      -18.84
       13.27       13.44
       -18.9     -0.9446
        14.6       -12.1
      -2.604       18.82
      -10.81      -15.67
