      -1.041      0.5762
      0.5351      -1.595
      0.8366       1.883
      -2.181      -0.951
       2.517     -0.8633
      -1.394       2.559
     -0.7572      -3.056
       2.803       1.862
      -3.526      0.5524
       2.348       -2.94
      0.2675       3.937
      -2.984      -2.844
       4.289     0.08458
      -3.341       2.942
      0.4933      -4.582
       2.821       3.833
      -4.813     -0.9496
       4.312      -2.625
      -1.445       4.981
      -2.359       -4.77
       5.084       1.971
        -5.2       2.027
        2.52       -5.12
       1.634       5.595
      -5.087      -3.084
        5.95      -1.185
      -3.655       4.986
     -0.6854      -6.259
       4.817       4.225
      -6.515      0.1404
       4.787      -4.579
     -0.4438       6.716
      -4.275      -5.333
       6.856       1.061
      -5.857       3.905
       1.704      -6.933
       3.473       6.349
      -6.942      -2.367
       6.806      -2.982
      -3.042       6.883
      -2.436      -7.219
       6.753       3.722
      -7.582       1.839
       4.399      -6.553
       1.196       7.892
      -6.281      -5.067
       8.141      -0.512
      -5.717       5.939
      0.2059      -8.326
       5.528       6.342
      -8.444     -0.9519
       6.936       -5.05
      -1.719        8.49
      -4.509      -7.491
       8.462       2.501
      -8.001       3.907
       3.289      -8.359
       3.249       8.459
      -8.179      -4.078
        8.86       -2.54
      -4.857       7.922
      -1.784      -9.197
       7.589       5.621
      -9.467      0.9889
       6.362       -7.18
      0.1599       9.665
      -6.697      -7.072
       9.787       0.696
      -7.743       6.142
       1.572       -9.83
        5.52       8.369
      -9.792       -2.46
       8.943      -4.834
      -3.352       9.671
      -4.088      -9.459
       9.466       4.241
      -9.909       3.288
       5.118      -9.177
       2.441       10.29
      -8.806      -5.976
        10.6      -1.551
      -6.807       8.352
     -0.6263      -10.82
       7.818       7.602
      -10.96     -0.3261
       8.354      -7.208
      -1.299       11.02
      -6.525      -9.056
       10.99       2.284
        -9.7       5.773
       3.272      -10.87
       4.956       10.28
      -10.66      -4.255
       10.79      -4.082
      -5.226       10.35
      -3.156      -11.22
       9.959       6.175
      -11.57       2.185
       7.094      -9.478
       1.177       11.84
       -8.91      -7.975
       12.02     -0.1379
      -8.809       8.259
       0.922       -12.1
       7.529       9.589
      -12.09      -1.995
       10.31      -6.725
      -3.073       11.98
      -5.852      -10.96
       11.77       4.146
      -11.53       4.916
       5.206      -11.47
       3.924       12.02
      -11.06      -6.243
       12.43      -2.883
      -7.249       10.57
      -1.799      -12.74
       9.978       8.215
      -12.96      0.6842
       9.133      -9.299
     -0.4553       13.08
      -8.535      -9.993
        13.1        1.61
      -10.79       7.691
       2.771      -13.01
       6.772       11.51
      -12.82      -3.929
       12.15      -5.785
      -5.075       12.52
      -4.737      -12.71
       12.13       6.198
      -13.18       3.635
       7.289      -11.63
       2.487       13.55
      -11.03       -8.34
       13.81      -1.302
       -9.34       10.33
    -0.09043      -13.98
       9.543       10.28
      -14.03       -1.14
       11.16      -8.669
      -2.379       13.98
      -7.714      -11.96
       13.81       3.617
      -12.67       6.686
       4.844      -13.54
        5.59        13.3
      -13.15       -6.05
       13.83      -4.435
      -7.225       12.66
      -3.231      -14.26
       12.05       8.359
      -14.58       1.985
       9.442      -11.35
      0.7069        14.8
      -10.55      -10.47
        14.9      0.5932
      -11.42       9.656
       1.905      -14.88
       8.675        12.3
      -14.75      -3.219
       13.09      -7.613
      -4.524        14.5
      -6.479      -13.79
       14.14        5.81
      -14.39        5.28
       7.066      -13.66
       4.025       14.89
      -13.06      -8.282
       15.27      -2.725
      -9.448       12.36
      -1.387      -15.54
       11.56       10.55
      -15.69     0.02298
       11.59      -10.65
      -1.357       15.73
       -9.65      -12.55
       15.64       2.742
      -13.42       8.564
       4.122      -15.42
       7.398        14.2
      -15.09      -5.484
       14.87      -6.162
      -6.819       14.63
      -4.865      -15.43
       14.05       8.116
      -15.89       3.516
       9.364      -13.36
       2.125       16.22
      -12.56      -10.55
       16.43     -0.7024
      -11.67       11.65
      0.7404      -16.51
       10.64       12.71
      -16.47      -2.193
       13.66      -9.533
      -3.643        16.3
      -8.343      -14.52
          16       5.079
      -15.27       7.078
       6.491      -15.57
       5.745        15.9
      -15.02      -7.866
       16.43      -4.354
      -9.194       14.34
      -2.915      -16.83
       13.55       10.46
       -17.1        1.44
       11.66      -12.64
    -0.06106       17.24
      -11.63      -12.79
       17.25       1.576
      -13.82       10.52
       3.092      -17.13
       9.312       14.75
      -16.87        -4.6
       15.58      -8.022
      -6.086       16.48
       -6.66       -16.3
       15.96       7.538
       -16.9       5.233
       8.944      -15.31
       3.753       17.37
      -14.53      -10.29
       17.71       -2.23
      -11.58       13.64
     -0.6761      -17.91
       12.63       12.78
      -17.98     -0.8965
        13.9      -11.51
      -2.476       17.91
       -10.3      -14.91
        17.7       4.051
      -15.82       8.991
       5.607      -17.36
       7.605       16.62
      -16.87      -7.133
        17.3      -6.149
      -8.617       16.25
      -4.633      -17.84
        15.5       10.05
      -18.25       3.068
       11.41      -14.62
       1.467       18.53
      -13.62       -12.7
       18.66      0.1595
       -13.9       12.51
       1.799      -18.65
       11.29          15
       -18.5      -3.436
       15.99       -9.98
       -5.06        18.2
      -8.578      -16.87
       17.76       6.658
      -17.62       7.098
       8.217      -17.17
