     -0.4026        1.12
       1.489      -0.783
      -1.993      -0.525
       1.287       2.001
      0.4503      -2.622
      -2.304       1.785
       3.137      0.2595
      -2.286       -2.47
     0.01792       3.569
       2.528      -2.787
      -3.929      0.3648
       3.284       2.491
     -0.7685      -4.221
       -2.37       3.768
       4.444      -1.219
      -4.235      -2.172
       1.706         4.6
       1.902      -4.676
      -4.686       2.222
       5.085       1.567
      -2.758      -4.704
      -1.171       5.457
       4.651      -3.305
      -5.784     -0.7197
       3.857       4.529
      0.2198      -6.063
      -4.339       4.405
       6.288     -0.3229
       -4.94       -4.08
      0.9019       6.454
       3.756      -5.457
      -6.559       1.511
       5.948       3.368
      -2.143      -6.599
       -2.92       6.405
       6.571       -2.79
      -6.823      -2.415
       3.446       6.475
       1.857      -7.195
      -6.309       4.102
       7.515       1.252
      -4.753      -6.072
      -0.604       7.779
       5.766      -5.389
      -7.981     0.08015
       6.005       5.391
     -0.7948      -8.118
       -4.95       6.592
       8.186      -1.533
      -7.144      -4.444
       2.288       8.183
       3.878      -7.654
      -8.106       3.053
       8.115       3.254
       -3.82      -7.954
      -2.579       8.522
       7.726      -4.582
      -8.869      -1.856
       5.332       7.423
       1.092      -9.151
      -7.045        6.06
       9.364      0.2923
      -6.761      -6.593
      0.5359       9.504
       6.071      -7.427
      -9.566       1.386
        8.05       5.481
       -2.25       -9.55
      -4.827       8.625
       9.453      -3.122
      -9.143      -4.112
       3.992       9.273
       3.343        -9.6
      -9.011       4.854
        9.99       2.525
      -5.698      -8.667
      -1.664       10.31
       8.242      -6.519
      -10.55     -0.7658
       7.306       7.738
     -0.1615      -10.71
      -7.157       8.053
       10.78       -1.11
      -8.753      -6.504
       2.073       10.77
       5.781      -9.398
      -10.67       3.042
       9.982       4.994
      -4.009      -10.48
      -4.149        10.5
       10.21      -4.966
      -10.94      -3.251
       5.903        9.84
       2.306       -11.3
      -9.385       6.813
       11.58       1.323
      -7.687      -8.845
     -0.3084       11.77
       8.223      -8.517
      -11.88      0.7295
       9.296       7.521
      -1.783      -11.88
      -6.746       10.02
        11.8      -2.842
      -10.67      -5.901
       3.899       11.61
       4.992      -11.25
      -11.33       4.947
       11.75       4.026
      -5.973      -10.96
      -3.011       12.17
       10.49       -6.97
       -12.5      -1.952
        7.93       9.925
        0.86      -12.73
      -9.274       8.844
       12.87     -0.2585
      -9.704      -8.537
       1.394        12.9
       7.721       -10.5
      -12.84       2.538
       11.23        6.83
      -3.681      -12.67
      -5.869       11.88
        12.4      -4.814
      -12.45      -4.846
       5.927       12.03
       3.769      -12.92
      -11.55        7.01
       13.31       2.645
      -8.055      -10.98
      -1.483       13.59
       10.31      -9.053
      -13.77     -0.2917
       9.994       9.552
     -0.9201      -13.85
      -8.706       10.87
       13.81      -2.143
      -11.67      -7.778
       3.367       13.67
       6.775       -12.4
      -13.42       4.581
       13.03       5.705
      -5.777      -13.06
      -4.576       13.58
       12.59      -6.944
      -14.02      -3.394
       8.073       12.01
        2.17      -14.36
      -11.34       9.154
       14.59      0.9124
      -10.18      -10.56
      0.3692       14.71
       9.698      -11.13
      -14.72       1.665
       12.02       8.743
      -2.965      -14.61
      -7.707       12.82
       14.39      -4.258
      -13.53      -6.599
       5.534       14.05
       5.424      -14.14
      -13.59       6.783
       14.65       4.193
      -7.993      -13.03
      -2.914       15.05
       12.35      -9.157
      -15.34      -1.597
       10.26       11.57
      0.2509      -15.51
      -10.69        11.3
       15.56      -1.114
      -12.26      -9.721
       2.484        15.5
       8.661      -13.14
      -15.31       3.852
       13.93       7.521
      -5.205         -15
       -6.31       14.61
       14.57      -6.532
      -15.19      -5.036
       7.824       14.02
       3.709      -15.66
      -13.35       9.068
       16.01       2.338
      -10.26      -12.57
     -0.9341       16.24
       11.69      -11.38
      -16.35      0.4932
       12.42       10.71
      -1.931      -16.33
      -9.632       13.38
       16.18      -3.369
      -14.24      -8.469
       4.795       15.91
       7.228      -15.01
      -15.51       6.199
       15.66       5.919
      -7.569      -14.98
       -4.55        16.2
       14.33      -8.894
      -16.62      -3.131
       10.16       13.57
       1.674      -16.91
      -12.69       11.37
       17.08      0.1897
      -12.49       -11.7
        1.31       17.11
       10.62      -13.53
      -17.01       2.814
       14.48       9.438
      -4.311      -16.78
      -8.174       15.32
       16.41      -5.789
      -16.05      -6.835
       7.236       15.92
        5.43      -16.66
       -15.3        8.64
       17.15        3.97
       -9.99      -14.55
      -2.467       17.52
       13.68      -11.27
      -17.74     -0.9302
       12.48        12.7
     -0.6274      -17.84
      -11.61       13.61
       17.79      -2.194
      -14.63      -10.42
       3.758       17.61
       9.144      -15.56
      -17.29       5.306
       16.37       7.782
      -6.827      -16.83
      -6.348       17.06
       16.24      -8.308
      -17.62      -4.853
       9.737       15.51
       3.308      -18.06
      -14.67        11.1
       18.35       1.724
      -12.39       -13.7
      -0.113       18.51
       12.61       -13.6
      -18.52       1.512
       14.71       11.42
      -3.138       -18.4
      -10.13       15.72
       18.12      -4.755
      -16.61      -8.754
       6.347       17.71
       7.298      -17.38
      -17.16       7.902
       18.02       5.773
      -9.409      -16.46
      -4.192       18.53
       15.64      -10.85
