       1.162      0.2554
     -0.9678      -1.376
     -0.2647       2.044
        1.82      -1.534
      -2.658     -0.1097
       2.066       2.056
     -0.1456      -3.145
      -2.156       2.584
       3.538     -0.4763
      -3.089      -2.149
      0.8665        3.85
       2.049      -3.576
      -4.087       1.304
       4.042       1.867
       -1.78      -4.251
       -1.61       4.479
       4.342      -2.283
      -4.881      -1.286
       2.806       4.362
      0.9006      -5.244
       -4.31       3.339
       5.562        0.46
      -3.876      -4.188
     0.02927       5.829
       3.997      -4.407
      -6.041      0.5608
       4.925       3.737
      -1.128      -6.194
      -3.412       5.424
       6.285      -1.724
      -5.894      -3.024
       2.341       6.311
       2.576      -6.331
      -6.269       2.972
       6.727       2.073
      -3.611      -6.158
      -1.518       7.076
       5.979      -4.249
      -7.374     -0.9174
       4.879       5.729
      0.2761      -7.614
      -5.411       5.493
       7.792     -0.4001
      -6.085      -5.026
       1.105       7.905
       4.575      -6.648
      -7.949       1.831
       7.173       4.062
      -2.572      -7.922
       -3.49       7.656
       7.821      -3.321
      -8.088      -2.862
       4.069       7.647
       2.185      -8.466
      -7.397        4.81
       8.783       1.463
      -5.537      -7.074
     -0.7017       9.034
       6.677      -6.241
      -9.216     0.09255
       6.915       6.208
     -0.9129      -9.324
       -5.67       7.552
       9.356      -1.752
      -8.145      -5.067
       2.603       9.309
       4.402      -8.688
      -9.182       3.458
       9.173       3.679
       -4.31      -8.973
      -2.904       9.596
       8.684       -5.15
       -9.95      -2.083
       5.971       8.313
       1.221      -10.23
      -7.863       6.764
       10.44      0.3259
      -7.523      -7.337
      0.5954       10.56
       6.735      -8.239
       -10.6       1.535
       8.906       6.064
      -2.486      -10.55
      -5.326       9.516
       10.42       -3.44
      -10.06      -4.526
       4.388       10.19
       3.671      -10.54
      -9.883       5.323
       10.94       2.766
      -6.235      -9.484
      -1.819       11.27
           9      -7.118
      -11.51     -0.8353
       7.962       8.432
     -0.1758      -11.66
      -7.785       8.759
       11.72      -1.207
      -9.503      -7.061
       2.249       11.68
       6.265      -10.18
      -11.56       3.294
        10.8       5.403
      -4.334      -11.33
      -4.482       11.34
       11.02      -5.359
       -11.8      -3.506
       6.361        10.6
       2.483      -12.17
       -10.1       7.331
       12.45       1.423
       -8.26      -9.504
     -0.3312       12.64
       8.824       -9.14
      -12.74      0.7823
       9.962       8.061
      -1.909      -12.73
       -7.22       10.72
       12.62       -3.04
      -11.41      -6.308
       4.166       12.41
       5.331      -12.01
      -12.09       5.278
       12.53       4.294
      -6.367      -11.68
      -3.208       12.96
       11.17      -7.423
       -13.3      -2.078
       8.436       10.56
      0.9144      -13.54
      -9.855       9.399
       13.67     -0.2745
       -10.3      -9.064
       1.479       13.69
       8.189      -11.14
      -13.61       2.691
        11.9       7.237
      -3.899      -13.42
      -6.214       12.58
       13.12      -5.095
      -13.17      -5.127
       6.267       12.72
       3.984      -13.66
      -12.21       7.406
       14.05       2.794
      -8.504      -11.59
      -1.565       14.34
       10.88      -9.549
      -14.52     -0.3076
       10.53       10.07
     -0.9695      -14.59
       -9.17       11.45
       14.54      -2.256
      -12.29      -8.187
       3.542       14.38
       7.126      -13.04
      -14.11       4.817
        13.7       5.997
      -6.071      -13.72
      -4.807       14.26
       13.22      -7.292
      -14.72      -3.563
       8.472       12.61
       2.277      -15.07
      -11.89         9.6
        15.3      0.9567
      -10.67      -11.07
      0.3869       15.42
       10.16      -11.66
      -15.42       1.744
       12.58       9.154
      -3.104      -15.29
      -8.065       13.41
       15.05      -4.454
      -14.15      -6.901
       5.786       14.69
        5.67      -14.78
       -14.2       7.088
        15.3       4.381
      -8.349      -13.61
      -3.043       15.72
       12.89      -9.559
      -16.01      -1.666
       10.71       12.08
      0.2618      -16.18
      -11.15       11.79
       16.23       -1.16
      -12.79      -10.13
       2.589       16.15
       9.025      -13.69
      -15.95       4.012
       14.51       7.834
      -5.419      -15.62
      -6.569       15.21
       15.16      -6.799
      -15.81      -5.241
        8.14       14.58
       3.858      -16.29
      -13.88       9.431
       16.65       2.431
      -10.66      -13.07
     -0.9709       16.88
       12.15      -11.82
      -16.99      0.5124
        12.9       11.12
      -2.005      -16.96
         -10       13.89
        16.8      -3.497
      -14.79      -8.791
       4.976       16.51
         7.5      -15.57
      -16.09       6.431
       16.24       6.139
      -7.849      -15.54
      -4.717        16.8
       14.86      -9.221
      -17.22      -3.244
       10.53       14.06
       1.734      -17.52
      -13.14       11.78
       17.69      0.1965
      -12.94      -12.12
       1.357       17.72
       10.99      -14.01
      -17.61       2.913
       14.98       9.768
      -4.461      -17.36
      -8.457       15.85
       16.98      -5.988
       -16.6       -7.07
       7.482       16.46
       5.616      -17.23
      -15.81       8.932
       17.73       4.104
      -10.32      -15.04
      -2.549        18.1
       14.14      -11.65
      -18.33      -0.961
       12.89       13.12
      -0.648      -18.42
      -11.99       14.05
       18.37      -2.265
      -15.11      -10.76
       3.879       18.18
       9.437      -16.06
      -17.84       5.475
       16.89        8.03
      -7.044      -17.36
      -6.548        17.6
       16.75      -8.569
      -18.17      -5.005
       10.04          16
        3.41      -18.62
      -15.12       11.45
       18.92       1.777
      -12.77      -14.12
