       1.165      0.2416
      -1.446       0.861
      0.5933      -1.974
       1.034       2.143
      -2.471     -0.9858
       2.726      -1.032
      -1.418       2.811
     -0.9121      -3.239
       3.034        1.88
      -3.697      0.6992
       2.364       -3.16
      0.4089       4.101
      -3.197       -2.86
       4.452    -0.05272
      -3.361       3.153
      0.3599      -4.746
       3.031       3.858
      -4.981     -0.8203
       4.343      -2.835
       -1.32       5.155
       -2.57      -4.809
       5.264       1.852
      -5.248        2.24
       2.408      -5.308
       1.847       5.655
      -5.285       -2.98
       6.022      -1.399
       -3.56       5.193
     -0.8982      -6.344
       5.032       4.141
      -6.615      0.3517
       4.715      -4.804
     -0.2353       6.831
      -4.508      -5.274
       6.987      0.8564
      -5.812       4.146
       1.505      -7.079
       3.721        6.32
      -7.105      -2.175
       6.794      -3.236
      -2.858       7.062
      -2.695      -7.225
       6.948       3.549
      -7.608       2.101
       4.238      -6.764
        1.46       7.937
      -6.507      -4.919
       8.207     -0.7768
      -5.584        6.18
    -0.05751      -8.413
       5.782       6.226
      -8.552     -0.6917
       6.838      -5.317
      -1.464        8.62
      -4.786      -7.413
       8.614       2.253
      -7.944       4.194
        3.05      -8.533
       3.544       8.424
      -8.374       -3.85
       8.848      -2.841
      -4.643       8.138
       -2.09       -9.21
       7.824       5.422
      -9.505       1.297
       6.179      -7.433
      0.4683       9.728
      -6.968      -6.908
       9.876      0.3897
        -7.6       6.429
        1.27      -9.945
       5.822       8.249
      -9.933      -2.164
       8.846      -5.148
      -3.066       9.838
      -4.414      -9.387
       9.658       3.966
      -9.864       3.623
       4.857      -9.394
       2.782       10.27
      -9.046      -5.731
       10.61      -1.896
       -6.58       8.615
     -0.9733      -10.86
       8.102       7.395
      -11.03      0.0202
        8.17      -7.511
     -0.9555       11.12
      -6.845      -8.896
       11.12       1.946
      -9.566       6.109
       2.943      -11.03
       5.307       10.17
      -10.84      -3.938
       10.71      -4.444
      -4.922       10.57
      -3.527      -11.18
        10.2       5.888
      -11.56       2.562
       6.826      -9.746
       1.558       11.86
      -9.202      -7.728
       12.06     -0.5202
      -8.586       8.574
      0.5417      -12.18
       7.865       9.392
       -12.2       -1.62
       10.14      -7.079
      -2.706       12.12
      -6.223      -10.82
       11.95        3.79
      -11.42       5.301
       4.863      -11.68
        4.32       11.95
       -11.3      -5.917
       12.39      -3.287
      -6.943       10.84
      -2.211      -12.73
       10.27       7.931
      -12.99       1.098
       8.872      -9.622
    -0.04173       13.14
      -8.882      -9.759
       13.19       1.201
      -10.58        8.06
       2.369      -13.14
        7.16       11.34
      -12.99      -3.537
       12.01       -6.19
      -4.695       12.73
      -5.155       -12.6
       12.36       5.834
      -13.11       4.064
       6.945      -11.89
       2.925       13.51
      -11.32      -8.018
       13.82      -1.745
      -9.043       10.66
     -0.5342      -14.02
       9.898       10.01
      -14.11     -0.6992
       10.92      -9.048
      -1.944       14.09
      -8.116      -11.75
       13.97       3.191
       -12.5       7.107
        4.43      -13.73
       6.028       13.16
      -13.38      -5.652
       13.73      -4.887
      -6.846       12.92
      -3.692       -14.2
       12.35       8.001
      -14.56       2.453
        9.11      -11.68
       1.177       14.81
      -10.91      -10.16
       14.96      0.1233
      -11.15       10.04
       1.439      -14.98
       9.087       12.06
      -14.89      -2.761
       12.88      -8.047
      -4.077       14.68
      -6.932      -13.62
       14.36       5.378
      -14.26       5.749
       6.652      -13.91
       4.507        14.8
      -13.36       -7.89
       15.22      -3.215
       -9.08       12.69
      -1.882      -15.54
       11.92       10.21
      -15.73      0.5197
       11.28      -11.04
     -0.8625       15.81
      -10.07      -12.27
       15.76       2.254
      -13.18       9.008
       3.644      -15.59
       7.865       13.99
      -15.29       -5.02
       14.71      -6.647
      -6.372       14.88
      -5.365      -15.31
       14.34        7.69
      -15.81       4.026
       8.962      -13.68
       2.643       16.19
      -12.92      -10.18
       16.44      -1.224
      -11.33       12.04
      0.2195      -16.57
       11.06        12.4
      -16.57      -1.676
       13.39      -9.984
      -3.135       16.45
       -8.82      -14.28
       16.19       4.584
      -15.07       7.576
       6.012      -15.81
        6.26       15.75
      -15.29      -7.407
       16.32      -4.882
      -8.759       14.66
      -3.453      -16.77
       13.91       10.06
      -17.09       1.982
       11.29      -13.04
      0.4852       17.28
      -12.06      -12.44
       17.33       1.034
      -13.51       10.97
       2.555      -17.26
       9.794       14.49
      -17.05      -4.075
       15.36      -8.531
      -5.575        16.7
      -7.186      -16.12
       16.22       7.046
      -16.76       5.777
       8.476      -15.62
       4.307       17.28
      -14.88      -9.852
       17.67      -2.795
      -11.17       14.03
      -1.243      -17.92
       13.05        12.4
      -18.04     -0.3283
       13.56      -11.97
      -1.915       18.02
      -10.79      -14.61
       17.86       3.498
      -15.57       9.505
       5.068      -17.56
       8.144       16.41
      -17.12      -6.611
       17.13      -6.705
      -8.117       16.55
      -5.205      -17.72
       15.84       9.572
      -18.19       3.649
       10.97      -15.01
       2.056       18.51
      -14.05      -12.29
       18.69     -0.4291
      -13.52       12.97
       1.212      -18.74
       11.79       14.66
      -18.63      -2.857
        15.7       -10.5
      -4.492       18.38
      -9.123      -16.62
       17.99       6.106
      -17.43       7.667
