     -0.7146      0.9513
       1.654     -0.3095
       -1.75      -1.089
      0.6405       2.292
       1.203      -2.373
      -2.728       1.027
       2.922       1.172
      -1.457      -3.034
      -1.034       3.416
       3.237      -1.919
      -3.862      -0.809
       2.404       3.348
      0.5091       -4.26
      -3.376       2.903
       4.606      0.1446
      -3.407      -3.323
      0.2753       4.898
       3.196      -3.908
      -5.133      0.7427
       4.398       2.995
       -1.25      -5.307
      -2.726        4.87
       5.419      -1.788
      -5.316      -2.392
       2.351       5.465
       1.996      -5.729
      -5.444       2.931
       6.104       1.544
      -3.519      -5.355
       -1.04       6.433
       5.197      -4.108
      -6.713     -0.4886
       4.692       4.971
     -0.1033      -6.937
      -4.677       5.261
       7.102       -0.73
      -5.809      -4.317
       1.385       7.203
       3.894      -6.328
      -7.237       2.062
       6.813        3.41
      -2.753      -7.203
      -2.869       7.256
       7.098      -3.451
      -7.651      -2.275
        4.15       6.921
       1.632      -7.992
      -6.672       4.841
       8.275      0.9467
      -5.518      -6.351
      -0.224       8.494
        5.96      -6.172
      -8.646      0.5295
       6.796       5.501
      -1.307      -8.727
      -4.975       7.384
       8.733      -2.102
      -7.929      -4.387
       2.908       8.664
        3.74      -8.424
      -8.518       3.716
       8.862       3.038
      -4.519      -8.293
      -2.288        9.24
        7.99      -5.309
       -9.55      -1.494
       6.078        7.61
      0.6631      -9.789
      -7.153        6.82
       9.953     -0.1981
      -7.526      -6.624
       1.083       10.04
       6.024      -8.189
      -10.04       1.983
       8.803       5.356
      -2.892      -9.961
      -4.627        9.36
       9.797      -3.801
      -9.854      -3.839
       4.702       9.547
           3      -10.28
      -9.212       5.587
       10.63       2.116
      -6.449      -8.794
      -1.192        10.9
       8.293      -7.278
       -11.1     -0.2371
       8.067       7.714
     -0.7422       -11.2
      -7.058       8.809
       11.22      -1.738
      -9.496      -6.329
       2.742       11.14
       5.534      -10.12
      -10.98       3.745
       10.68       4.677
       -4.74      -10.72
      -3.764       11.16
       10.37      -5.716
      -11.56      -2.802
       6.667       9.926
       1.798      -11.88
      -9.397       7.584
       12.11      0.7595
      -8.457      -8.782
      0.3051       12.25
       8.085       -9.28
      -12.29       1.388
       10.04        7.31
       -2.48      -12.23
      -6.462       10.74
       12.07      -3.571
      -11.37      -5.548
       4.654       11.82
       4.572      -11.91
      -11.47        5.72
       12.37       3.544
      -6.758      -11.02
       -2.47       12.74
       10.47       -7.76
      -13.02      -1.357
       8.718       9.834
      0.2159      -13.19
      -9.108       9.622
       13.27     -0.9469
      -10.47      -8.298
        2.12       13.24
       7.409      -11.24
      -13.11       3.295
       11.94       6.448
      -4.462      -12.87
      -5.421       12.55
       12.52      -5.613
      -13.07      -4.336
       6.736       12.07
         3.2       -13.5
      -11.52       7.823
       13.83       2.022
      -8.864      -10.87
       -0.81       14.05
       10.13      -9.852
      -14.17      0.4249
       10.77       9.292
      -1.674      -14.18
      -8.373       11.63
       14.08      -2.927
       -12.4      -7.375
       4.175       13.86
       6.305      -13.08
      -13.53       5.407
       13.68       5.171
      -6.613      -13.09
      -3.982       14.17
       12.55      -7.783
      -14.56      -2.746
       8.908       11.89
       1.471      -14.84
      -11.14       9.977
          15      0.1694
      -10.98      -10.29
        1.15       15.05
       9.349      -11.91
      -14.99       2.477
       12.76       8.323
      -3.801       -14.8
      -7.219       13.52
        14.5      -5.111
      -14.19      -6.045
       6.397       14.08
        4.81      -14.75
      -13.55       7.649
        15.2       3.522
      -8.856       -12.9
      -2.192       15.54
       12.15      -10.01
      -15.76     -0.8292
       11.09       11.29
     -0.5552      -15.86
      -10.34       12.11
       15.84      -1.951
      -13.04      -9.289
       3.347        15.7
       8.159      -13.87
      -15.43       4.732
       14.61       6.952
      -6.096      -15.04
      -5.678       15.25
       14.52      -7.428
      -15.77      -4.346
       8.715       13.89
       2.966      -16.17
      -13.15       9.949
       16.46       1.549
      -11.12      -12.29
     -0.1045       16.61
       11.33      -12.21
      -16.64       1.355
       13.22       10.27
       -2.82      -16.55
       -9.12       14.14
       16.32      -4.277
      -14.96      -7.888
       5.715       15.96
       6.582      -15.67
      -15.47       7.124
       16.26       5.212
      -8.491      -14.86
      -3.789       16.74
       14.13      -9.805
      -17.09      -2.322
       11.06       13.28
      0.8235       -17.3
      -12.33       12.23
       17.39     -0.6958
      -13.33      -11.26
       2.225       17.34
        10.1      -14.33
      -17.16        3.75
       15.22       8.848
       -5.26      -16.85
      -7.518       16.01
        16.4      -6.743
      -16.68      -6.116
       8.187       15.81
       4.655      -17.23
       -15.1       9.581
       17.65       3.145
      -10.91      -14.27
      -1.597       17.93
       13.32      -12.17
      -18.08    -0.02317
       13.35       12.26
      -1.566      -18.09
      -11.09       14.43
       17.96      -3.155
      -15.41      -9.829
       4.734       17.69
        8.48      -16.28
      -17.29       6.289
       17.03       7.054
      -7.808      -16.74
      -5.561       17.65
       16.06       -9.28
      -18.15      -4.013
       10.69       15.25
       2.421       -18.5
      -14.31       12.03
       18.72      0.7958
      -13.29      -13.26
      0.8473       18.79
       12.09      -14.46
      -18.72       2.497
       15.52       10.83
      -4.141      -18.51
      -9.465       16.47
       18.14      -5.765
