      0.4702       1.093
      0.5538      -1.589
      -1.815      0.9768
       2.307      0.5838
      -1.461      -2.223
     -0.4652       2.877
        2.47      -1.952
      -3.356     -0.2446
        2.45       2.596
     -0.0557      -3.762
      -2.622       2.949
         4.1     -0.4211
      -3.443       -2.56
      0.8403       4.372
       2.416      -3.924
      -4.577       1.304
       4.387       2.196
      -1.802      -4.715
      -1.908       4.823
       4.785      -2.327
      -5.226      -1.554
        2.87       4.787
       1.142      -5.591
      -4.718       3.423
       5.911      0.6767
      -3.978       -4.58
     -0.1636        6.18
       4.374      -4.528
      -6.395      0.3911
       5.065       4.101
     -0.9811      -6.552
      -3.761       5.582
       6.645      -1.599
       -6.07      -3.359
       2.239       6.673
       2.897      -6.525
      -6.634       2.893
       6.938       2.379
      -3.554      -6.525
      -1.809       7.304
       6.346      -4.215
      -7.618      -1.192
       4.869       6.097
      0.5341      -7.874
      -5.777       5.507
       8.068     -0.1598
      -6.123       -5.39
      0.8835       8.196
       4.935      -6.709
      -8.254        1.63
       7.259       4.417
      -2.391       -8.24
      -3.839       7.765
       8.152      -3.162
      -8.222      -3.204
       3.933       7.988
       2.518      -8.623
      -7.748       4.698
       8.963       1.785
      -5.449      -7.433
      -1.011       9.238
       7.042      -6.179
      -9.442     -0.2023
       6.879       6.579
     -0.6337      -9.572
      -6.044       7.543
       9.624      -1.491
      -8.164      -5.442
       2.361       9.597
       4.776      -8.734
      -9.489       3.237
       9.248       4.051
      -4.111      -9.298
      -3.272       9.698
       9.024      -4.975
      -10.08      -2.443
       5.821       8.668
       1.573      -10.39
       -8.23       6.641
       10.62      0.6667
      -7.427      -7.714
      0.2677       10.77
       7.121      -8.172
      -10.84       1.223
       8.869       6.456
      -2.191      -10.81
      -5.722       9.509
        10.7      -3.164
      -10.09      -4.925
       4.134        10.5
       4.068       -10.6
      -10.21       5.093
       11.03       3.161
      -6.031      -9.834
      -2.207       11.39
       9.367       -6.94
      -11.66      -1.216
       7.813       8.815
      0.1944      -11.84
       -8.18        8.64
       11.93     -0.8497
      -9.415      -7.467
       1.908       11.92
        6.68      -10.13
      -11.82       2.971
       10.78       5.824
      -4.032      -11.63
      -4.904       11.35
       11.34       -5.08
      -11.84      -3.929
       6.107       10.95
       2.905      -12.25
      -10.46       7.104
       12.57       1.838
      -8.062       -9.89
     -0.7388       12.79
       9.226      -8.973
      -12.92      0.3858
       9.828       8.478
      -1.527      -12.94
       -7.65       10.62
       12.87      -2.674
      -11.34      -6.747
       3.821       12.69
       5.775      -11.98
       -12.4       4.955
       12.54       4.743
      -6.068      -12.02
      -3.657       13.01
       11.53       -7.15
      -13.38      -2.525
       8.193       10.94
       1.356      -13.65
      -10.26       9.187
       13.82      0.1578
      -10.12      -9.489
       1.059       13.89
        8.63      -10.99
      -13.84       2.286
       11.79       7.691
      -3.513      -13.68
      -6.677       12.51
       13.42      -4.729
      -13.14      -5.597
       5.925       13.04
       4.458      -13.67
      -12.56       7.091
        14.1       3.268
      -8.218      -11.98
      -2.037       14.43
       11.29      -9.295
      -14.65     -0.7724
       10.31        10.5
     -0.5146      -14.76
      -9.619       11.26
       14.75      -1.815
      -12.14      -8.652
       3.118       14.63
       7.606      -12.93
      -14.39       4.412
       13.63       6.486
      -5.688      -14.04
      -5.302       14.24
       13.57      -6.936
      -14.73      -4.062
       8.145       12.99
       2.775      -15.12
       -12.3       9.305
        15.4       1.451
      -10.41      -11.51
    -0.09972       15.56
       10.61      -11.44
       -15.6       1.269
       12.39       9.628
      -2.643      -15.52
      -8.557       13.26
       15.31      -4.012
      -14.04      -7.406
       5.366       14.99
       6.184      -14.72
      -14.54       6.693
       15.29       4.901
      -7.982      -13.98
      -3.565       15.74
        13.3      -9.223
      -16.08      -2.187
       10.41       12.51
      0.7765       -16.3
      -11.61       11.52
       16.39     -0.6546
      -12.56      -10.61
       2.096       16.35
       9.526      -13.51
      -16.19       3.536
       14.36       8.351
      -4.963       -15.9
      -7.099       15.12
       15.48      -6.366
      -15.76       -5.78
       7.735       14.94
       4.402      -16.28
      -14.28       9.056
       16.69       2.976
      -10.32       -13.5
      -1.512       16.97
       12.61      -11.52
      -17.12    -0.02298
       12.64       11.61
      -1.481      -17.14
      -10.51       13.67
       17.02      -2.988
       -14.6      -9.318
       4.486       16.78
       8.043      -15.44
       -16.4       5.963
       16.16       6.693
      -7.409      -15.88
      -5.279       16.76
       15.25      -8.809
      -17.23      -3.811
       10.15       14.48
       2.301      -17.58
       -13.6       11.43
       17.79      0.7585
      -12.63      -12.61
      0.8034       17.87
        11.5      -13.75
      -17.81       2.373
       14.77        10.3
      -3.938      -17.61
      -9.011       15.68
       17.27      -5.486
      -16.48      -7.638
       7.006        16.8
       6.194      -17.16
      -16.19       8.484
       17.71        4.69
      -9.909      -15.45
      -3.138       18.12
       14.59      -11.27
      -18.41      -1.547
       12.55        13.6
    -0.06795      -18.55
       -12.5       13.75
       18.55      -1.696
      -14.85       -11.3
       3.325        18.4
       9.998      -15.85
      -18.11       4.942
       16.73       8.609
      -6.532      -17.68
      -7.142       17.49
       17.11      -8.085
      -18.11      -5.608
       9.588        16.4
       4.018      -18.61
