     -0.3893      -1.124
      -0.668       1.544
       1.881      -0.842
      -2.258     -0.7502
       1.295       2.324
      0.6734      -2.836
      -2.605       1.767
        3.33      0.4883
      -2.254      -2.768
     -0.2183       3.756
        2.83       -2.75
       -4.12      0.1215
       3.247       2.803
     -0.5198      -4.421
      -2.695       3.738
        4.66     -0.9668
      -4.215       -2.51
       1.454       4.834
       2.254      -4.671
      -4.942       1.972
       5.099       1.931
      -2.513      -4.983
      -1.547       5.493
       4.955       -3.07
      -5.846      -1.105
       3.634       4.858
       0.613      -6.152
      -4.692       4.198
       6.407     0.07548
      -4.753      -4.458
      0.5014       6.606
       4.158      -5.293
      -6.744       1.111
        5.81       3.792
      -1.747      -6.819
      -3.365       6.296
       6.827      -2.402
      -6.746      -2.878
        3.07       6.766
       2.337      -7.153
      -6.636       3.743
       7.511       1.744
      -4.412      -6.435
      -1.106       7.815
       6.163      -5.072
      -8.058     -0.4279
       5.714       5.821
     -0.2843      -8.238
      -5.411       6.332
       8.351      -1.024
      -6.918      -4.934
       1.785       8.392
       4.394      -7.465
       -8.36        2.56
       7.966       3.795
      -3.341      -8.253
      -3.139       8.417
        8.07      -4.122
       -8.81      -2.432
       4.894        7.81
       1.681       -9.14
      -7.473        5.65
       9.402      0.8894
      -6.382      -7.062
    -0.06499       9.592
       6.578      -7.083
      -9.707      0.7857
       7.746       6.022
      -1.656      -9.744
        -5.4       8.363
       9.699      -2.538
      -8.928      -4.714
       3.423       9.572
       3.969      -9.434
      -9.362       4.305
       9.876       3.171
      -5.174      -9.068
      -2.325       10.25
       8.692      -6.024
      -10.54      -1.438
       6.846       8.234
      0.5174      -10.76
      -7.698       7.632
        10.9     -0.4306
      -8.375      -7.085
       1.399       10.94
       6.399      -9.067
      -10.91       2.377
       9.701       5.646
      -3.359      -10.78
      -4.829       10.27
       10.56      -4.336
      -10.77      -3.955
       5.299       10.25
        3.03      -11.19
      -9.847        6.24
       11.54       2.062
       -7.15       -9.36
      -1.056       11.79
       8.788      -8.022
      -11.96    -0.02116
       8.846       8.133
      -1.035      -12.03
        -7.4       9.616
       12.01      -2.103
      -10.32      -6.593
       3.175       11.89
       5.718      -10.96
      -11.68       4.241
       11.53       4.781
      -5.294      -11.36
      -3.789       12.01
       10.95      -6.323
       -12.4      -2.749
       7.321       10.45
       1.669      -12.71
      -9.855       8.277
       12.91      0.5553
      -9.185      -9.171
      0.5806       13.02
       8.403      -10.03
      -13.03       1.731
       10.82       7.555
      -2.887      -12.93
      -6.633       11.53
       12.73      -4.038
      -12.16      -5.644
       5.176       12.43
       4.595      -12.71
      -12.02       6.292
       13.16       3.493
      -7.374      -11.51
      -2.346       13.52
        10.9      -8.415
      -13.78      -1.163
       9.406        10.2
    -0.04592      -13.93
      -9.408       10.34
       13.97      -1.272
       -11.2      -8.529
       2.507        13.9
        7.57      -11.99
      -13.73       3.739
       12.69       6.539
      -4.959      -13.44
      -5.442       13.31
       13.05      -6.157
      -13.83      -4.287
       7.324       12.54
       3.081      -14.24
      -11.93       8.448
       14.55       1.836
      -9.522      -11.22
     -0.5605       14.75
       10.41      -10.53
      -14.84      0.7363
       11.48       9.513
      -2.044      -14.82
      -8.527       12.34
       14.67      -3.353
      -13.12      -7.462
       4.651       14.41
       6.325      -13.81
      -14.04        5.93
        14.4       5.124
      -7.178      -13.55
      -3.868       14.88
       12.94      -8.384
      -15.25      -2.568
        9.54       12.23
       1.232      -15.51
      -11.42       10.64
       15.65     -0.1299
      -11.66      -10.51
       1.506       15.67
         9.5      -12.61
      -15.56       2.887
       13.46       8.409
       -4.26      -15.34
       -7.24       14.23
       14.99      -5.616
      -14.89          -6
       6.943       14.52
       4.701      -15.44
      -13.93        8.23
       15.88       3.352
      -9.468      -13.23
      -1.961        16.2
       12.42      -10.65
      -16.39     -0.5405
       11.75        11.5
     -0.8993      -16.46
      -10.48       12.78
       16.41      -2.347
      -13.72      -9.375
       3.792       16.22
        8.18      -14.56
      -15.91       5.222
        15.3       6.911
      -6.626      -15.47
      -5.575       15.92
        14.9      -7.992
      -16.43      -4.183
       9.311       14.22
       2.744      -16.81
      -13.41       10.57
       17.07        1.27
      -11.76       -12.5
      0.2289        17.2
       11.48      -12.87
       -17.2        1.74
       13.89       10.36
      -3.252      -17.06
      -9.146       14.81
       16.79      -4.753
      -15.63      -7.852
       6.232       16.38
       6.485      -16.33
      -15.85       7.676
       16.91       5.056
      -9.073      -15.18
      -3.575       17.36
        14.4      -10.41
      -17.69      -2.052
       11.68       13.49
         0.5      -17.88
      -12.47       12.88
       17.93       -1.07
      -13.98      -11.35
       2.645       17.85
       10.13      -14.98
      -17.63       4.214
       15.88       8.817
      -5.765      -17.26
      -7.427       16.66
       16.77      -7.281
      -17.32      -5.967
       8.758       16.13
       4.449      -17.85
      -15.37       10.18
       18.24       2.884
      -11.53      -14.48
      -1.283        18.5
       13.47       -12.8
      -18.62      0.3411
       13.99       12.35
      -1.976      -18.59
      -11.13       15.08
       18.42      -3.611
      -16.06      -9.804
       5.226       18.11
       8.396      -16.92
      -17.65       6.819
       17.66       6.912
      -8.367      -17.06
      -5.363       18.27
