     -0.8614     -0.8208
       1.682     0.03307
      -1.547       1.362
      0.2546      -2.366
       1.577       2.143
      -2.859      -0.564
       2.689      -1.637
     -0.9375       3.232
      -1.583        -3.2
       3.508        1.36
      -3.677       1.434
        1.82      -3.698
       1.203       4.118
      -3.807      -2.308
       4.519     -0.9005
      -2.813       3.839
     -0.5344      -4.877
       3.795       3.329
      -5.185      0.1121
       3.845      -3.678
     -0.3594       5.441
       -3.49      -4.355
       5.639      0.8724
       -4.85       3.234
        1.42      -5.777
       2.912       5.323
      -5.852      -1.995
       5.767      -2.527
       -2.59       5.861
      -2.084      -6.175
       5.802       3.197
      -6.541       1.586
        3.81      -5.675
        1.04       6.859
      -5.479      -4.419
       7.125     -0.4486
      -5.019       5.214
      0.1811      -7.332
       4.882       5.601
      -7.478     -0.8428
       6.159      -4.485
       -1.53       7.558
      -4.024      -6.685
       7.569       2.237
      -7.172       3.503
       2.955      -7.509
       2.925       7.615
      -7.378      -3.677
       8.006      -2.295
      -4.397       7.173
      -1.619      -8.341
       6.895       5.107
      -8.615      0.9004
       5.798      -6.544
      0.1462       8.823
      -6.122      -6.465
        8.96      0.6369
      -7.099       5.632
       1.443      -9.025
       5.075       7.693
      -9.013      -2.264
       8.242      -4.455
      -3.092       8.923
      -3.777      -8.737
       8.754       3.922
      -9.174       3.045
       4.743      -8.506
       2.265       9.547
      -8.178       -5.55
        9.85      -1.442
      -6.334       7.772
     -0.5839      -10.08
       7.289       7.087
      -10.23     -0.3036
       7.802      -6.731
      -1.214        10.3
      -6.103      -8.471
       10.29       2.137
      -9.088       5.408
       3.067      -10.19
       4.651       9.646
      -10.01      -3.995
       10.14      -3.836
      -4.914       9.735
       -2.97      -10.56
       9.378       5.814
      -10.91        2.06
       6.688      -8.936
       1.111       11.17
      -8.411      -7.528
       11.35     -0.1309
      -8.326       7.806
      0.8712      -11.44
       7.124       9.073
      -11.44      -1.888
       9.764       -6.37
      -2.911       11.35
      -5.549      -10.39
       11.17       3.933
      -10.95       4.666
       4.943      -10.89
       3.728       11.42
      -10.52      -5.934
       11.82      -2.742
      -6.897       10.05
      -1.714      -12.13
       9.501       7.823
      -12.35      0.6526
       8.704      -8.863
     -0.4334       12.47
      -8.142      -9.532
        12.5       1.536
       -10.3       7.342
       2.646      -12.43
        6.47          11
      -12.25      -3.755
       11.62      -5.532
      -4.853       11.98
      -4.533      -12.16
       11.61       5.932
      -12.62       3.481
       6.981      -11.13
       2.384       12.98
      -10.57      -7.993
       13.24       -1.25
      -8.957       9.907
    -0.08757      -13.41
       9.158       9.866
      -13.47      -1.094
       10.71      -8.324
      -2.284       13.43
      -7.412      -11.49
       13.27       3.476
      -12.18       6.428
       4.658      -13.02
       5.378       12.79
      -12.65      -5.821
       13.31       -4.27
      -6.955       12.18
      -3.112      -13.73
       11.61       8.051
      -14.05       1.913
       9.099      -10.94
      0.6822       14.26
      -10.17      -10.09
       14.37      0.5712
      -11.02       9.314
       1.837      -14.36
       8.372       11.87
      -14.24      -3.107
       12.64      -7.351
      -4.369          14
      -6.259      -13.32
       13.66       5.613
      -13.91       5.104
       6.829       -13.2
       3.892       14.39
      -12.63      -8.008
       14.77      -2.636
      -9.139       11.96
      -1.343      -15.04
       11.18       10.21
      -15.19     0.02317
       11.22      -10.31
      -1.314       15.23
      -9.346      -12.15
       15.14       2.656
         -13       8.297
       3.994      -14.94
       7.171       13.76
      -14.62      -5.316
       14.42      -5.975
      -6.612       14.18
      -4.719      -14.97
       13.63       7.872
      -15.41       3.412
       9.085      -12.96
       2.063       15.74
      -12.19      -10.24
       15.95     -0.6829
      -11.33       11.31
       0.719      -16.04
       10.33       12.34
         -16       -2.13
       13.27      -9.262
      -3.539       15.84
       -8.11      -14.11
       15.55       4.937
      -14.84       6.881
        6.31      -15.14
       5.587       15.47
       -14.6       -7.65
       15.98      -4.236
      -8.943       13.95
      -2.837      -16.37
       13.18       10.18
      -16.64       1.401
       11.35      -12.31
    -0.05944       16.78
      -11.32      -12.45
        16.8       1.534
      -13.46       10.24
       3.012      -16.68
        9.07       14.37
      -16.44      -4.481
       15.18      -7.817
      -5.929       16.06
      -6.491      -15.88
       15.55       7.346
      -16.47       5.102
       8.719      -14.92
        3.66       16.93
      -14.17      -10.04
       17.27      -2.176
      -11.29        13.3
     -0.6595      -17.47
       12.32       12.47
      -17.55     -0.8747
       13.56      -11.23
      -2.416       17.48
      -10.05      -14.56
       17.28       3.953
      -15.45       8.778
       5.474      -16.95
       7.427       16.23
      -16.48      -6.965
       16.89      -6.006
      -8.416       15.87
      -4.527      -17.43
       15.14       9.814
      -17.83       2.999
       11.15      -14.29
       1.433       18.11
      -13.32      -12.41
       18.24      0.1559
      -13.58       12.23
       1.757      -18.23
       11.04       14.66
      -18.09      -3.359
       15.64       -9.76
      -4.947        17.8
       -8.39       -16.5
       17.37       6.511
      -17.24       6.944
       8.038       -16.8
       5.433       17.85
       -16.1      -9.514
       18.33      -3.866
      -10.93       15.27
      -2.257      -18.68
       14.31       12.27
      -18.88      0.6179
       13.53      -13.23
      -1.039       18.93
      -12.05      -14.69
       18.84       2.701
