    -0.09231      -1.186
       1.229       1.149
      -2.061    -0.02038
        1.77       -1.59
     -0.2588       2.648
       -1.75       -2.33
       3.094       0.579
      -2.857       1.778
      0.9608      -3.438
       1.701       3.356
      -3.693       -1.39
       3.825      -1.535
      -1.857       3.867
       -1.29      -4.261
       3.964        2.35
      -4.658      0.9757
       2.861      -3.985
      0.5989       5.012
      -3.932      -3.382
       5.318     -0.1669
      -3.903       3.807
      0.3133      -5.572
       3.612       4.417
      -5.769     -0.8348
       4.917      -3.349
      -1.391       5.905
       -3.02      -5.395
       5.979       1.973
      -5.843       2.629
       2.576      -5.986
        2.18       6.256
      -5.926      -3.191
       6.626      -1.676
       -3.81       5.798
      -1.123      -6.949
         5.6       4.428
      -7.218      0.5253
       5.034      -5.334
     -0.1107        7.43
          -5      -5.624
       7.579       0.779
      -6.189         4.6
       1.474      -7.662
       4.136       6.722
      -7.676      -2.187
       7.216      -3.612
      -2.912       7.619
      -3.031      -7.666
        7.49       3.643
      -8.064       2.398
        4.37      -7.287
       1.717       8.406
      -7.011      -5.087
       8.687     -0.9938
      -5.787       6.661
     -0.2348      -8.901
        6.24       6.461
      -9.045     -0.5539
       7.104       -5.75
      -1.366       9.115
      -5.192      -7.707
       9.108       2.193
      -8.264       4.572
       3.029      -9.024
       3.892       8.768
       -8.86      -3.865
       9.213      -3.158
      -4.695       8.616
      -2.375      -9.594
       8.291       5.509
      -9.905       1.549
       6.301      -7.888
      0.6871       10.14
      -7.408      -7.063
        10.3      0.2054
      -7.787       6.853
        1.12      -10.38
       6.226       8.465
      -10.37       -2.05
       9.092      -5.532
      -2.986       10.28
      -4.774      -9.659
       10.11       3.921
      -10.16       3.959
       4.847      -9.841
       3.091       10.59
      -9.489      -5.755
       10.95      -2.179
      -6.638       9.052
      -1.227      -11.22
       8.531       7.487
      -11.41      0.2435
       8.293      -7.929
     -0.7635       11.51
      -7.251      -9.051
       11.52       1.786
      -9.751       6.499
       2.815      -11.44
       5.679       10.39
      -11.26      -3.843
       10.95      -4.797
       -4.86       10.99
      -3.859      -11.44
       10.63       5.859
      -11.85       2.871
        6.83      -10.17
       1.841       12.17
      -9.622      -7.766
        12.4     -0.7767
      -8.657       8.988
       0.313      -12.53
       8.271       9.494
      -12.57       -1.42
       10.27      -7.475
      -2.535       12.51
      -6.606      -10.98
       12.34        3.65
      -11.62       5.669
       4.755      -12.08
       4.671       12.17
      -11.71      -5.842
       12.63      -3.619
      -6.899       11.25
       -2.52      -13.01
       10.69       7.921
      -13.28       1.384
       8.895      -10.03
      0.2194       13.46
       -9.29      -9.815
       13.53      0.9656
      -10.67       8.461
       2.161       -13.5
       7.553       11.46
      -13.36      -3.358
       12.16      -6.571
      -4.547       13.11
      -5.523      -12.78
       12.75       5.717
      -13.31       4.416
        6.86      -12.29
       3.257       13.75
      -11.73      -7.965
       14.08      -2.057
      -9.023       11.07
     -0.8243       -14.3
       10.31       10.02
      -14.42     -0.4323
       10.96      -9.453
      -1.703       14.42
      -8.516      -11.83
       14.31       2.977
      -12.61       7.499
       4.245      -14.09
        6.41        13.3
      -13.76      -5.496
        13.9      -5.255
      -6.722       13.31
      -4.045       -14.4
       12.75       7.909
      -14.79       2.789
        9.05      -12.08
       1.494       15.07
      -11.32      -10.13
       15.24     -0.1721
      -11.15       10.45
       1.168      -15.29
       9.493        12.1
      -15.22      -2.515
       12.96      -8.449
      -3.858       15.03
      -7.327      -13.73
       14.72       5.188
       -14.4       6.133
       6.492      -14.29
       4.879       14.96
      -13.75      -7.761
       15.42      -3.572
      -8.983       13.09
      -2.223      -15.76
       12.32       10.15
      -15.99      0.8409
       11.25      -11.45
     -0.5629       16.09
      -10.48      -12.27
       16.06       1.978
      -13.22       9.417
       3.393      -15.91
       8.269       14.06
      -15.64      -4.797
       14.81      -7.045
      -6.179       15.24
      -5.753      -15.45
       14.72       7.526
      -15.98       4.403
       8.829      -14.07
       3.005       16.38
      -13.32      -10.08
       16.67      -1.569
      -11.26       12.45
     -0.1058      -16.83
       11.47       12.37
      -16.85      -1.372
       13.39       -10.4
      -2.856       16.75
      -9.233      -14.32
       16.52       4.331
      -15.14       7.985
       5.786      -16.16
       6.662       15.86
      -15.66      -7.211
       16.46      -5.275
      -8.593       15.04
      -3.834      -16.94
        14.3       9.922
      -17.29        2.35
       11.19      -13.44
      0.8321       17.51
      -12.47      -12.38
       17.59      0.7049
      -13.48       11.39
       2.251      -17.54
       10.21       14.49
      -17.36      -3.793
        15.4      -8.949
       -5.32       17.04
      -7.602      -16.19
       16.58       6.819
      -16.87       6.185
       8.278      -15.99
       4.707       17.42
      -15.27      -9.687
       17.84       -3.18
      -11.03       14.43
      -1.613      -18.13
       13.46        12.3
      -18.28      0.0223
       13.49      -12.39
      -1.582       18.29
      -11.21      -14.58
       18.15       3.189
      -15.57       9.933
       4.783      -17.88
       8.569       16.45
      -17.47      -6.354
       17.21      -7.127
      -7.889       16.91
      -5.618      -17.84
       16.22       9.376
      -18.33       4.053
        10.8       -15.4
       2.444       18.69
      -14.46      -12.16
       18.91     -0.8038
      -13.43       13.39
      0.8557      -18.98
       12.21        14.6
