     -0.7907      0.8891
       1.674     -0.1719
      -1.654       -1.23
      0.4491       2.337
       1.395      -2.266
      -2.803      0.7982
       2.815       1.409
      -1.201      -3.144
      -1.313       3.319
       3.384      -1.645
      -3.782      -1.125
       2.119       3.535
      0.8589      -4.203
      -3.604       2.614
       4.578      0.5243
      -3.121      -3.593
       -0.13       4.904
       3.507      -3.631
      -5.177      0.3164
       4.136       3.348
     -0.8073      -5.392
      -3.119       4.628
       5.548      -1.335
        -5.1      -2.823
       1.892        5.64
       2.462      -5.545
      -5.667       2.472
       5.955       2.042
      -3.065      -5.627
      -1.567       6.326
       5.518      -3.665
       -6.65      -1.041
       4.265       5.341
      0.4697      -6.922
      -5.095       4.857
       7.138     -0.1412
      -5.432      -4.782
      0.7858       7.292
       4.403      -5.985
      -7.383       1.457
       6.508       3.961
      -2.149      -7.405
      -3.458       6.994
       7.358      -2.854
      -7.437      -2.898
       3.565        7.24
       2.286       -7.83
      -7.049       4.274
       8.168       1.627
      -4.974      -6.785
     -0.9246       8.447
        6.45      -5.658
       -8.66     -0.1861
       6.319       6.043
     -0.5827      -8.805
      -5.568       6.948
       8.877      -1.375
       -7.54      -5.026
       2.183       8.875
       4.422      -8.086
      -8.795           3
       8.581       3.759
      -3.819      -8.637
      -3.043       9.019
       8.401      -4.631
      -9.394      -2.277
       5.429       8.085
       1.469      -9.701
      -7.692       6.206
       9.935       0.624
      -6.954      -7.222
      0.2505       10.09
       6.679      -7.664
      -10.17       1.148
       8.331       6.064
       -2.06      -10.17
      -5.383       8.946
       10.08      -2.979
      -9.503       -4.64
       3.898       9.903
       3.839      -9.997
      -9.642       4.808
       10.42       2.986
      -5.701      -9.296
      -2.088       10.77
       8.866      -6.569
      -11.04      -1.152
       7.403       8.353
      0.1847      -11.22
      -7.761       8.197
       11.32     -0.8065
      -8.942      -7.092
       1.813       11.33
       6.351       -9.63
      -11.25       2.826
       10.26       5.542
      -3.839      -11.07
      -4.672       10.81
        10.8      -4.841
      -11.29      -3.747
       5.825       10.44
       2.772      -11.69
      -9.991       6.782
       12.01       1.756
      -7.703       -9.45
      -0.707       12.23
       8.823      -8.581
      -12.36      0.3691
       9.406       8.114
      -1.462      -12.39
      -7.327       10.17
       12.33      -2.562
      -10.87      -6.467
       3.663       12.16
        5.54      -11.49
       -11.9       4.753
       12.04       4.553
      -5.826      -11.54
      -3.513       12.49
       11.08       -6.87
      -12.86      -2.427
       7.877       10.52
       1.304      -13.13
      -9.871       8.838
        13.3      0.1518
      -9.745      -9.134
        1.02       13.37
       8.312      -10.59
      -13.33       2.202
       11.36       7.411
      -3.385      -13.19
      -6.439       12.06
       12.94       -4.56
      -12.67        -5.4
       5.717       12.59
       4.304      -13.19
      -12.13       6.846
       13.62       3.157
      -7.937      -11.57
      -1.968       13.94
       10.91      -8.982
      -14.16     -0.7466
       9.971       10.15
     -0.4976      -14.27
      -9.304        10.9
       14.27      -1.755
      -11.75      -8.373
       3.016       14.16
       7.363      -12.52
      -13.93       4.272
        13.2       6.283
       -5.51      -13.59
      -5.138       13.79
       13.15      -6.721
      -14.28      -3.938
       7.896       12.59
       2.691      -14.66
      -11.93       9.023
       14.94       1.407
      -10.09      -11.16
    -0.09676        15.1
        10.3       -11.1
      -15.14       1.231
       12.03       9.348
      -2.567      -15.07
      -8.311       12.88
       14.87      -3.897
      -13.64      -7.196
       5.214       14.56
       6.011       -14.3
      -14.13       6.505
       14.86       4.765
      -7.761      -13.59
      -3.467       15.31
       12.93      -8.971
      -15.64      -2.128
       10.12       12.17
      0.7565      -15.86
       -11.3       11.21
       15.95     -0.6362
      -12.22      -10.33
        2.04       15.92
       9.276      -13.15
      -15.77       3.443
       13.99       8.135
      -4.835      -15.49
      -6.918       14.73
       15.09      -6.204
      -15.36      -5.633
       7.539       14.57
       4.291      -15.87
      -13.92       8.829
       16.27       2.902
      -10.06      -13.17
      -1.476       16.55
        12.3      -11.23
       -16.7    -0.02241
       12.33       11.33
      -1.445      -16.72
      -10.26       13.34
       16.61      -2.916
      -14.26      -9.096
       4.379       16.38
       7.853      -15.07
      -16.01       5.822
       15.78       6.537
      -7.235      -15.51
      -5.158       16.37
       14.89      -8.605
      -16.84      -3.725
       9.921       14.15
       2.249      -17.18
      -13.29       11.17
       17.39      0.7425
      -12.35      -12.32
      0.7854       17.47
       11.25      -13.44
      -17.41        2.32
       14.44       10.07
      -3.851      -17.22
      -8.814       15.34
        16.9      -5.367
      -16.12      -7.473
       6.854       16.44
       6.062      -16.79
      -15.84       8.301
       17.33       4.591
      -9.697      -15.12
      -3.072       17.74
       14.28      -11.03
      -18.02      -1.516
       12.29       13.32
    -0.06654      -18.16
      -12.25       13.47
       18.16      -1.661
      -14.55      -11.07
       3.257       18.03
       9.795      -15.52
      -17.75        4.84
       16.39       8.436
        -6.4      -17.33
          -7       17.13
       16.77      -7.923
      -17.75      -5.497
       9.397       16.08
        3.94      -18.24
      -15.26       10.81
       18.59       2.339
      -12.15      -14.31
     -0.7072        18.8
       13.25      -13.41
      -18.86      0.9428
       14.58       12.07
      -2.599      -18.78
      -10.79       15.64
       18.56      -4.248
