      0.5915       1.032
      -1.603     -0.5116
       1.871     -0.8642
     -0.9189       2.195
     -0.9002      -2.504
        2.58       1.356
      -3.044       0.802
        1.82       -2.83
      0.6041       3.518
      -2.974      -2.304
       3.933     -0.3253
      -2.799       3.025
     0.02154       -4.29
       2.991       3.298
      -4.588      -0.426
       3.792      -2.877
     -0.8788       4.826
      -2.688      -4.273
       5.002       1.372
      -4.735       2.429
       1.896      -5.112
       2.103       5.169
      -5.156      -2.445
       5.571      -1.716
      -3.009       5.132
      -1.273      -5.932
        5.04       3.581
      -6.248      0.7773
       4.154      -4.878
      0.2362       6.513
      -4.649       -4.72
       6.722      0.3452
       -5.27       4.352
      0.9602      -6.871
       3.991       5.799
      -6.957      -1.602
       6.298      -3.566
      -2.265       6.976
      -3.082      -6.761
       6.927       2.941
      -7.182       2.542
       3.622      -6.807
        1.95       7.555
      -6.616      -4.303
       7.873      -1.311
      -4.974       6.355
     -0.6315      -8.133
       6.022       5.629
      -8.328    -0.08364
        6.26      -5.621
      -0.828       8.457
      -5.152      -6.861
       8.514       1.594
      -7.424       4.618
       2.376      -8.498
       4.024       7.943
      -8.406      -3.166
        8.41      -3.373
      -3.957       8.238
      -2.669      -8.821
       7.993        4.74
       -9.17       1.919
       5.509       -7.67
       1.128       9.452
      -7.272      -6.256
       9.661     -0.3018
      -6.973         6.8
      0.5524      -9.796
       6.255       7.652
      -9.852      -1.427
       8.287      -5.642
      -2.316       9.827
      -4.965      -8.871
       9.719        3.21
      -9.397       4.227
       4.101      -9.527
       3.434        9.86
      -9.252      -4.983
       10.25      -2.591
      -5.846       8.892
      -1.706      -10.57
       8.451       6.683
      -10.81      0.7849
       7.486      -7.929
     -0.1651       10.97
       -7.33      -8.248
       11.04       1.137
      -8.959       6.657
       2.122      -11.02
       5.914       9.614
      -10.92      -3.112
       10.21      -5.107
      -4.098       10.72
       -4.24      -10.73
       10.43       5.073
      -11.17       3.321
       6.028      -10.05
       2.355       11.54
      -9.581      -6.954
       11.82      -1.351
      -7.843       9.026
     -0.3147      -12.01
       8.387       8.687
      -12.11     -0.7439
       9.478      -7.669
      -1.817       12.11
      -6.876      -10.21
       12.02       2.897
      -10.87       6.012
       3.973      -11.83
       5.084       11.46
      -11.54      -5.037
       11.97        -4.1
       -6.08       11.15
      -3.065      -12.39
       10.67       7.093
      -12.72       1.987
       8.068       -10.1
      0.8749       12.95
      -9.432      -8.996
       13.09      0.2628
      -9.867       8.681
       1.417      -13.12
       7.848       10.67
      -13.05       -2.58
       11.41       -6.94
      -3.741       12.88
      -5.963      -12.07
        12.6        4.89
      -12.64       4.923
       6.019      -12.22
       3.828       13.12
      -11.73      -7.118
       13.51      -2.686
      -8.177       11.15
      -1.506      -13.79
       10.47       9.188
      -13.97       0.296
       10.14      -9.693
     -0.9339       14.05
      -8.831      -11.03
       14.01       2.174
      -11.84       7.889
       3.414      -13.86
       6.871       12.57
      -13.61      -4.645
       13.22      -5.785
      -5.856       13.24
      -4.638      -13.76
       12.76       7.039
      -14.21        3.44
       8.181      -12.18
       2.199       14.55
      -11.49      -9.275
       14.78     -0.9245
      -10.31        10.7
      0.3745       -14.9
       9.822       11.28
      -14.91      -1.687
       12.17      -8.854
      -3.002        14.8
      -7.805      -12.98
       14.57       4.311
      -13.69       6.681
       5.602      -14.22
       5.491       14.31
      -13.76      -6.865
       14.83      -4.244
       -8.09       13.18
      -2.949      -15.23
        12.5       9.266
      -15.52       1.615
       10.38      -11.71
      0.2534       15.69
      -10.82      -11.43
       15.74       1.126
      -12.41       9.833
       2.512      -15.67
        8.76       13.29
      -15.48      -3.895
       14.09      -7.606
      -5.263       15.16
       -6.38      -14.78
       14.73       6.604
      -15.36       5.092
       7.909      -14.17
       3.749       15.83
       -13.5      -9.167
       16.19      -2.363
      -10.37       12.71
      -0.944      -16.42
       11.82        11.5
      -16.52     -0.4974
       12.55      -10.82
       -1.95        16.5
      -9.733      -13.52
       16.35       3.403
      -14.39       8.556
       4.844      -16.07
       7.302       15.16
      -15.66      -6.262
       15.82      -5.978
      -7.645       15.13
      -4.595      -16.36
       14.48       8.982
      -16.78       3.162
       10.26       -13.7
       1.691       17.08
      -12.81      -11.48
       17.24     -0.1926
      -12.61       11.82
       1.322      -17.27
       10.72       13.66
      -17.17       -2.84
       14.61      -9.528
      -4.352       16.94
      -8.251      -15.46
       16.57       5.843
       -16.2       6.899
       7.302      -16.07
       5.481       16.82
      -15.44      -8.718
       17.31      -4.008
      -10.08       14.68
       -2.49      -17.67
        13.8       11.37
       -17.9      0.9396
       12.59      -12.81
     -0.6319       17.99
      -11.71      -13.73
       17.95       2.212
      -14.76       10.52
        3.79      -17.76
       9.223       15.69
      -17.44      -5.351
       16.51      -7.849
      -6.884       16.97
      -6.403       -17.2
       16.38       8.377
      -17.77       4.895
       9.818      -15.65
       3.336       18.21
      -14.79      -11.19
        18.5      -1.739
       -12.5       13.81
      -0.115      -18.66
       12.72       13.71
      -18.68      -1.524
       14.83      -11.51
      -3.164       18.54
      -10.21      -15.84
       18.27       4.792
      -16.74       8.825
       6.396      -17.85
       7.357       17.52
      -17.29      -7.963
