      0.1784      -1.176
       -1.31       1.056
       2.057      0.1297
       -1.65      -1.715
     0.06537        2.66
       1.915      -2.197
      -3.128      0.3522
        2.72       1.981
     -0.7079      -3.499
      -1.941       3.223
       3.785      -1.118
      -3.703      -1.809
        1.57       3.992
       1.597      -4.156
      -4.124       2.055
       4.575       1.312
      -2.563      -4.183
     -0.9623       4.955
       4.168      -3.086
      -5.292     -0.5538
       3.615       4.081
     0.09317       -5.58
      -3.924       4.143
       5.814     -0.4126
       -4.66      -3.698
      0.9569       5.991
       3.405      -5.161
      -6.107       1.533
       5.636       3.048
      -2.133      -6.158
      -2.629       6.081
       6.143      -2.751
      -6.487      -2.154
       3.378        6.06
       1.626      -6.849
      -5.908       4.008
       7.161        1.05
      -4.633      -5.686
     -0.4307       7.418
       5.396      -5.245
      -7.615      0.2251
       5.838       5.038
     -0.9119      -7.749
      -4.615       6.403
       7.815      -1.622
      -6.934      -4.128
        2.35       7.811
       3.581      -7.425
      -7.735       3.087
       7.868       2.979
      -3.828      -7.586
      -2.324       8.259
       7.363      -4.563
      -8.591      -1.624
       5.287       7.065
      0.8823       -8.86
      -6.694        5.99
       9.061      0.1062
      -6.667      -6.252
      0.6987        9.19
        5.74      -7.308
      -9.244       1.524
       7.909       5.161
      -2.364       -9.22
       -4.52       8.461
       9.118       -3.21
      -8.958      -3.821
       4.055       8.935
       3.068      -9.395
       -8.67       4.891
       9.766       2.267
       -5.71      -8.326
      -1.424       10.07
       7.902      -6.505
      -10.29     -0.5451
       7.267       7.401
     -0.3613      -10.43
      -6.826       7.989
        10.5      -1.289
      -8.665      -6.179
       2.229       10.47
       5.465      -9.286
      -10.36       3.175
       9.846       4.688
      -4.117      -10.17
      -3.855       10.34
       9.883      -5.049
      -10.76       -2.97
       5.962       9.511
       2.041       -11.1
      -9.053       6.846
       11.36       1.073
      -7.694      -8.512
    -0.07675       11.54
        7.89      -8.499
      -11.62      0.9419
       9.252       7.192
      -1.974      -11.61
       -6.42       9.946
       11.51      -3.012
      -10.57      -5.582
       4.048       11.31
       4.682      -11.13
      -11.02        5.07
       11.61       3.726
      -6.072      -10.64
      -2.723          12
       10.16      -7.045
      -12.31      -1.678
       7.979       9.595
      0.6005      -12.52
      -8.941       8.867
       12.64      -0.501
        -9.7      -8.204
       1.618       12.66
       7.388      -10.47
      -12.57       2.743
       11.17         6.5
      -3.864      -12.39
      -5.545        11.8
       12.11      -4.974
      -12.34      -4.529
       6.063       11.72
       3.461      -12.79
      -11.24       7.121
       13.15       2.348
      -8.141      -10.65
      -1.199       13.41
        9.98      -9.112
      -13.57    -0.02235
       10.03       9.215
      -1.173      -13.62
      -8.367       10.88
       13.57      -2.378
      -11.65      -7.439
       3.581       13.41
       6.439      -12.35
      -13.14       4.774
       12.96       5.374
      -5.947      -12.76
       -4.25       13.47
       12.28       -7.09
      -13.89      -3.077
       8.193       11.69
       1.864      -14.21
      -11.01       9.248
       14.41      0.6189
      -10.24      -10.23
      0.6488       14.51
       9.354      -11.17
      -14.49       1.928
       12.03       8.397
      -3.208      -14.36
      -7.361        12.8
       14.12      -4.481
      -13.48      -6.254
       5.735       13.76
       5.083      -14.07
      -13.29        6.96
       14.55       3.858
      -8.146      -12.71
      -2.588       14.92
       12.02      -9.283
      -15.18      -1.281
       10.36       11.23
    -0.05242      -15.33
      -10.35       11.37
       15.36      -1.401
      -12.31       -9.37
       2.754       15.27
       8.307      -13.16
      -15.06       4.102
       13.91       7.166
      -5.434      -14.72
      -5.956       14.57
       14.27      -6.739
      -15.12      -4.686
       8.006       13.71
       3.365      -15.56
      -13.03       9.226
       15.88       2.002
      -10.39      -12.24
      -0.609       16.08
       11.35      -11.48
      -16.16      0.8038
       12.49       10.35
      -2.226      -16.12
      -9.271       13.42
       15.95      -3.646
      -14.26      -8.104
       5.052       15.65
       6.863      -14.99
      -15.23       6.435
       15.61       5.555
      -7.781      -14.68
       -4.19       16.12
       14.02      -9.081
      -16.51      -2.777
       10.32       13.23
        1.33      -16.77
      -12.34        11.5
       16.91     -0.1425
       -12.6      -11.35
       1.628       16.92
       10.25      -13.61
      -16.79       3.116
       14.52       9.066
      -4.594      -16.53
      -7.799       15.33
       16.15      -6.051
      -16.03       -6.46
       7.475       15.63
       5.056      -16.61
      -14.99       8.854
       17.07       3.602
      -10.18      -14.22
      -2.105        17.4
       13.34      -11.43
       -17.6     -0.5782
       12.61       12.34
      -0.967      -17.66
      -11.24       13.71
       17.59      -2.519
       -14.7      -10.05
       4.065       17.38
       8.761      -15.59
      -17.03       5.593
       16.37       7.397
      -7.092      -16.55
      -5.963       17.03
       15.94      -8.549
      -17.56       -4.47
       9.953       15.19
       2.929      -17.96
      -14.32       11.29
       18.23       1.353
      -12.55      -13.34
      0.2465       18.35
       12.24      -13.73
      -18.34       1.858
       14.81       11.04
      -3.469      -18.18
      -9.744       15.78
       17.88      -5.066
      -16.64      -8.361
       6.637       17.44
       6.902      -17.38
      -16.86        8.17
       17.99       5.377
      -9.652      -16.15
      -3.799       18.46
        15.3      -11.07
       -18.8      -2.179
       12.42       14.33
      0.5288      -18.99
      -13.25       13.67
