      -1.122     -0.3971
      0.7903       1.486
      0.5153      -1.995
      -1.995       1.297
       2.624      0.4375
      -1.796      -2.295
     -0.2441       3.139
       2.459      -2.298
      -3.569     0.03535
       2.799       2.514
      -0.384      -3.927
      -2.475       3.296
       4.217     -0.7891
       -3.78      -2.352
        1.24       4.438
       2.152      -4.245
      -4.591       1.729
       4.685        1.88
      -2.245      -4.675
      -1.542       5.093
        4.69      -2.781
      -5.462      -1.144
       3.328       4.635
      0.6914      -5.788
      -4.511       3.879
       6.064      0.1901
      -4.426      -4.317
      0.3536       6.286
       4.056       -4.96
       -6.45      0.9335
       5.475       3.729
      -1.543      -6.551
      -3.339       5.964
       6.588      -2.175
      -6.419      -2.888
       2.822       6.558
       2.381      -6.834
      -6.458       3.477
       7.204       1.822
      -4.133      -6.288
      -1.215       7.521
       6.049      -4.782
      -7.782      -0.566
       5.418       5.739
     -0.1191      -7.981
      -5.362       6.031
       8.114     -0.8346
      -6.616      -4.917
       1.573       8.179
       4.409      -7.166
      -8.172       2.328
       7.673        3.84
      -3.093      -8.091
      -3.215       8.131
       7.935      -3.859
      -8.535      -2.537
        4.62       7.704
       1.813      -8.878
      -7.397       5.368
       9.157       1.047
      -6.095      -7.015
     -0.2465       9.365
        6.56      -6.793
      -9.501      0.5824
       7.457       6.035
      -1.433      -9.559
      -5.442       8.077
       9.539      -2.297
      -8.648      -4.784
       3.168       9.437
       4.068      -9.163
      -9.254       4.037
       9.617       3.297
      -4.897      -8.988
      -2.476          10
       8.639      -5.741
      -10.32      -1.613
       6.559        8.21
      0.7141      -10.55
      -7.702       7.344
       10.71     -0.2137
      -8.088      -7.118
       1.163       10.78
       6.461      -8.785
      -10.76       2.126
       9.426       5.735
      -3.094      -10.66
      -4.946       10.01
       10.46       -4.06
      -10.52      -4.098
       5.015       10.18
       3.197      -10.96
      -9.811       5.951
       11.31       2.251
      -6.858      -9.352
      -1.266       11.59
       8.807       -7.73
      -11.78     -0.2509
       8.557       8.181
     -0.7875      -11.87
      -7.476       9.332
       11.87      -1.841
      -10.05      -6.697
         2.9       11.78
       5.849       -10.7
      -11.59       3.956
       11.27       4.937
      -5.002      -11.31
      -3.969       11.77
       10.93      -6.026
      -12.18      -2.951
       7.022       10.45
       1.891      -12.51
      -9.886       7.979
       12.73      0.7978
      -8.889       -9.23
      0.3213       12.87
        8.49      -9.745
       -12.9       1.457
       10.54        7.67
      -2.601      -12.83
      -6.775       11.26
       12.65      -3.743
      -11.91      -5.811
       4.875       12.38
       4.785      -12.47
         -12       5.985
       12.94       3.706
      -7.066      -11.52
       -2.58       13.32
       10.94      -8.109
       -13.6      -1.417
       9.103       10.27
      0.2245      -13.77
      -9.503       10.04
       13.84     -0.9877
      -10.91      -8.652
        2.21        13.8
       7.721      -11.71
      -13.65       3.434
       12.43       6.715
      -4.647       -13.4
      -5.642       13.06
       13.03      -5.841
       -13.6      -4.509
       7.006       12.55
       3.326      -14.04
      -11.97       8.132
       14.37         2.1
      -9.209      -11.29
     -0.8412        14.6
       10.51      -10.23
      -14.71      0.4411
       11.18       9.643
      -1.737      -14.71
      -8.684       12.06
        14.6      -3.036
      -12.85      -7.645
       4.328       14.37
       6.533      -13.56
      -14.02       5.602
       14.17       5.355
      -6.849      -13.56
      -4.122       14.67
       12.99      -8.057
      -15.06       -2.84
       9.217       12.31
       1.522      -15.35
      -11.52       10.32
       15.51      0.1752
      -11.35      -10.64
        1.19       15.56
       9.661      -12.31
      -15.48        2.56
       13.18       8.597
      -3.926      -15.29
      -7.453       13.97
       14.97      -5.278
      -14.65      -6.239
       6.603       14.53
       4.962      -15.22
      -13.98       7.892
       15.68       3.632
      -9.134      -13.31
       -2.26       16.02
       12.52      -10.32
      -16.25     -0.8548
       11.43       11.64
      -0.573      -16.35
      -10.65       12.47
       16.32      -2.011
      -13.43      -9.567
       3.448       16.17
         8.4      -14.29
      -15.88       4.873
       15.04       7.155
      -6.275      -15.48
      -5.842       15.69
       14.94      -7.642
      -16.22       -4.47
       8.964       14.29
        3.05      -16.63
      -13.52       10.23
       16.92       1.591
      -11.43      -12.63
     -0.1063       17.08
       11.64      -12.55
       -17.1       1.394
       13.59       10.55
      -2.898         -17
      -9.367       14.52
       16.76      -4.393
      -15.36      -8.099
       5.869       16.39
       6.757      -16.08
      -15.88       7.314
       16.69       5.349
      -8.715      -15.25
      -3.887       17.17
        14.5      -10.06
      -17.53      -2.381
       11.34       13.63
      0.8435      -17.75
      -12.64       12.54
       17.83     -0.7145
      -13.66      -11.54
       2.281       17.78
       10.35      -14.68
      -17.59       3.844
        15.6       9.068
       -5.39      -17.26
      -7.702        16.4
        16.8      -6.909
      -17.09      -6.264
       8.387        16.2
       4.767      -17.65
      -15.47       9.812
       18.07       3.219
      -11.17      -14.61
      -1.634       18.36
       13.64      -12.46
      -18.51    -0.02258
       13.66       12.55
      -1.602      -18.52
      -11.35       14.77
       18.38      -3.228
      -15.77      -10.06
       4.843        18.1
       8.673      -16.65
      -17.68       6.433
       17.42       7.213
      -7.986      -17.12
      -5.685       18.05
       16.42      -9.489
      -18.55      -4.101
       10.93       15.59
