    -0.06911       1.188
       1.207      -1.173
       -2.06     0.06063
       1.801       1.555
     -0.3105      -2.642
      -1.704       2.364
       3.082     -0.6393
      -2.892      -1.722
       1.028       3.418
       1.635      -3.389
      -3.665       1.462
       3.855        1.46
      -1.932       -3.83
      -1.207       4.285
       3.917      -2.427
      -4.676     -0.8844
       2.939       3.928
      0.5008      -5.023
      -3.865       3.458
       5.321     0.06301
      -3.977       -3.73
       0.422       5.565
       3.525      -4.487
      -5.751      0.9473
       4.982       3.252
      -1.506      -5.877
      -2.914       5.453
       5.939       -2.09
      -5.893      -2.514
       2.692       5.935
       2.057      -6.297
      -5.863       3.306
       6.658       1.546
      -3.923      -5.722
     -0.9868        6.97
       5.513      -4.536
      -7.227     -0.3842
       5.138       5.235
     -0.2558      -7.426
      -4.889       5.721
       7.562     -0.9269
      -6.278      -4.478
       1.623       7.632
       4.004      -6.801
      -7.632       2.337
       7.286        3.47
      -3.061      -7.561
      -2.881       7.724
       7.417      -3.788
       -8.11       -2.24
       4.511         7.2
       1.552      -8.438
       -6.91       5.223
       8.704      0.8239
      -5.916      -6.547
    -0.06087       8.904
       6.113      -6.583
      -9.032      0.7305
       7.215        5.61
      -1.544      -9.086
      -5.041       7.807
       9.064      -2.371
      -8.351      -4.409
       3.205       8.963
        3.72      -8.842
      -8.783       4.038
       9.273       2.978
      -4.862      -8.522
      -2.187       9.638
       8.182      -5.671
      -9.934      -1.356
       6.454       7.763
      0.4888      -10.15
      -7.268       7.206
        10.3     -0.4069
      -7.919      -6.699
       1.323       10.36
       6.059      -8.585
      -10.33       2.252
       9.198       5.353
      -3.186      -10.22
      -4.585        9.75
       10.03      -4.118
      -10.24       -3.76
       5.038       9.744
       2.884      -10.65
      -9.374        5.94
       10.99       1.964
      -6.814       -8.92
      -1.007       11.24
       8.383      -7.652
      -11.41    -0.02019
       8.447       7.766
     -0.9882      -11.49
      -7.072       9.191
       11.48       -2.01
      -9.876      -6.307
       3.038       11.38
       5.475       -10.5
      -11.18       4.062
       11.04       4.582
      -5.075      -10.89
      -3.634       11.52
       10.51      -6.066
       -11.9      -2.639
       7.028       10.03
       1.603       -12.2
      -9.468       7.952
       12.41      0.5344
       -8.83      -8.818
      0.5577       12.52
       8.084      -9.654
      -12.54       1.665
       10.42       7.273
      -2.779      -12.45
       -6.39       11.11
       12.27      -3.891
      -11.72      -5.441
       4.991       11.98
       4.432      -12.26
       -11.6        6.07
        12.7       3.371
      -7.119      -11.11
      -2.266       13.05
       10.53      -8.128
      -13.31      -1.125
       9.089       9.858
    -0.04356      -13.46
      -9.096       9.994
       13.51       -1.23
      -10.83      -8.251
       2.425       13.45
       7.327       -11.6
      -13.29       3.619
       12.29       6.332
      -4.803      -13.02
      -5.272       12.89
       12.64      -5.966
       -13.4      -4.155
       7.099       12.16
       2.988      -13.81
      -11.57       8.193
       14.12       1.782
      -9.237      -10.89
     -0.5447       14.32
       10.11      -10.22
      -14.41      0.7139
       11.14       9.237
      -1.985      -14.39
      -8.283       11.99
       14.25      -3.257
      -12.75      -7.251
        4.52       14.01
       6.149      -13.42
      -13.65       5.765
          14       4.983
       -6.98      -13.17
      -3.763       14.47
       12.59      -8.157
      -14.84      -2.499
       9.284       11.91
         1.2       -15.1
      -11.12       10.35
       15.24     -0.1256
      -11.35      -10.23
       1.467       15.26
       9.254      -12.28
      -15.16       2.812
       13.12       8.194
      -4.152      -14.95
      -7.057       13.87
       14.61      -5.474
      -14.51      -5.851
        6.77       14.16
       4.586      -15.06
      -13.59       8.028
       15.49        3.27
      -9.237      -12.91
      -1.915        15.8
       12.12      -10.39
         -16     -0.5276
       11.47       11.23
      -0.878      -16.07
      -10.24       12.48
       16.02      -2.292
       -13.4      -9.157
       3.704       15.84
       7.992      -14.22
      -15.54       5.102
       14.95       6.754
      -6.475      -15.12
       -5.45       15.56
       14.57      -7.812
      -16.06       -4.09
       9.103        13.9
       2.684      -16.44
      -13.12       10.34
        16.7       1.242
       -11.5      -12.23
      0.2239       16.83
       11.23      -12.59
      -16.82       1.702
       13.59       10.14
      -3.183      -16.69
      -8.951       14.49
       16.43      -4.652
       -15.3      -7.687
       6.101       16.04
       6.351      -15.99
      -15.52       7.515
       16.56       4.953
      -8.885      -14.87
      -3.501       17.01
        14.1       -10.2
      -17.33       -2.01
       11.45       13.22
      0.4899      -17.52
      -12.22       12.62
       17.58      -1.048
       -13.7      -11.13
       2.593        17.5
       9.929      -14.69
      -17.28       4.131
       15.57       8.647
      -5.651      -16.93
      -7.283       16.34
       16.44      -7.141
      -16.99      -5.855
       8.589       15.82
       4.365      -17.51
      -15.08       9.983
        17.9       2.832
      -11.31      -14.21
      -1.259       18.16
       13.22      -12.56
      -18.28      0.3347
       13.73       12.12
      -1.939      -18.25
      -10.92        14.8
       18.09      -3.543
      -15.76      -9.626
       5.132       17.78
       8.247      -16.61
      -17.34       6.694
       17.34       6.788
      -8.218      -16.75
       -5.27       17.94
       16.04      -9.692
      -18.41      -3.694
        11.1       15.19
       2.079      -18.74
      -14.22       12.44
       18.92      0.4343
      -13.68      -13.13
       1.226       18.96
       11.93      -14.84
