      0.2245      -1.168
      0.8821       1.433
      -1.982     -0.5643
       2.128      -1.065
     -0.9496       2.485
      -1.072       -2.71
       2.831       1.376
      -3.226      0.9595
       1.835      -3.062
      0.7534       3.686
      -3.194      -2.317
       4.095      -0.469
      -2.813       3.239
     -0.1179       -4.45
       3.202       3.314
       -4.75     -0.2904
       3.813      -3.087
     -0.7473       4.992
      -2.899      -4.301
       5.173       1.245
      -4.771        2.64
       1.775      -5.291
       2.316       5.215
      -5.343       -2.33
       5.627       -1.93
      -2.902       5.328
      -1.487      -6.001
       5.244       3.484
       -6.33      0.9911
       4.067      -5.092
      0.4485       6.609
      -4.872      -4.644
       6.834      0.1352
      -5.207       4.584
       0.754      -6.999
       4.231        5.75
        -7.1      -1.401
       6.265      -3.813
      -2.071       7.136
      -3.335      -6.746
       7.103       2.755
      -7.184         2.8
       3.446          -7
       2.212       7.576
      -6.825      -4.138
       7.914      -1.576
      -4.823       6.579
      -0.897      -8.194
       6.261       5.493
      -8.411      0.1808
       6.141      -5.873
     -0.5663       8.561
      -5.417      -6.759
        8.64       1.338
      -7.342       4.895
       2.126      -8.646
        4.31       7.881
      -8.576      -2.925
       8.371      -3.667
      -3.727       8.429
      -2.971      -8.805
       8.205       4.523
      -9.178       2.225
       5.306      -7.902
       1.436       9.485
      -7.523       -6.07
        9.72     -0.6108
      -6.805       7.068
      0.2449       -9.88
        6.54       7.505
      -9.962      -1.124
       8.162      -5.942
      -2.019       9.963
      -5.278       -8.77
       9.881       2.921
      -9.321       4.551
       3.824      -9.715
       3.767        9.81
      -9.464      -4.719
       10.23      -2.932
      -5.598       9.129
      -2.051      -10.58
        8.71       6.453
      -10.85       1.132
       7.276       -8.21
      0.1815       11.03
       -7.63      -8.059
       11.13      0.7928
      -8.794       6.975
       1.783      -11.15
       6.248       9.475
      -11.07      -2.781
       10.09      -5.455
      -3.779        10.9
        -4.6      -10.65
       10.64       4.767
      -11.12        3.69
       5.738      -10.29
       2.731       11.52
      -9.845      -6.682
       11.83      -1.731
      -7.592       9.314
     -0.6969      -12.06
       8.699        8.46
      -12.19     -0.3632
       9.276      -8.001
      -1.441       12.22
      -7.227      -10.03
       12.16       2.528
      -10.72       6.381
       3.614         -12
       5.468       11.34
      -11.75      -4.691
       11.88      -4.495
      -5.751       11.39
      -3.469      -12.34
       10.94       6.783
       -12.7       2.397
       7.779      -10.39
       1.288       12.97
      -9.751       -8.73
       13.14     -0.1508
      -9.628       9.024
       1.008      -13.21
       8.214       10.46
      -13.18      -2.176
       11.23      -7.325
      -3.346       13.04
      -6.365      -11.92
        12.8       4.508
      -12.53       5.339
       5.652      -12.45
       4.256       13.05
      -11.99       -6.77
       13.47      -3.122
      -7.851       11.44
      -1.947      -13.79
       10.79       8.886
      -14.01      0.7395
       9.866      -10.04
     -0.4924       14.12
      -9.207      -10.78
       14.12       1.737
      -11.63       8.287
       2.986      -14.01
       7.289       12.39
      -13.79      -4.228
       13.07       -6.22
      -5.455       13.46
      -5.087      -13.66
       13.02       6.656
      -14.14         3.9
       7.819      -12.47
       2.666       14.52
      -11.81      -8.937
        14.8      -1.394
         -10       11.06
    -0.09585      -14.96
       10.21          11
         -15       -1.22
       11.92      -9.262
      -2.542       14.93
      -8.235      -12.76
       14.74       3.861
      -13.52       7.131
       5.167      -14.43
       5.958       14.17
      -14.01      -6.448
       14.73      -4.724
      -7.693       13.47
      -3.438      -15.17
       12.82       8.893
      -15.51        2.11
       10.04      -12.07
      0.7501       15.72
      -11.21      -11.12
       15.82      0.6308
      -12.12       10.25
       2.023      -15.79
         9.2       13.05
      -15.64      -3.415
       13.88      -8.069
      -4.796       15.36
      -6.862      -14.61
       14.97       6.154
      -15.23       5.589
       7.479      -14.45
       4.257       15.75
      -13.81       -8.76
       16.15      -2.879
      -9.987       13.06
      -1.464      -16.42
        12.2       11.15
      -16.57     0.02325
       12.24      -11.24
      -1.433        16.6
      -10.18      -13.24
       16.49       2.894
      -14.15       9.029
       4.346      -16.26
       7.796       14.96
      -15.89       -5.78
       15.66       -6.49
      -7.182        15.4
       -5.12      -16.25
       14.79       8.543
      -16.71       3.698
        9.85      -14.05
       2.233       17.06
       -13.2      -11.09
       17.27     -0.7372
      -12.26       12.24
      0.7799      -17.35
       11.17       13.35
      -17.29      -2.303
       14.34      -10.01
      -3.825        17.1
      -8.754      -15.23
       16.78        5.33
      -16.01       7.422
       6.808      -16.33
       6.021       16.67
      -15.74      -8.246
       17.21      -4.561
      -9.633       15.02
      -3.052      -17.62
       14.19       10.96
       -17.9       1.506
       12.21      -13.23
    -0.06501       18.04
      -12.17      -13.38
       18.05       1.649
      -14.45          11
       3.236      -17.91
       9.733       15.43
      -17.63       -4.81
       16.29      -8.383
       -6.36       17.22
      -6.956      -17.03
       16.67       7.874
      -17.64       5.463
       9.339      -15.98
       3.916       18.13
      -15.16      -10.74
       18.48      -2.326
      -12.08       14.23
     -0.7041      -18.69
       13.17       13.33
      -18.75     -0.9372
       14.49         -12
      -2.583       18.67
      -10.73      -15.54
       18.45       4.223
      -16.49       9.366
       5.842      -18.08
        7.92       17.31
