      0.6554      0.9931
      -1.632     -0.4095
       1.813     -0.9804
     -0.7787       2.249
      -1.056      -2.442
        2.66       1.191
      -2.987      0.9923
       1.638       -2.94
      0.8247       3.473
      -3.114      -2.112
       3.904     -0.5726
      -2.603       3.196
     -0.2489      -4.283
       3.193       3.103
      -4.606     -0.1359
       3.603       -3.11
     -0.5728       4.872
      -2.952      -4.095
       5.078       1.054
      -4.572       2.722
        1.57      -5.222
       2.425       5.026
        -5.3      -2.115
       5.451      -2.064
       -2.68       5.311
      -1.644       -5.84
       5.255       3.257
      -6.186        1.17
       3.838      -5.131
      0.6462       6.485
      -4.937      -4.417
        6.73    -0.07929
      -4.985       4.676
      0.5251      -6.918
       4.348       5.535
      -7.044      -1.161
        6.06      -3.956
      -1.821       7.105
      -3.502      -6.553
       7.098       2.498
      -7.007        2.99
       3.186      -7.022
       2.422       7.417
      -6.875      -3.877
       7.775      -1.805
      -4.564       6.656
      -1.143      -8.077
       6.365       5.238
      -8.317      0.4416
       5.894      -6.004
      -0.293       8.492
      -5.574      -6.523
       8.598       1.054
      -7.118       5.077
       1.836      -8.631
       4.517       7.673
      -8.589       -2.63
       8.181      -3.897
       -3.43       8.471
       -3.22      -8.635
       8.276       4.227
      -9.031       2.493
       5.015      -8.003
       1.721       9.362
      -7.652      -5.785
       9.623     -0.9103
       -6.53       7.226
    -0.06647      -9.811
       6.725       7.242
      -9.922     -0.8037
       7.915      -6.154
      -1.692       9.953
      -5.514       -8.54
       9.902       2.591
      -9.112       4.811
       3.493      -9.767
       4.048       9.624
      -9.547       -4.39
       10.07      -3.233
      -5.274       9.243
      -2.369      -10.44
       8.855       6.137
      -10.74       1.465
       6.972      -8.385
      0.5268       10.96
      -7.835      -7.769
       11.09      0.4389
      -8.521       7.209
       1.423      -11.13
       6.509       9.222
      -11.09      -2.417
       9.864       -5.74
      -3.415       10.95
      -4.908      -10.44
       10.73       4.406
      -10.94       4.018
       5.383      -10.41
       3.078       11.37
         -10      -6.336
       11.71      -2.093
      -7.259       9.502
      -1.071      -11.97
       8.918       8.141
      -12.13     0.02073
       8.975      -8.252
       -1.05        12.2
      -7.506      -9.754
       12.18       2.133
      -10.47       6.685
       3.219      -12.06
       5.797       11.11
      -11.84      -4.299
       11.68      -4.846
      -5.365       11.52
      -3.839      -12.17
        11.1       6.407
      -12.57       2.784
       7.415      -10.59
       1.689       12.87
      -9.981      -8.383
       13.08     -0.5623
        -9.3       9.286
      0.5879      -13.18
       8.506       10.16
      -13.19      -1.752
       10.95      -7.646
      -2.921       13.09
      -6.712      -11.67
       12.88       4.086
      -12.31        5.71
       5.237      -12.57
       4.648       12.86
      -12.16      -6.364
       13.31      -3.532
      -7.458       11.64
      -2.372      -13.67
       11.02       8.509
      -13.93       1.176
       9.509      -10.31
    -0.04642       14.08
      -9.509      -10.45
       14.12       1.286
      -11.32        8.62
       2.533      -14.05
        7.65       12.11
      -13.87      -3.778
       12.82      -6.607
       -5.01       13.58
      -5.496      -13.44
       13.18        6.22
      -13.97       4.329
       7.397      -12.67
       3.112       14.38
      -12.05      -8.532
        14.7      -1.854
      -9.615       11.33
     -0.5659       -14.9
       10.51       10.64
      -14.98     -0.7434
       11.59      -9.604
      -2.063       14.96
      -8.607      -12.46
       14.81       3.384
      -13.25       7.531
       4.694      -14.54
       6.382       13.94
      -14.16      -5.984
       14.53       -5.17
      -7.242       13.67
      -3.903      -15.01
       13.06       8.459
      -15.39        2.59
       9.625      -12.34
       1.242       15.65
      -11.52      -10.73
       15.78      0.1311
      -11.76        10.6
       1.519       -15.8
        9.58       12.71
       -15.7      -2.911
       13.58      -8.478
      -4.296       15.47
      -7.299      -14.35
       15.11       5.662
      -15.01        6.05
           7      -14.64
       4.739       15.57
      -14.05      -8.298
          16      -3.378
      -9.544       13.34
      -1.977      -16.32
       12.52       10.73
      -16.52      0.5448
       11.84      -11.59
     -0.9063       16.59
      -10.57      -12.88
       16.53       2.365
      -13.82       9.446
       3.821      -16.34
       8.243       14.67
      -16.03      -5.261
       15.41      -6.963
      -6.675       15.58
      -5.617      -16.04
       15.01       8.052
      -16.55       4.213
       9.379      -14.32
       2.764       16.94
      -13.51      -10.65
       17.19      -1.279
      -11.84       12.59
      0.2306      -17.32
       11.56       12.96
      -17.32      -1.752
       13.99      -10.43
      -3.276       17.18
      -9.209      -14.91
        16.9       4.787
      -15.73       7.906
       6.275      -16.49
        6.53       16.44
      -15.95      -7.728
       17.02       -5.09
      -9.134       15.29
      -3.599      -17.48
       14.49       10.48
      -17.81       2.066
       11.76      -13.58
      0.5033          18
      -12.56      -12.96
       18.05       1.077
      -14.07       11.43
       2.665      -17.97
       10.19       15.08
      -17.74      -4.241
       15.98      -8.874
      -5.802       17.37
      -7.474      -16.77
       16.87       7.328
      -17.43       6.005
       8.813      -16.23
       4.477       17.96
      -15.47      -10.24
       18.36      -2.902
       -11.6       14.57
      -1.291      -18.62
       13.56       12.88
      -18.73     -0.3454
       14.07      -12.43
      -1.988       18.71
      -11.19      -15.17
       18.54       3.632
      -16.15       9.863
       5.257      -18.22
       8.446       17.02
      -17.76      -6.859
