    -0.05505       1.189
      -1.078      -1.292
       2.042       0.275
      -1.953       1.359
      0.5842      -2.596
       1.449       2.529
      -2.999     -0.9571
       3.055      -1.411
      -1.378       3.293
      -1.273      -3.541
       3.493       1.836
      -3.986        1.05
       2.321      -3.608
      0.7535       4.388
      -3.643      -2.822
       4.743     -0.3923
      -3.332       3.601
     0.02535      -5.048
       3.484       3.842
      -5.298     -0.4918
       4.344      -3.296
     -0.9997       5.491
      -3.038       -4.83
       5.621       1.542
      -5.293       2.715
        2.11      -5.688
        2.33       5.727
      -5.689      -2.697
       6.123      -1.887
      -3.296       5.622
       -1.39      -6.477
       5.486       3.899
      -6.783       0.844
       4.498      -5.282
       0.255       7.034
       -5.01      -5.086
       7.228      0.3712
      -5.655       4.671
       1.028      -7.359
       4.266       6.199
      -7.424       -1.71
        6.71      -3.799
      -2.409       7.421
      -3.273      -7.182
       7.347       3.119
      -7.607       2.692
       3.832      -7.201
        2.06       7.982
      -6.982       -4.54
       8.299      -1.382
      -5.237       6.691
     -0.6642      -8.554
       6.328       5.915
      -8.743     -0.0878
       6.566      -5.895
     -0.8675       8.861
      -5.394      -7.183
       8.907       1.668
       -7.76       4.827
       2.482      -8.876
         4.2        8.29
      -8.767      -3.302
       8.765      -3.515
      -4.121        8.58
      -2.779      -9.181
       8.314       4.931
      -9.533       1.995
       5.724      -7.969
       1.171       9.814
      -7.547      -6.492
       10.02      -0.313
      -7.228       7.049
      0.5722      -10.15
       6.478       7.924
       -10.2      -1.477
       8.574      -5.838
      -2.395       10.16
      -5.132       -9.17
       10.04       3.316
      -9.706       4.365
       4.234      -9.836
       3.544       10.17
      -9.544       -5.14
       10.57      -2.672
      -6.026       9.166
      -1.758      -10.89
       8.705       6.884
      -11.13      0.8084
       7.706      -8.162
     -0.1698       11.29
       -7.54      -8.484
       11.35       1.169
       -9.21       6.843
        2.18      -11.33
       6.076       9.878
      -11.21      -3.196
       10.48      -5.244
      -4.207          11
      -4.351      -11.01
        10.7       5.205
      -11.46       3.406
       6.182       -10.3
       2.414       11.83
       -9.82      -7.128
       12.11      -1.384
      -8.035       9.247
     -0.3226       -12.3
       8.588       8.896
       -12.4     -0.7616
       9.701      -7.849
       -1.86        12.4
      -7.034      -10.44
        12.3       2.963
      -11.12       6.148
       4.062       -12.1
       5.198       11.71
       -11.8      -5.148
       12.23      -4.189
      -6.212        11.4
      -3.131      -12.65
        10.9       7.245
      -12.98       2.029
       8.237      -10.31
       0.893       13.22
      -9.627      -9.181
       13.35      0.2682
      -10.07       8.857
       1.446      -13.38
       8.005       10.89
      -13.31      -2.631
       11.63      -7.077
      -3.813       13.13
      -6.078       -12.3
       12.84       4.984
      -12.88       5.017
       6.133      -12.45
         3.9       13.37
      -11.95       -7.25
       13.76      -2.736
      -8.327       11.35
      -1.533      -14.04
       10.66       9.354
      -14.23      0.3014
       10.32      -9.865
       -0.95        14.3
      -8.987      -11.22
       14.26       2.211
      -12.05       8.026
       3.473       -14.1
       6.988       12.79
      -13.84      -4.724
       13.44      -5.883
      -5.955       13.46
      -4.716      -13.99
       12.97       7.155
      -14.44       3.497
       8.315      -12.37
       2.235       14.79
      -11.67      -9.424
       15.02     -0.9392
      -10.47       10.87
      0.3799      -15.14
       9.977       11.46
      -15.14      -1.713
       12.36      -8.992
      -3.049       15.02
      -7.924      -13.18
       14.79       4.376
       -13.9       6.782
       5.686      -14.43
       5.574       14.53
      -13.96      -6.967
       15.05      -4.307
      -8.209       13.38
      -2.992      -15.45
       12.68         9.4
      -15.74       1.639
       10.53      -11.88
      0.2575       15.92
      -10.97      -11.59
       15.97       1.142
      -12.58       9.971
       2.547      -15.89
       8.881       13.48
      -15.69      -3.948
       14.28      -7.711
      -5.334       15.37
      -6.467      -14.98
       14.93       6.693
      -15.57        5.16
       8.015      -14.36
       3.799       16.04
      -13.67      -9.288
        16.4      -2.394
       -10.5       12.88
     -0.9563      -16.63
       11.97       11.65
      -16.73     -0.5048
       12.71      -10.96
      -1.976       16.71
      -9.855      -13.69
       16.56       3.446
      -14.57       8.663
       4.905      -16.27
       7.392       15.35
      -15.86      -6.339
       16.01      -6.052
      -7.739       15.32
      -4.651      -16.56
       14.65       9.091
      -16.98         3.2
       10.39      -13.87
        1.71       17.28
      -12.96      -11.61
       17.45     -0.1949
      -12.76       11.95
       1.338      -17.48
       10.84       13.82
      -17.37      -2.874
       14.78      -9.637
      -4.402       17.13
      -8.345      -15.64
       16.76       5.909
      -16.38       6.977
       7.385      -16.25
       5.543       17.01
      -15.61      -8.816
        17.5      -4.052
      -10.19       14.84
      -2.518      -17.87
       13.96        11.5
       -18.1      0.9499
       12.73      -12.95
     -0.6399       18.19
      -11.84      -13.87
       18.14       2.237
      -14.92       10.63
       3.831      -17.95
       9.321       15.86
      -17.62      -5.408
       16.68      -7.932
      -6.957       17.15
       -6.47      -17.38
       16.55       8.464
      -17.96       4.946
       9.919      -15.81
       3.371       18.39
      -14.94      -11.31
       18.69      -1.756
      -12.62       13.95
     -0.1151      -18.85
       12.84       13.85
      -18.86      -1.539
       14.98      -11.63
      -3.195       18.73
      -10.32         -16
