     -0.1157      -1.184
      -1.011       1.345
       2.026      -0.379
       -2.02      -1.257
      0.7161       2.562
       1.318        -2.6
      -2.946       1.109
       3.123       1.253
      -1.545      -3.218
       -1.09       3.601
       3.395      -2.012
      -4.034      -0.845
       2.502       3.485
      0.5283       -4.42
      -3.494       3.005
       4.757      0.1494
      -3.512      -3.426
      0.2834        5.04
       3.283      -4.015
      -5.266       0.762
       4.506       3.069
      -1.279      -5.432
      -2.788       4.979
       5.535      -1.827
      -5.425      -2.441
       2.398       5.573
       2.034      -5.838
      -5.544       2.985
       6.212       1.571
      -3.579      -5.446
      -1.057        6.54
        5.28      -4.174
      -6.817     -0.4962
       4.762       5.045
     -0.1048      -7.038
      -4.743       5.335
       7.199     -0.7401
      -5.887      -4.375
       1.403       7.297
       3.944      -6.409
      -7.327       2.087
       6.895       3.451
      -2.786      -7.288
      -2.902       7.339
       7.178       -3.49
      -7.735        -2.3
       4.195       6.996
       1.649      -8.077
      -6.741       4.892
       8.359      0.9563
      -5.572      -6.415
     -0.2262       8.577
       6.018      -6.231
      -8.727      0.5345
       6.859       5.552
      -1.319      -8.806
       -5.02        7.45
        8.81      -2.121
      -7.997      -4.424
       2.932       8.737
       3.771      -8.493
      -8.587       3.746
       8.934       3.062
      -4.554      -8.358
      -2.305       9.312
       8.051      -5.349
      -9.622      -1.505
       6.123       7.666
       0.668      -9.861
      -7.205       6.869
       10.02     -0.1995
      -7.579       -6.67
        1.09       10.11
       6.065      -8.245
      -10.11       1.997
       8.861       5.392
      -2.911      -10.03
      -4.656        9.42
       9.859      -3.825
      -9.916      -3.863
       4.731       9.606
       3.019      -10.34
      -9.268       5.621
        10.7       2.128
      -6.487      -8.846
      -1.199       10.97
       8.342       -7.32
      -11.16     -0.2385
       8.113       7.757
     -0.7464      -11.26
      -7.096       8.858
       11.28      -1.748
      -9.548      -6.364
       2.757        11.2
       5.563      -10.18
      -11.03       3.765
       10.73       4.701
      -4.764      -10.77
      -3.783       11.22
       10.42      -5.745
      -11.62      -2.816
         6.7       9.975
       1.807      -11.94
      -9.443        7.62
       12.17      0.7631
      -8.497      -8.824
      0.3065        12.3
       8.122      -9.323
      -12.34       1.395
       10.09       7.343
      -2.491      -12.29
      -6.491       10.79
       12.13      -3.587
      -11.42      -5.572
       4.675       11.87
       4.592      -11.96
      -11.52       5.744
       12.43       3.559
      -6.786      -11.06
       -2.48        12.8
       10.52      -7.792
      -13.07      -1.363
       8.753       9.875
      0.2159      -13.25
      -9.144       9.661
       13.32     -0.9507
      -10.51      -8.331
       2.128       13.29
       7.438      -11.28
      -13.16       3.308
       11.98       6.473
      -4.479      -12.92
      -5.442        12.6
       12.57      -5.634
      -13.12      -4.352
       6.761       12.12
       3.212      -13.55
      -11.56       7.851
       13.88       2.029
      -8.897      -10.91
     -0.8128       14.11
       10.16      -9.886
      -14.22      0.4264
       10.81       9.325
       -1.68      -14.23
      -8.401       11.67
       14.12      -2.937
      -12.44        -7.4
       4.189       13.91
       6.326      -13.13
      -13.58       5.425
       13.72       5.188
      -6.635      -13.14
      -3.995       14.21
       12.59      -7.808
       -14.6      -2.754
       8.937       11.93
       1.476      -14.88
      -11.18       10.01
       15.05        0.17
      -11.02      -10.32
       1.154        15.1
       9.378      -11.95
      -15.03       2.484
        12.8       8.348
      -3.812      -14.85
      -7.241       13.56
       14.54      -5.126
      -14.23      -6.063
       6.416       14.12
       4.824      -14.79
      -13.59       7.672
       15.25       3.532
      -8.882      -12.94
      -2.198       15.59
       12.18      -10.04
      -15.81     -0.8316
       11.13       11.32
     -0.5567      -15.91
      -10.36       12.14
       15.89      -1.956
      -13.07      -9.315
       3.356       15.74
       8.181      -13.91
      -15.47       4.745
       14.65       6.971
      -6.113      -15.08
      -5.693       15.29
       14.56      -7.448
      -15.81      -4.357
       8.738       13.93
       2.974      -16.22
      -13.18       9.975
        16.5       1.553
      -11.15      -12.32
     -0.1047       16.66
       11.36      -12.24
      -16.69       1.359
       13.26        10.3
      -2.827      -16.59
      -9.143       14.18
       16.36      -4.287
      -14.99      -7.908
        5.73          16
       6.598      -15.71
      -15.51       7.142
        16.3       5.225
      -8.512       -14.9
      -3.798       16.78
       14.17      -9.829
      -17.13      -2.328
       11.08       13.32
      0.8254      -17.35
      -12.35       12.26
       17.43     -0.6974
      -13.36      -11.29
        2.23       17.38
       10.12      -14.36
       -17.2       3.759
       15.26       8.868
      -5.272      -16.88
      -7.535       16.05
       16.43      -6.758
      -16.72       -6.13
       8.206       15.85
       4.666      -17.27
      -15.14       9.602
       17.69       3.152
      -10.94       -14.3
      -1.601       17.97
       13.35       -12.2
      -18.12    -0.02322
       13.38       12.28
      -1.569      -18.13
      -11.12       14.46
          18      -3.162
      -15.44       -9.85
       4.744       17.73
       8.498      -16.31
      -17.32       6.302
       17.07       7.069
      -7.825      -16.77
      -5.573       17.69
       16.09      -9.299
      -18.18      -4.021
       10.71       15.28
       2.426      -18.54
      -14.34       12.06
       18.76      0.7974
      -13.32      -13.29
       0.849       18.83
       12.12      -14.49
      -18.76       2.502
       15.55       10.85
      -4.149      -18.54
      -9.484       16.51
