      -1.109     -0.4323
       0.743        1.51
       0.578      -1.978
      -2.035       1.233
       2.609        0.52
      -1.723      -2.351
      -0.343       3.129
        2.53      -2.219
      -3.569    -0.07724
       2.719       2.601
     -0.2599      -3.938
      -2.578       3.216
        4.24     -0.6558
      -3.704       -2.47
         1.1       4.475
       2.284      -4.175
      -4.643       1.583
       4.623       2.026
      -2.096      -4.744
      -1.702       5.042
       4.775      -2.631
      -5.423      -1.316
        3.18       4.738
      0.8736      -5.763
      -4.631       3.735
       6.055      0.3814
      -4.287      -4.454
      0.1553       6.294
        4.21       -4.83
      -6.476      0.7297
       5.355         3.9
      -1.335      -6.597
      -3.525       5.856
       6.654      -1.966
      -6.325      -3.089
       2.614       6.643
       2.596      -6.756
      -6.564       3.272
       7.143       2.048
      -3.933      -6.416
      -1.452       7.479
       6.197      -4.589
       -7.76     -0.8111
       5.234       5.907
      0.1325       -7.98
      -5.549       5.859
       8.137     -0.5781
      -6.458      -5.123
       1.314       8.224
       4.633      -7.023
      -8.241       2.069
       7.548        4.08
      -2.836      -8.185
       -3.47       8.026
       8.053      -3.607
       -8.45      -2.805
       4.375       7.846
       2.092      -8.817
      -7.562       5.132
       9.119       1.335
       -5.87      -7.204
     -0.5419       9.353
       6.771      -6.583
      -9.514      0.2824
       7.262       6.267
       -1.13        -9.6
      -5.694       7.901
       9.607      -1.995
      -8.493      -5.055
       2.868       9.533
       4.354      -9.031
      -9.376       3.743
       9.508       3.598
      -4.611      -9.138
       -2.79       9.919
       8.816      -5.465
      -10.26      -1.938
       6.296       8.413
       1.047      -10.52
       -7.93       7.097
       10.71      0.1242
       -7.86       -7.37
      0.8224       10.81
       6.735      -8.577
      -10.82       1.785
       9.241       6.029
      -2.757      -10.75
      -5.258       9.845
       10.59      -3.728
      -10.38      -4.427
       4.692       10.34
       3.541      -10.85
      -9.993       5.638
       11.24       2.607
       -6.56      -9.563
      -1.631       11.54
       9.047      -7.448
      -11.76     -0.6224
       8.295       8.447
     -0.4125      -11.89
      -7.767       9.092
       11.93      -1.465
      -9.832       -7.01
       2.526       11.87
       6.183      -10.51
      -11.71       3.588
       11.11        5.29
      -4.642      -11.46
      -4.338       11.64
       11.11      -5.679
      -12.08      -3.334
       6.688       10.67
       2.285      -12.44
      -10.13       7.663
        12.7       1.199
      -8.594      -9.506
    -0.08484       12.87
       8.793      -9.473
      -12.94       1.049
       10.29       7.998
      -2.195       -12.9
      -7.126       11.04
       12.77      -3.342
      -11.72      -6.183
       4.482       12.53
       5.176      -12.31
      -12.18       5.604
       12.82       4.113
      -6.699      -11.74
      -2.999       13.23
       11.19      -7.759
      -13.54      -1.845
       8.775       10.55
      0.6589      -13.76
      -9.815       9.736
       13.86     -0.5504
      -10.63      -8.992
       1.773       13.86
       8.086      -11.46
      -13.75       3.001
       12.21       7.103
      -4.222      -13.54
      -6.051       12.88
       13.21      -5.427
      -13.45      -4.936
       6.606       12.77
       3.767      -13.93
      -12.23        7.75
        14.3       2.552
      -8.849      -11.58
      -1.301       14.56
       10.83      -9.892
      -14.72    -0.02335
       10.87        9.99
      -1.272      -14.76
       -9.06       11.78
       14.68      -2.574
      -12.61      -8.046
       3.873       14.49
       6.957      -13.35
      -14.19       5.157
       13.99         5.8
      -6.418      -13.77
      -4.582       14.53
       13.23      -7.644
      -14.97      -3.314
       8.825       12.59
       2.005      -15.29
      -11.84       9.951
        15.5      0.6646
      -11.01      -10.99
       0.698       15.59
       10.04         -12
      -15.56        2.07
       12.91       9.008
      -3.442       -15.4
       -7.89       13.72
       15.13      -4.803
      -14.44      -6.698
       6.141       14.73
        5.44      -15.05
      -14.22       7.448
       15.56       4.125
       -8.71      -13.59
      -2.764       15.95
       12.84      -9.918
      -16.21      -1.367
       11.06       11.99
    -0.05693      -16.36
      -11.04       12.13
       16.38      -1.495
      -13.12      -9.986
       2.936       16.27
       8.846      -14.01
      -16.03       4.369
       14.81       7.626
      -5.784      -15.67
      -6.334        15.5
       15.18      -7.168
      -16.07       -4.98
        8.51       14.56
       3.573      -16.53
      -13.83       9.799
       16.86       2.124
      -11.02      -12.99
     -0.6451       17.07
       12.03      -12.18
      -17.14      0.8534
       13.25       10.97
       -2.36      -17.08
      -9.821       14.22
       16.89      -3.862
       -15.1       -8.58
       5.349       16.56
       7.261      -15.86
      -16.11       6.809
       16.51       5.873
      -8.229      -15.52
      -4.427       17.04
       14.81      -9.598
      -17.44      -2.933
       10.91       13.98
       1.403      -17.71
      -13.03       12.14
       17.85     -0.1515
      -13.29      -11.97
       1.719       17.84
       10.81      -14.35
       -17.7       3.287
       15.31       9.555
      -4.843      -17.42
      -8.216       16.15
       17.01      -6.376
      -16.88      -6.801
       7.872       16.45
       5.321      -17.49
      -15.77        9.32
       17.96       3.788
      -10.71      -14.96
      -2.212        18.3
       14.02      -12.02
       -18.5     -0.6066
       13.26       12.97
      -1.017      -18.56
      -11.81        14.4
       18.47      -2.647
      -15.44      -10.55
        4.27       18.24
       9.194      -16.37
      -17.87       5.872
       17.18       7.759
      -7.442      -17.36
      -6.252       17.86
       16.71      -8.966
      -18.41      -4.684
       10.43       15.92
