     -0.1899       1.175
        1.32      -1.043
      -2.055     -0.1498
       1.633       1.731
     -0.0393       -2.66
      -1.937       2.178
       3.132     -0.3215
      -2.701      -2.008
      0.6737       3.505
       1.972      -3.204
      -3.795       1.081
       3.685       1.845
      -1.531      -4.007
      -1.638        4.14
       4.144      -2.015
      -4.562      -1.357
       2.522       4.208
       1.011      -4.946
      -4.198       3.045
       5.287      0.6055
      -3.575      -4.117
     -0.1478       5.579
       3.965      -4.104
      -5.818      0.3556
       4.624       3.743
     -0.8983          -6
      -3.455       5.127
       6.121      -1.473
      -5.606      -3.103
       2.073       6.179
       2.689      -6.055
      -6.169       2.691
       6.465       2.217
      -3.319      -6.093
      -1.693       6.833
       5.947       -3.95
       -7.15      -1.119
       4.577       5.731
      0.5031      -7.413
      -5.447       5.192
       7.617     -0.1507
      -5.788      -5.095
      0.8359       7.757
       4.677      -6.357
      -7.831       1.546
       6.893       4.196
      -2.273      -7.834
      -3.654       7.389
       7.765      -3.012
      -7.839      -3.055
       3.753       7.623
       2.405      -8.236
      -7.407       4.491
       8.575       1.708
      -5.217      -7.116
     -0.9688       8.851
       6.753      -5.924
      -9.059     -0.1947
       6.605       6.317
     -0.6086      -9.196
      -5.811       7.252
       9.258      -1.434
      -7.858      -5.238
       2.274       9.243
       4.603      -8.416
      -9.149       3.121
       8.921       3.908
      -3.967      -8.974
      -3.159       9.365
       8.718      -4.806
      -9.743      -2.362
       5.628       8.382
       1.522      -10.05
      -7.966       6.427
       10.28      0.6459
      -7.194      -7.472
      0.2591       10.44
       6.904      -7.922
      -10.51       1.186
       8.604       6.263
      -2.127       -10.5
      -5.555       9.232
        10.4      -3.073
      -9.799      -4.784
       4.018       10.21
       3.955       -10.3
      -9.932       4.952
       10.73       3.075
      -5.868      -9.569
      -2.149       11.08
        9.12      -6.757
      -11.35      -1.185
       7.611       8.587
      0.1894      -11.53
      -7.973       8.421
       11.63     -0.8284
      -9.181      -7.282
       1.861       11.63
       6.517      -9.883
      -11.54         2.9
       10.52       5.685
      -3.936      -11.35
       -4.79       11.08
       11.07      -4.962
      -11.57      -3.839
       5.967        10.7
        2.84      -11.98
      -10.23       6.945
       12.29       1.798
      -7.885      -9.672
     -0.7227       12.51
       9.027      -8.779
      -12.64      0.3775
       9.619       8.298
      -1.494      -12.67
       -7.49        10.4
        12.6      -2.619
      -11.11      -6.609
       3.742       12.43
       5.659      -11.74
      -12.15       4.855
       12.29        4.65
      -5.947      -11.78
      -3.585       12.75
        11.3      -7.011
      -13.12      -2.476
       8.036       10.73
        1.33       -13.4
      -10.07       9.014
       13.57      0.1548
      -9.936      -9.313
        1.04       13.63
       8.473      -10.79
      -13.59       2.244
       11.58       7.553
      -3.449      -13.44
      -6.559       12.29
       13.18      -4.645
       -12.9        -5.5
       5.822       12.82
       4.381      -13.43
      -12.35       6.969
       13.86       3.213
      -8.079      -11.77
      -2.002       14.19
        11.1       -9.14
      -14.41     -0.7596
       10.14       10.33
     -0.5062      -14.51
      -9.463       11.08
       14.51      -1.785
      -11.95      -8.514
       3.067       14.39
       7.486      -12.73
      -14.16       4.342
       13.42       6.385
        -5.6      -13.82
       -5.22       14.02
       13.36       -6.83
      -14.51          -4
       8.021       12.79
       2.733       -14.9
      -12.11       9.165
       15.17       1.429
      -10.25      -11.34
    -0.09825       15.33
       10.46      -11.27
      -15.37        1.25
       12.21        9.49
      -2.604      -15.29
      -8.435       13.07
       15.09      -3.955
      -13.84      -7.301
        5.29       14.78
       6.098      -14.51
      -14.34       6.599
       15.07       4.833
      -7.872      -13.78
      -3.517       15.53
       13.12      -9.098
      -15.86      -2.158
       10.27       12.34
      0.7671      -16.08
      -11.46       11.37
       16.17     -0.6449
      -12.39      -10.48
       2.067       16.14
       9.401      -13.33
      -15.98        3.49
       14.18       8.243
      -4.899       -15.7
      -7.009       14.92
       15.29      -6.286
      -15.56      -5.707
       7.637       14.76
       4.347      -16.08
       -14.1       8.944
       16.48       2.939
      -10.19      -13.33
      -1.495       16.76
       12.45      -11.38
      -16.91    -0.02373
       12.48       11.47
      -1.463      -16.93
      -10.38       13.51
       16.82      -2.952
      -14.43      -9.207
       4.433       16.58
       7.949      -15.25
       -16.2       5.893
       15.97       6.616
      -7.322       -15.7
      -5.219       16.56
       15.07      -8.707
      -17.03      -3.769
       10.04       14.32
       2.275      -17.38
      -13.45        11.3
       17.59        0.75
      -12.49      -12.46
      0.7944       17.67
       11.38       -13.6
      -17.61       2.347
        14.6       10.19
      -3.895      -17.42
      -8.913       15.51
       17.09      -5.427
       -16.3      -7.556
        6.93       16.62
       6.129      -16.97
      -16.02       8.393
       17.52       4.642
      -9.804      -15.29
      -3.105       17.93
       14.43      -11.15
      -18.21      -1.531
       12.42       13.46
    -0.06725      -18.36
      -12.38       13.61
       18.36      -1.679
       -14.7      -11.18
       3.291       18.21
       9.898      -15.69
      -17.93       4.891
       16.56       8.523
      -6.466      -17.51
      -7.072       17.31
       16.94      -8.005
      -17.94      -5.552
       9.493       16.24
       3.979      -18.43
      -15.41       10.92
       18.78       2.362
      -12.27      -14.45
     -0.7143       18.99
       13.38      -13.54
