      -1.154     -0.2896
        1.48     -0.8005
     -0.6744       1.947
     -0.9448      -2.184
       2.428       1.087
      -2.766      0.9187
       1.533       -2.75
      0.7776       3.274
      -2.954      -2.004
       3.723      -0.546
      -2.492        3.06
     -0.2391      -4.115
       3.076        2.99
       -4.45     -0.1312
       3.488      -3.011
     -0.5557       4.727
      -2.869       -3.98
       4.943       1.025
      -4.456       2.653
       1.532      -5.096
       2.369       4.911
      -5.183      -2.068
       5.336      -2.021
      -2.625       5.204
      -1.612      -5.727
       5.157       3.196
      -6.075       1.149
       3.772      -5.041
      0.6353       6.376
      -4.857      -4.345
       6.624    -0.07804
      -4.909       4.605
      0.5173      -6.815
       4.286       5.456
      -6.945      -1.144
       5.978      -3.902
      -1.796       7.011
      -3.457      -6.469
       7.009       2.467
      -6.922       2.953
       3.148      -6.938
       2.394        7.33
      -6.796      -3.833
       7.688      -1.785
      -4.514       6.583
      -1.131       -7.99
       6.298       5.183
      -8.232      0.4371
       5.834      -5.944
     -0.2901       8.408
       -5.52       -6.46
       8.516       1.044
      -7.052        5.03
       1.819      -8.552
       4.477       7.604
      -8.514      -2.607
        8.11      -3.863
      -3.401       8.399
      -3.193      -8.563
       8.208       4.192
      -8.958       2.473
       4.975      -7.939
       1.708       9.288
      -7.593       -5.74
        9.55     -0.9034
      -6.481       7.172
    -0.06598      -9.739
       6.676        7.19
      -9.851     -0.7973
       7.859       -6.11
       -1.68       9.884
      -5.476      -8.482
       9.835       2.573
      -9.051       4.779
        3.47      -9.702
       4.022       9.561
      -9.486      -4.362
       10.01      -3.212
      -5.241       9.185
      -2.355      -10.38
       8.801         6.1
      -10.68       1.456
        6.93      -8.335
      0.5237       10.89
       -7.79      -7.724
       11.03      0.4364
      -8.473       7.168
       1.415      -11.07
       6.473       9.171
      -11.03      -2.404
        9.81      -5.708
      -3.396        10.9
      -4.882      -10.38
       10.67       4.383
      -10.89       3.997
       5.355      -10.36
       3.062       11.31
      -9.949      -6.304
       11.65      -2.083
      -7.223       9.455
      -1.066      -11.91
       8.875       8.101
      -12.08     0.02063
       8.933      -8.212
      -1.045       12.15
      -7.471      -9.708
       12.12       2.123
      -10.42       6.654
       3.204         -12
       5.771       11.06
      -11.78       -4.28
       11.63      -4.824
      -5.341       11.46
      -3.823      -12.12
       11.05       6.379
      -12.51       2.773
       7.384      -10.54
       1.682       12.81
      -9.939      -8.348
       13.02       -0.56
      -9.261       9.248
      0.5855      -13.13
       8.472       10.12
      -13.13      -1.745
       10.91      -7.616
       -2.91       13.03
      -6.686      -11.62
       12.83        4.07
      -12.26       5.688
       5.217      -12.52
        4.63       12.81
      -12.11       -6.34
       13.26      -3.519
       -7.43        11.6
      -2.363      -13.62
       10.98       8.478
      -13.88       1.172
       9.475      -10.28
    -0.04625       14.03
      -9.475      -10.41
       14.07       1.282
      -11.28        8.59
       2.524         -14
       7.624       12.07
      -13.82      -3.765
       12.78      -6.584
      -4.993       13.53
      -5.479       -13.4
       13.13       6.199
      -13.92       4.315
       7.373      -12.63
       3.102       14.34
      -12.01      -8.504
       14.65      -1.848
      -9.584        11.3
     -0.5641      -14.85
       10.48        10.6
      -14.94      -0.741
       11.55      -9.574
      -2.057       14.91
      -8.581      -12.42
       14.76       3.373
      -13.21       7.508
        4.68       -14.5
       6.363        13.9
      -14.12      -5.966
       14.49      -5.154
      -7.221       13.63
      -3.891      -14.97
       13.02       8.434
      -15.34       2.583
       9.597       -12.3
       1.239        15.6
      -11.48       -10.7
       15.74      0.1307
      -11.73       10.57
       1.515      -15.76
       9.554       12.68
      -15.65      -2.903
       13.54      -8.456
      -4.284       15.42
      -7.279      -14.31
       15.07       5.647
      -14.97       6.033
       6.981       -14.6
       4.727       15.52
      -14.01      -8.275
       15.96       -3.37
      -9.519        13.3
      -1.972      -16.28
       12.48        10.7
      -16.48      0.5434
       11.81      -11.56
      -0.904       16.55
      -10.54      -12.85
       16.49       2.359
      -13.79       9.422
       3.811       -16.3
       8.222       14.63
      -15.99      -5.248
       15.37      -6.946
      -6.659       15.54
      -5.603         -16
       14.98       8.033
      -16.51       4.203
       9.357      -14.29
       2.757        16.9
      -13.48      -10.62
       17.15      -1.276
      -11.82       12.56
        0.23      -17.28
       11.53       12.93
      -17.28      -1.748
       13.95      -10.41
      -3.267       17.14
      -9.188      -14.88
       16.86       4.776
       -15.7       7.888
       6.261      -16.46
       6.515        16.4
      -15.92      -7.711
       16.98      -5.079
      -9.114       15.25
      -3.591      -17.44
       14.46       10.46
      -17.77       2.061
       11.73      -13.55
      0.5022       17.96
      -12.53      -12.93
       18.01       1.074
      -14.04        11.4
       2.657      -17.93
       10.17       15.05
       -17.7      -4.232
       15.95      -8.855
       -5.79       17.34
      -7.459      -16.73
       16.84       7.312
      -17.39       5.992
       8.795       -16.2
       4.468       17.92
      -15.43      -10.22
       18.32      -2.896
      -11.58       14.54
      -1.288      -18.58
       13.53       12.85
       -18.7     -0.3425
       14.05       -12.4
      -1.984       18.67
      -11.17      -15.14
        18.5       3.625
      -16.12       9.843
       5.247      -18.18
       8.429       16.99
      -17.72      -6.846
       17.73      -6.939
