     -0.6336      -1.007
       1.623      0.4449
      -1.834      0.9407
      0.8275      -2.231
       1.003       2.464
      -2.634      -1.249
       3.008      -0.927
      -1.702       2.903
     -0.7489       -3.49
       3.067       2.179
      -3.916      0.4874
       2.672      -3.138
      0.1557       4.287
      -3.124      -3.171
       4.602      0.2361
      -3.669       3.031
      0.6787      -4.859
       2.862       4.158
      -5.054      -1.164
        4.63      -2.622
      -1.684       5.186
      -2.315      -5.078
       5.253        2.23
      -5.495       1.945
       2.794      -5.252
       1.516       5.874
      -5.183       -3.37
        6.21      -1.035
      -3.949       5.046
     -0.5049      -6.497
        4.84       4.524
       -6.73    -0.06728
       5.086      -4.566
     -0.6757       6.905
      -4.227      -5.629
       7.017       1.314
      -6.145       3.823
       1.975      -7.064
       3.358       6.628
      -7.042      -2.652
       7.071      -2.836
      -3.338       6.951
       -2.26      -7.468
       6.789       4.026
      -7.812       1.635
       4.707      -6.555
      0.9668         8.1
       -6.25      -5.376
       8.325     -0.2604
      -6.023       5.874
       0.478      -8.484
       5.431       6.643
      -8.573      -1.241
       7.227      -4.921
      -2.023       8.589
      -4.349       -7.77
        8.53       2.816
      -8.264       3.717
       3.613      -8.395
       3.031       8.704
      -8.182      -4.406
       9.083      -2.296
      -5.188       7.891
      -1.517      -9.397
       7.524        5.95
      -9.641      0.7005
       6.686      -7.082
     -0.1473        9.81
      -6.566      -7.387
       9.902       1.019
      -8.047        5.98
       1.908      -9.914
       5.327       8.658
      -9.843      -2.805
       9.215      -4.611
      -3.704       9.689
      -3.838       -9.71
       9.449       4.597
      -10.14       3.013
       5.474      -9.126
       2.141       10.49
       -8.72      -6.329
       10.77      -1.231
      -7.153       8.232
     -0.2879      -10.97
       7.664       7.938
      -11.08     -0.6798
       8.677      -7.021
      -1.664        11.1
      -6.306      -9.362
       11.03       2.658
      -9.987       5.524
       3.652      -10.88
       4.679       10.54
      -10.63      -4.639
       11.03      -3.779
      -5.608       10.29
      -2.829      -11.43
        9.86       6.553
      -11.76       1.837
       7.464      -9.342
      0.8107       11.99
      -8.739      -8.333
       12.13      0.2429
      -9.153       8.054
       1.315      -12.18
       7.291       9.915
      -12.13      -2.398
       10.61      -6.455
      -3.481       11.98
      -5.553      -11.24
       11.74       4.556
      -11.79        4.59
       5.614       -11.4
       3.573       12.25
      -10.96      -6.647
       12.62       -2.51
      -7.644       10.42
      -1.409       -12.9
       9.796       8.598
      -13.09       0.278
         9.5      -9.081
     -0.8742       13.17
      -8.282      -10.34
       13.15       2.039
      -11.11       7.405
       3.206      -13.02
       6.456       11.81
      -12.79      -4.366
       12.43      -5.441
      -5.509       12.45
      -4.367      -12.95
       12.02       6.627
      -13.39       3.242
        7.71      -11.48
       2.074       13.72
      -10.84      -8.747
       13.95     -0.8731
      -9.732        10.1
      0.3532      -14.07
       9.279       10.65
      -14.09      -1.594
       11.51      -8.371
      -2.839       13.99
      -7.384      -12.28
       13.79       4.079
      -12.97       6.326
       5.305      -13.47
       5.203       13.56
      -13.04      -6.506
       14.06      -4.024
      -7.671        12.5
      -2.798      -14.45
       11.86       8.792
      -14.73       1.534
        9.86      -11.12
      0.2412       14.91
      -10.28      -10.86
       14.96        1.07
      -11.79       9.349
       2.389      -14.91
       8.334       12.64
      -14.73      -3.706
       13.41      -7.241
       -5.01       14.44
      -6.078      -14.07
       14.03       6.291
      -14.64       4.853
       7.538      -13.51
       3.576        15.1
      -12.87      -8.741
       15.44      -2.254
      -9.891       12.13
     -0.9011      -15.67
       11.28       10.98
      -15.78      -0.475
       11.99      -10.34
      -1.863       15.76
      -9.301      -12.92
       15.63       3.252
      -13.76       8.181
       4.632      -15.37
       6.985        14.5
      -14.99       -5.99
       15.14      -5.722
      -7.317       14.48
        -4.4      -15.66
       13.86       8.602
      -16.07       3.029
       9.833      -13.13
        1.62       16.36
      -12.28         -11
       16.53     -0.1846
      -12.09       11.33
       1.268      -16.57
       10.28       13.11
      -16.48      -2.725
       14.03      -9.143
      -4.176       16.26
      -7.922      -14.85
       15.91       5.609
      -15.56       6.627
       7.013      -15.43
       5.266       16.16
      -14.83      -8.378
       16.64      -3.852
      -9.689       14.11
      -2.394      -16.99
       13.28       10.94
      -17.22      0.9037
       12.11      -12.33
      -0.608       17.31
      -11.27      -13.21
       17.27       2.129
      -14.21       10.12
       3.649       -17.1
       8.882       15.11
      -16.79      -5.154
        15.9      -7.561
      -6.633       16.35
       -6.17      -16.58
       15.78       8.074
      -17.13       4.718
       9.465      -15.08
       3.217       17.56
      -14.26       -10.8
       17.85      -1.677
      -12.05       13.32
      -0.111         -18
       12.27       13.23
      -18.02       -1.47
       14.31      -11.12
      -3.054        17.9
      -9.862       -15.3
       17.64       4.628
      -16.17       8.524
       6.178      -17.24
       7.107       16.92
      -16.71      -7.695
       17.55      -5.624
      -9.164       16.04
      -4.085      -18.05
       15.24       10.57
      -18.42       2.501
       11.91      -14.31
      0.8848       18.64
      -13.27      -13.17
       18.72      0.7524
      -14.34       12.12
       2.396      -18.66
       10.86       15.41
      -18.45      -4.034
       16.36      -9.508
      -5.654        18.1
      -8.073       -17.2
       17.61       7.243
