     -0.2862      -1.155
       1.402      0.9309
      -2.036       0.319
       1.485       -1.86
      0.1804       2.654
       -2.11      -2.011
       3.147     0.06197
      -2.526       2.224
       0.382      -3.549
        2.23        3.03
      -3.872     -0.7637
       3.521      -2.143
      -1.195        4.12
      -1.974      -3.991
       4.297       1.666
      -4.434       1.729
       2.167      -4.401
       1.416       4.845
      -4.435      -2.688
       5.218       -1.04
      -3.223       4.398
     -0.6077      -5.548
        4.29       3.763
      -5.828      0.1258
       4.299      -4.112
     -0.3999       6.054
      -3.867      -4.824
       6.222      0.9628
      -5.331       3.555
       1.556      -6.329
       3.179       5.812
      -6.371      -2.172
        6.26      -2.743
      -2.804       6.346
      -2.251       -6.67
       6.252       3.446
      -7.034       1.706
       4.088       -6.09
       1.113       7.347
      -5.857      -4.725
       7.604     -0.4785
      -5.347       5.555
      0.1929        -7.8
       5.186        5.95
      -7.931     -0.8941
       6.524       -4.75
      -1.619       7.995
      -4.251      -7.063
       7.987        2.36
       -7.56       3.692
       3.111      -7.907
       3.077       8.009
      -7.752      -3.864
       8.405      -2.409
      -4.612       7.523
      -1.696      -8.741
       7.219       5.347
      -9.012      0.9417
       6.061       -6.84
      0.1525       9.215
       -6.39      -6.747
       9.345      0.6646
      -7.399       5.869
       1.503      -9.399
       5.282       8.008
      -9.375      -2.355
       8.568      -4.631
      -3.213       9.271
      -3.922      -9.072
       9.085        4.07
      -9.515       3.158
       4.917      -8.818
       2.346       9.891
      -8.469      -5.748
        10.2      -1.492
      -6.553       8.041
     -0.6032      -10.42
       7.534       7.325
      -10.57     -0.3144
       8.057      -6.952
      -1.253       10.63
      -6.298      -8.742
       10.61       2.205
      -9.371       5.577
       3.161       -10.5
       4.792       9.939
      -10.31      -4.116
       10.44       -3.95
      -5.058       10.02
      -3.057      -10.87
       9.646       5.981
      -11.21       2.117
       6.876      -9.186
       1.141       11.48
      -8.641      -7.734
       11.66     -0.1345
      -8.549       8.015
      0.8943      -11.74
       7.311       9.311
      -11.74      -1.937
       10.01      -6.534
      -2.986       11.64
      -5.689      -10.65
       11.44       4.031
      -11.22       4.782
       5.064      -11.15
       3.819        11.7
      -10.77      -6.077
        12.1      -2.806
      -7.059       10.29
      -1.753      -12.41
       9.721       8.004
      -12.63      0.6675
       8.901      -9.064
     -0.4431       12.75
      -8.323      -9.744
       12.77       1.571
      -10.52       7.503
       2.704      -12.69
        6.61       11.23
      -12.51      -3.835
       11.87      -5.649
      -4.955       12.23
      -4.626      -12.42
       11.85       6.054
      -12.87       3.551
       7.123      -11.36
       2.431       13.24
      -10.78      -8.152
       13.51      -1.274
      -9.133        10.1
    -0.08928      -13.67
       9.335       10.06
      -13.73      -1.115
       10.92      -8.483
      -2.328       13.68
      -7.551       -11.7
       13.52       3.541
      -12.41       6.547
       4.744      -13.25
       5.475       13.02
      -12.88      -5.926
       13.55      -4.346
      -7.079        12.4
      -3.167      -13.97
       11.81       8.192
      -14.29       1.946
       9.257      -11.13
       0.693       14.51
      -10.35      -10.26
       14.61      0.5818
       -11.2       9.471
       1.869       -14.6
       8.511       12.07
      -14.47      -3.159
       12.85      -7.471
       -4.44       14.23
       -6.36      -13.54
       13.88       5.703
      -14.13       5.184
       6.938      -13.41
       3.954       14.62
      -12.83      -8.134
          15      -2.677
      -9.281       12.14
      -1.363      -15.27
       11.35       10.37
      -15.42     0.02258
       11.39      -10.47
      -1.334       15.46
      -9.486      -12.33
       15.37       2.696
      -13.19       8.419
       4.052      -15.16
       7.275       13.96
      -14.83      -5.393
       14.62      -6.061
      -6.707       14.39
      -4.786      -15.18
       13.82       7.984
      -15.63       3.459
       9.213      -13.14
       2.091       15.96
      -12.36      -10.38
       16.17     -0.6913
      -11.49       11.46
      0.7288      -16.25
       10.47       12.51
      -16.21      -2.159
       13.45      -9.386
      -3.587       16.05
      -8.217      -14.29
       15.75       5.002
      -15.03       6.972
       6.393      -15.34
        5.66       15.67
      -14.79      -7.749
       16.18      -4.289
      -9.058       14.13
      -2.872      -16.58
       13.35       10.31
      -16.85       1.419
       11.49      -12.46
    -0.06018       16.99
      -11.46       -12.6
       17.01       1.553
      -13.62       10.37
       3.049      -16.89
       9.181       14.55
      -16.64      -4.535
       15.37      -7.912
          -6       16.25
      -6.568      -16.07
       15.74       7.433
      -16.67       5.162
       8.822       -15.1
       3.702       17.13
      -14.33      -10.16
       17.47        -2.2
      -11.42       13.45
     -0.6671      -17.68
       12.46       12.61
      -17.75     -0.8847
       13.71      -11.36
      -2.444       17.68
      -10.16      -14.72
       17.48       3.998
      -15.62       8.876
       5.534      -17.13
       7.509       16.41
      -16.66      -7.042
       17.08      -6.072
      -8.508       16.05
      -4.575      -17.62
       15.31       9.921
      -18.03        3.03
       11.27      -14.44
       1.448        18.3
      -13.46      -12.54
       18.43      0.1575
      -13.73       12.36
       1.776      -18.42
       11.16       14.82
      -18.27      -3.394
        15.8      -9.861
      -4.999       17.98
      -8.477      -16.67
       17.54       6.579
      -17.42       7.014
        8.12      -16.97
       5.487       18.03
      -16.26      -9.611
       18.52      -3.904
      -11.04       15.42
      -2.279      -18.86
       14.45       12.39
