     -0.7801      0.8984
    -0.04468      -1.682
       1.432       1.482
      -2.375      -0.145
       2.068      -1.674
     -0.4314       2.882
      -1.759       -2.61
       3.272      0.7872
      -3.123       1.729
       1.197      -3.567
       1.602       3.606
      -3.778      -1.647
       4.058      -1.392
      -2.129        3.91
      -1.108      -4.473
       3.965       2.633
      -4.847      0.7591
        3.15      -3.945
      0.3515       5.174
      -3.852      -3.671
       5.451      0.1077
      -4.189       3.688
       0.611      -5.673
       3.455       4.695
      -5.837      -1.152
       5.182      -3.155
      -1.723       5.938
      -2.791      -5.644
       5.974       2.317
      -6.072       2.367
       2.926      -5.943
       1.887       6.461
      -5.845      -3.543
       6.804      -1.355
      -4.162       5.677
     -0.7772      -7.097
       5.441       4.773
      -7.333      0.1578
        5.37      -5.136
     -0.4964       7.509
      -4.764      -5.945
        7.62       1.179
      -6.492       4.328
       1.885      -7.664
        3.83       7.003
      -7.638      -2.605
       7.471      -3.274
      -3.333        7.54
      -2.663      -7.892
       7.368       4.061
      -8.258       2.002
       4.783      -7.123
       1.297       8.564
      -6.805       -5.49
       8.807     -0.5536
      -6.175       6.415
      0.2223       -8.98
       5.954       6.831
      -9.082      -1.024
       7.451      -5.425
      -1.845       9.108
      -4.831      -8.027
       9.057       2.677
      -8.553       4.176
       3.513      -8.926
       3.466       9.024
      -8.716      -4.345
       9.432      -2.704
      -5.166       8.426
      -1.896      -9.773
       8.056       5.968
      -10.04       1.049
       6.742      -7.608
       0.169       10.23
      -7.085      -7.482
       10.35      0.7364
       -8.18       6.488
        1.66      -10.38
       5.822       8.828
      -10.32      -2.593
       9.421      -5.092
      -3.529       10.18
      -4.301       -9.95
       9.952       4.459
      -10.41       3.455
       5.375      -9.636
       2.561        10.8
      -9.235      -6.268
       11.11      -1.625
      -7.131        8.75
     -0.6551      -11.33
       8.182       7.956
      -11.47     -0.3418
       8.734      -7.535
      -1.358       11.52
      -6.814      -9.459
       11.47       2.384
      -10.12       6.023
       3.413      -11.34
       5.167       10.72
       -11.1      -4.435
       11.24      -4.251
      -5.442       10.78
      -3.284      -11.68
       10.36       6.425
      -12.04       2.272
       7.375      -9.853
       1.222        12.3
      -9.255      -8.285
       12.48     -0.1432
      -9.146       8.573
      0.9568      -12.56
        7.81       9.949
      -12.53      -2.069
       10.69      -6.971
      -3.185       12.41
      -6.062      -11.35
       12.19       4.294
      -11.94       5.089
       5.389      -11.87
       4.059       12.44
      -11.45      -6.459
       12.85       -2.98
      -7.496       10.93
       -1.86      -13.17
       10.31        8.49
      -13.39      0.7069
       9.433      -9.604
     -0.4701       13.51
       -8.81      -10.32
       13.52       1.662
      -11.13       7.935
       2.859      -13.42
       6.983       11.87
      -13.22      -4.051
       12.53      -5.962
       -5.23       12.91
       -4.88       -13.1
       12.49       6.384
      -13.57       3.743
       7.506      -11.97
        2.56       13.95
      -11.35      -8.584
       14.21       -1.34
      -9.609       10.63
    -0.09302      -14.38
       9.813       10.57
      -14.43      -1.172
       11.47       -8.91
      -2.445       14.37
      -7.926      -12.29
       14.19       3.716
      -13.02       6.867
       4.975       -13.9
        5.74       13.66
       -13.5      -6.212
        14.2      -4.553
      -7.416       12.99
      -3.315      -14.63
       12.37       8.577
      -14.96       2.036
       9.685      -11.64
      0.7249       15.17
      -10.82      -10.73
       15.27      0.6082
      -11.71       9.896
       1.953      -15.25
       8.888        12.6
      -15.11      -3.298
       13.41      -7.798
      -4.634       14.85
      -6.635      -14.12
       14.47        5.95
      -14.73       5.406
       7.234      -13.98
        4.12       15.24
      -13.37      -8.477
       15.63      -2.788
      -9.667       12.65
      -1.419       -15.9
       11.82        10.8
      -16.05      0.0235
       11.85      -10.89
      -1.387       16.08
      -9.865      -12.83
       15.98       2.803
      -13.72       8.752
       4.213      -15.76
        7.56       14.51
      -15.41      -5.604
       15.19      -6.296
      -6.967       14.94
      -4.969      -15.76
       14.35       8.289
      -16.22        3.59
       9.561      -13.64
       2.169       16.56
      -12.82      -10.77
       16.77      -0.717
      -11.91       11.89
      0.7556      -16.85
       10.85       12.97
       -16.8      -2.237
       13.94      -9.725
      -3.717       16.63
       -8.51      -14.81
       16.32       5.181
      -15.57       7.218
       6.619      -15.88
       5.857       16.22
      -15.31       -8.02
       16.75      -4.438
      -9.373       14.62
      -2.971      -17.15
       13.81       10.66
      -17.43       1.466
       11.89      -12.88
    -0.06329       17.57
      -11.85      -13.03
       17.57       1.606
      -14.08       10.71
       3.151      -17.45
       9.482       15.03
      -17.18      -4.685
       15.87      -8.169
      -6.196       16.78
       -6.78      -16.59
       16.24       7.673
       -17.2       5.327
       9.104      -15.58
       3.819       17.68
      -14.79      -10.48
       18.02      -2.268
      -11.78       13.87
     -0.6868      -18.23
       12.85          13
      -18.29     -0.9132
       14.14      -11.71
       -2.52       18.22
      -10.47      -15.17
       18.01        4.12
      -16.09       9.144
       5.702      -17.65
       7.733        16.9
      -17.15      -7.253
       17.58      -6.252
       -8.76       16.52
      -4.708      -18.14
       15.75       10.21
      -18.55       3.117
        11.6      -14.86
       1.489       18.83
      -13.84       -12.9
       18.96      0.1632
      -14.12       12.71
       1.828      -18.95
