       1.016      0.6188
     -0.4687      -1.616
     -0.9137       1.847
       2.219     -0.8601
      -2.479     -0.9665
       1.287       2.615
      0.8828      -3.022
      -2.878       1.744
       3.501      0.6977
      -2.224      -3.035
       -0.43       3.923
       3.099      -2.718
      -4.289     -0.0927
       3.217       3.077
     -0.3036      -4.598
      -2.977       3.714
       4.848     -0.7499
        -4.2      -2.801
       1.238       5.036
       2.554      -4.668
      -5.161       1.759
       5.111        2.24
      -2.306      -5.219
      -1.864       5.523
        5.21      -2.871
      -5.896       -1.43
       3.446       5.133
      0.9434      -6.225
      -4.987       4.023
       6.504      0.4095
      -4.594      -4.773
       0.166       6.729
       4.491      -5.152
      -6.894      0.7768
        5.69       4.144
      -1.416      -6.997
      -3.733       6.201
       7.034      -2.078
      -6.677      -3.261
       2.755       7.003
       2.732      -7.112
      -6.901        3.44
         7.5        2.15
      -4.125      -6.729
      -1.521       7.835
       6.485      -4.803
      -8.113     -0.8479
       5.467        6.17
      0.1383      -8.328
      -5.785       6.109
       8.476     -0.6022
      -6.721      -5.333
       1.367       8.554
       4.814      -7.299
      -8.558       2.149
       7.833       4.234
      -2.941      -8.488
      -3.596       8.317
       8.341      -3.736
      -8.747      -2.903
       4.526       8.116
       2.163      -9.116
      -7.815       5.303
       9.418       1.379
       -6.06      -7.436
     -0.5591        9.65
       6.983      -6.789
      -9.807       0.291
       7.483       6.457
      -1.164      -9.887
      -5.861       8.134
       9.885      -2.053
      -8.736      -5.199
       2.949       9.801
       4.475      -9.282
      -9.633       3.846
       9.765       3.695
      -4.735      -9.381
      -2.864       10.18
       9.045      -5.607
      -10.52      -1.987
       6.456       8.626
       1.073      -10.79
      -8.126       7.272
       10.97      0.1272
       -8.05      -7.547
       0.842       11.07
       6.893      -8.779
      -11.08       1.827
       9.454       6.168
       -2.82      -10.99
      -5.377       10.07
       10.82      -3.812
      -10.61      -4.524
       4.794       10.56
       3.617      -11.08
      -10.21       5.758
       11.47       2.662
      -6.697      -9.763
      -1.665       11.78
       9.232        -7.6
         -12      -0.635
       8.461       8.615
     -0.4206      -12.13
      -7.918       9.271
       12.16      -1.493
      -10.02      -7.145
       2.575       12.09
       6.299      -10.71
      -11.93       3.656
       11.32       5.388
      -4.728      -11.67
      -4.417       11.85
       11.31      -5.781
       -12.3      -3.394
       6.807       10.86
       2.325      -12.66
      -10.31       7.797
       12.92        1.22
      -8.741      -9.668
    -0.08628       13.09
        8.94      -9.632
      -13.15       1.067
       10.46        8.13
      -2.231      -13.11
      -7.242       11.22
       12.97      -3.396
      -11.91      -6.282
       4.553       12.72
       5.258      -12.51
      -12.37       5.691
       13.02       4.176
      -6.803      -11.92
      -3.045       13.43
       11.36      -7.878
      -13.75      -1.873
       8.906       10.71
      0.6687      -13.96
      -9.959       9.879
       14.07     -0.5593
      -10.79      -9.122
         1.8       14.06
       8.202      -11.63
      -13.95       3.044
       12.38       7.204
      -4.281      -13.72
      -6.135       13.06
       13.39      -5.502
      -13.63      -5.004
       6.697       12.94
       3.818      -14.11
      -12.39       7.854
       14.49       2.586
      -8.966      -11.73
      -1.318       14.75
       10.97      -10.02
      -14.91    -0.02274
       11.01       10.12
      -1.289      -14.95
      -9.175       11.93
       14.87      -2.607
      -12.77      -8.148
       3.921       14.68
       7.044      -13.51
      -14.36       5.222
       14.16       5.871
      -6.497      -13.94
      -4.638       14.71
       13.39      -7.736
      -15.15      -3.354
        8.93       12.74
       2.028      -15.47
      -11.98       10.07
       15.68      0.6714
      -11.14      -11.12
      0.7061       15.77
       10.16      -12.14
      -15.74       2.094
       13.05       9.111
      -3.481      -15.58
      -7.979       13.88
        15.3      -4.857
       -14.6      -6.772
        6.21        14.9
         5.5      -15.22
      -14.37       7.529
       15.73        4.17
      -8.804      -13.73
      -2.793       16.12
       12.98      -10.02
      -16.39      -1.381
       11.18       12.12
    -0.05753      -16.53
      -11.15       12.26
       16.55       -1.51
      -13.25      -10.09
       2.967       16.43
       8.937      -14.16
      -16.19       4.415
       14.96       7.704
      -5.843      -15.82
      -6.398       15.65
       15.33       -7.24
      -16.23      -5.029
       8.594       14.71
       3.608      -16.69
      -13.97       9.895
       17.03       2.145
      -11.13      -13.11
     -0.6514       17.23
       12.15      -12.29
       -17.3      0.8616
       13.37       11.08
      -2.382      -17.24
      -9.913       14.36
       17.05        -3.9
      -15.24      -8.659
         5.4       16.72
       7.327      -16.01
      -16.26       6.872
       16.67       5.926
      -8.304      -15.66
      -4.467        17.2
       14.94      -9.685
       -17.6      -2.959
          11        14.1
       1.416      -17.87
      -13.14       12.25
          18     -0.1528
      -13.41      -12.08
       1.734          18
        10.9      -14.48
      -17.86       3.316
       15.44       9.637
      -4.885      -17.57
      -8.286       16.29
       17.15       -6.43
      -17.03      -6.858
       7.938       16.59
       5.366      -17.63
       -15.9       9.398
       18.11        3.82
       -10.8      -15.08
      -2.231       18.45
       14.14      -12.12
      -18.65     -0.6116
       13.37       13.08
      -1.027      -18.71
       -11.9       14.52
       18.62      -2.669
      -15.57      -10.63
       4.304       18.39
       9.268       -16.5
      -18.02       5.919
       17.32        7.82
        -7.5       -17.5
