      0.1181       1.184
      -1.254      -1.122
       2.061    -0.02453
      -1.735       1.628
       0.201      -2.653
       1.801       2.292
      -3.106     -0.5114
       2.818       -1.84
     -0.8858       3.458
      -1.774      -3.318
       3.723        1.31
      -3.791       1.618
       1.772      -3.907
       1.383       4.232
      -4.014      -2.263
       4.636      -1.077
      -2.774       4.046
     -0.7079      -4.998
       4.005       3.295
      -5.314      0.2828
       3.819      -3.892
     -0.1918       5.577
      -3.708      -4.338
       5.786      0.7092
      -4.843       3.455
       1.262      -5.934
       3.137       5.328
       -6.02      -1.843
       5.785      -2.756
      -2.445       6.041
      -2.315      -6.207
       5.994       3.061
      -6.588        1.82
       3.683      -5.879
       1.274       6.923
      -5.695      -4.304
       7.205     -0.6825
      -4.917       5.442
     -0.0508       -7.43
       5.121       5.514
      -7.594     -0.6142
       6.087      -4.733
      -1.306       7.692
      -4.281       -6.63
       7.722       2.019
      -7.136       3.768
       2.746      -7.681
       3.197       7.598
      -7.568      -3.478
        8.01      -2.573
       -4.21       7.381
        -1.9      -8.367
        7.12       4.933
      -8.663       1.182
        5.64      -6.786
      0.4281       8.894
       -6.38      -6.324
       9.054      0.3573
      -6.977       5.903
       1.167      -9.142
       5.359       7.592
      -9.154      -1.994
       8.162      -4.751
      -2.832       9.088
      -4.082      -8.681
       8.942       3.671
      -9.142       3.358
       4.506      -8.716
       2.584        9.54
       -8.41      -5.327
       9.869      -1.764
      -6.128       8.024
     -0.9073      -10.13
        7.56         6.9
       -10.3     0.01886
       7.636      -7.021
     -0.8937        10.4
      -6.409      -8.328
       10.42       1.823
      -8.969       5.728
       2.761      -10.35
       4.983       9.553
      -10.19        -3.7
       10.07      -4.179
      -4.631       9.944
      -3.321      -10.52
       9.612       5.547
       -10.9       2.416
       6.439      -9.194
        1.47       11.19
      -8.692      -7.299
        11.4     -0.4917
      -8.119       8.108
      0.5125      -11.52
       7.446       8.891
      -11.56      -1.534
       9.607       -6.71
      -2.565        11.5
      -5.904      -10.26
       11.34       3.596
      -10.85       5.034
        4.62      -11.09
       4.106       11.36
      -10.75      -5.626
       11.78      -3.128
      -6.607       10.32
      -2.105      -12.13
       9.789       7.554
      -12.38       1.047
       8.459      -9.175
     -0.0398       12.54
      -8.476      -9.312
        12.6       1.146
      -10.11       7.697
       2.262      -12.56
       6.844       10.83
      -12.42      -3.381
       11.49       -5.92
      -4.491       12.18
      -4.934      -12.06
       11.84       5.585
      -12.55       3.893
       6.653       -11.4
       2.803       12.95
      -10.86      -7.686
       13.25      -1.673
      -8.674       10.22
     -0.5126      -13.45
       9.501        9.61
      -13.55     -0.6705
       10.48      -8.691
      -1.867       13.54
        -7.8      -11.29
       13.43       3.066
      -12.02       6.834
        4.26      -13.21
       5.799       12.66
      -12.88      -5.438
       13.22      -4.704
      -6.591       12.44
      -3.556      -13.67
        11.9       7.708
      -14.03       2.364
        8.78      -11.26
       1.136       14.28
      -10.52      -9.798
       14.43       0.118
      -10.75        9.69
       1.388      -14.46
       8.771       11.64
      -14.38      -2.664
       12.44      -7.771
      -3.937       14.18
      -6.697      -13.16
       13.87       5.195
      -13.78       5.557
        6.43      -13.45
       4.358       14.31
      -12.92      -7.629
       14.73       -3.11
      -8.784       12.28
      -1.822      -15.03
       11.53       9.885
      -15.23       0.504
       10.92      -10.69
     -0.8343       15.31
      -9.753      -11.89
       15.27       2.182
      -12.77       8.728
        3.53      -15.11
       7.623       13.56
      -14.83      -4.866
       14.26      -6.446
      -6.179       14.43
      -5.204      -14.85
       13.91       7.459
      -15.34       3.908
       8.696      -13.28
       2.566       15.71
      -12.54      -9.879
       15.96      -1.189
         -11       11.69
      0.2122      -16.09
       10.74       12.04
       -16.1      -1.627
       13.01      -9.702
      -3.045       15.98
      -8.573      -13.88
       15.74       4.455
      -14.65       7.366
       5.845      -15.37
       6.088       15.32
      -14.88      -7.204
       15.88       -4.75
      -8.521       14.26
      -3.361      -16.32
       13.53       9.786
      -16.63       1.931
       10.99      -12.69
      0.4724       16.82
      -11.74      -12.11
       16.88       1.005
      -13.16       10.69
       2.489      -16.81
       9.543       14.11
      -16.61      -3.971
       14.96      -8.313
      -5.432       16.28
      -7.006      -15.71
       15.82       6.869
      -16.34       5.633
       8.262      -15.23
       4.202       16.85
      -14.51      -9.609
       17.23      -2.726
      -10.89       13.68
      -1.212      -17.49
       12.74        12.1
       -17.6     -0.3203
       13.23      -11.68
      -1.869       17.59
      -10.53      -14.26
       17.44       3.413
       -15.2       9.282
       4.948      -17.15
       7.953       16.02
      -16.72      -6.455
       16.73      -6.551
      -7.929       16.17
      -5.085      -17.31
       15.48       9.351
      -17.77       3.568
       10.72      -14.66
       2.009       18.09
      -13.73      -12.01
       18.27     -0.4195
      -13.22       12.68
       1.182      -18.32
       11.52       14.34
      -18.22      -2.793
       15.35      -10.27
      -4.391       17.98
      -8.925      -16.26
        17.6       5.973
      -17.05         7.5
       7.518      -17.08
       6.006       17.71
      -16.42      -9.021
       18.24      -4.452
      -10.46       15.63
       -2.85      -18.63
       14.72       11.84
      -18.89       1.217
       13.13      -13.68
      -0.443       18.99
      -12.53      -14.33
