     -0.6217      -1.015
     -0.3209       1.652
       1.656      -1.226
      -2.367     -0.2478
       1.764       1.992
     0.04883      -2.914
      -2.165       2.285
       3.357      -0.238
      -2.796      -2.219
      0.5932       3.716
       2.174      -3.294
      -3.998       1.003
       3.774       2.041
      -1.457      -4.207
      -1.829        4.23
       4.344      -1.945
      -4.656      -1.546
       2.458       4.409
       1.198      -5.046
      -4.404       2.987
       5.395      0.7909
      -3.525      -4.327
     -0.3311       5.697
        4.18      -4.062
      -5.947      0.1757
       4.593       3.964
     -0.7222       -6.14
      -3.681       5.107
       6.274      -1.302
        -5.6      -3.334
       1.908       6.344
       2.924      -6.062
      -6.348       2.533
       6.488       2.457
      -3.171      -6.285
      -1.934       6.872
       6.152      -3.812
      -7.207      -1.363
       4.451        5.95
      0.7457      -7.488
      -5.678        5.08
        7.71     0.09037
      -5.691      -5.337
      0.5978        7.87
        4.93      -6.277
      -7.962       1.312
       6.831       4.458
      -2.047      -7.985
      -3.925       7.346
       7.936      -2.793
      -7.816      -3.334
       3.545       7.813
       2.689      -8.234
      -7.616       4.295
       8.596       1.995
      -5.035      -7.343
      -1.258       8.894
       6.997      -5.758
      -9.126      -0.484
       6.457       6.577
      -0.321      -9.287
      -6.086       7.123
       9.374       -1.15
       -7.75      -5.527
       1.996       9.383
       4.903       -8.33
      -9.312       2.852
       8.858       4.219
      -3.709      -9.161
      -3.478       9.328
       8.928       -4.56
      -9.732      -2.686
       5.398       8.614
        1.85      -10.07
      -8.219       6.214
       10.33      0.9762
      -7.001      -7.746
    -0.07055       10.51
       7.196       -7.75
      -10.61      0.8592
       8.454       6.572
      -1.805      -10.62
      -5.879       9.107
       10.55       -2.76
      -9.701      -5.121
       3.715       10.39
       4.303      -10.23
      -10.14       4.663
       10.69       3.431
      -5.594      -9.804
      -2.511       11.07
        9.38      -6.501
      -11.37       -1.55
       7.375        8.87
      0.5562      -11.58
      -8.278       8.209
       11.71     -0.4634
      -8.993      -7.607
       1.501       11.74
        6.86      -9.721
      -11.68       2.547
       10.39       6.043
      -3.594      -11.53
      -5.162       10.98
       11.28      -4.632
       -11.5      -4.222
       5.653       10.93
        3.23      -11.94
      -10.49       6.649
       12.28       2.195
       -7.61      -9.961
      -1.122       12.54
       9.341      -8.528
       -12.7     -0.0217
       9.394       8.635
      -1.099      -12.77
      -7.847        10.2
       12.73       -2.23
      -10.94      -6.984
       3.362       12.59
       6.052      -11.61
      -12.35       4.487
       12.19       5.055
      -5.596      -12.01
      -4.002       12.69
       11.57      -6.678
      -13.09      -2.901
       7.724       11.02
       1.759       -13.4
      -10.39       8.726
       13.61      0.5851
      -9.674      -9.659
      0.6113       13.71
       8.841      -10.56
       -13.7       1.821
       11.38       7.943
      -3.034      -13.59
      -6.968       12.12
       13.37      -4.242
      -12.77      -5.925
       5.434       13.04
        4.82      -13.33
      -12.61       6.599
        13.8       3.661
       -7.73      -12.06
      -2.457       14.17
       11.42      -8.815
      -14.42      -1.218
       9.847       10.68
    -0.04805      -14.57
       -9.84       10.81
       14.61      -1.331
      -11.71      -8.915
        2.62       14.53
       7.909      -12.53
      -14.34       3.906
       13.25       6.827
      -5.178      -14.03
      -5.678       13.89
       13.61      -6.425
      -14.42       -4.47
       7.637       13.08
       3.212      -14.85
      -12.44       8.805
       15.16       1.913
      -9.919      -11.69
     -0.5837       15.36
       10.84      -10.97
      -15.45      0.7664
       11.94       9.899
      -2.127      -15.41
      -8.868       12.84
       15.26      -3.487
      -13.64      -7.757
       4.835       14.98
       6.571      -14.35
      -14.58       6.161
       14.96       5.322
      -7.454      -14.07
      -4.016       15.45
       13.43      -8.704
      -15.83      -2.665
         9.9       12.69
       1.277      -16.09
      -11.84       11.03
       16.23     -0.1347
      -12.09      -10.89
       1.562       16.24
       9.844      -13.06
      -16.13       2.992
       13.95       8.709
      -4.413      -15.89
      -7.496       14.73
       15.52      -5.815
      -15.41      -6.211
       7.186       15.03
       4.865      -15.98
      -14.41       8.517
       16.42       3.467
      -9.793      -13.68
      -2.028       16.75
       12.84      -11.01
      -16.94     -0.5587
       12.15       11.89
     -0.9303      -17.01
      -10.83        13.2
       16.95      -2.426
      -14.17      -9.682
       3.917       16.75
       8.446      -15.03
      -16.42       5.392
       15.79       7.133
       -6.84      -15.96
      -5.753       16.43
       15.37      -8.246
      -16.95      -4.313
       9.604       14.66
       2.828      -17.34
      -13.83        10.9
        17.6       1.308
      -12.12      -12.88
       0.237       17.73
       11.83      -13.26
      -17.72       1.794
       14.31       10.67
      -3.351      -17.57
      -9.419       15.25
       17.29      -4.896
      -16.09      -8.084
       6.416       16.87
       6.676      -16.81
      -16.31         7.9
        17.4       5.202
      -9.337      -15.62
      -3.677       17.87
       14.81      -10.71
       -18.2      -2.111
       12.02       13.88
      0.5119      -18.39
      -12.83       13.24
       18.44        -1.1
      -14.37      -11.67
       2.721       18.35
       10.41       -15.4
      -18.11        4.33
       16.31        9.06
      -5.923      -17.74
       -7.63       17.11
       17.22      -7.481
      -17.79      -6.127
       8.994       16.57
       4.569      -18.33
      -15.78       10.45
       18.73       2.958
      -11.84      -14.86
      -1.317       18.99
