     -0.2269       1.168
       1.352      -1.001
       -2.05     -0.2146
       1.578       1.781
     0.04458       -2.66
      -2.004       2.116
        3.14     -0.2226
      -2.636      -2.092
      0.5628       3.525
       2.072       -3.14
      -3.828      0.9605
       3.625       1.961
      -1.404      -4.054
      -1.767       4.086
       4.206      -1.883
      -4.517        -1.5
       2.388       4.285
       1.166      -4.911
      -4.292       2.911
       5.265       0.772
      -3.444      -4.227
     -0.3238       5.571
       4.092      -3.977
      -5.826      0.1722
       4.504       3.887
     -0.7087      -6.025
      -3.615       5.015
       6.165      -1.279
      -5.506      -3.278
       1.877       6.241
       2.878      -5.967
      -6.251       2.495
       6.392        2.42
      -3.125      -6.194
      -1.907       6.776
       6.068       -3.76
      -7.111      -1.345
       4.394       5.873
      0.7363      -7.394
      -5.608       5.017
       7.618     0.08929
      -5.624      -5.275
       0.591        7.78
       4.875      -6.207
      -7.875       1.298
       6.758       4.411
      -2.025      -7.902
      -3.885       7.271
       7.856      -2.765
      -7.739      -3.301
       3.511       7.738
       2.664      -8.156
      -7.545       4.255
       8.517       1.977
       -4.99      -7.278
      -1.247       8.816
       6.936      -5.708
      -9.049     -0.4799
       6.403       6.522
     -0.3184      -9.211
      -6.037       7.065
       9.299      -1.141
      -7.689      -5.484
       1.981        9.31
       4.866      -8.267
      -9.243        2.83
       8.793       4.188
      -3.682      -9.094
      -3.453       9.261
       8.865      -4.528
      -9.664      -2.668
       5.361       8.555
       1.838      -9.998
      -8.165       6.172
       10.26      0.9698
      -6.955      -7.695
     -0.0701       10.44
        7.15      -7.701
      -10.54      0.8538
       8.402       6.532
      -1.794      -10.56
      -5.844       9.052
       10.49      -2.744
      -9.644      -5.091
       3.694       10.33
       4.278      -10.17
      -10.08       4.636
       10.63       3.411
      -5.563      -9.749
      -2.497       11.01
       9.328      -6.466
      -11.31      -1.542
       7.336       8.823
      0.5533      -11.52
      -8.235       8.166
       11.65      -0.461
      -8.947      -7.568
       1.493       11.68
       6.826      -9.673
      -11.63       2.534
       10.34       6.014
      -3.576      -11.47
      -5.137       10.93
       11.22       -4.61
      -11.45      -4.202
       5.627       10.88
       3.215      -11.88
      -10.44       6.619
       12.23       2.185
      -7.576      -9.916
      -1.117       12.49
       9.299       -8.49
      -12.65    -0.02161
       9.353       8.597
      -1.094      -12.71
      -7.814       10.16
       12.68       -2.22
      -10.89      -6.955
       3.348       12.54
       6.026      -11.56
       -12.3       4.469
       12.14       5.034
      -5.573      -11.96
      -3.986       12.64
       11.52      -6.651
      -13.04      -2.889
       7.694       10.98
       1.752      -13.35
      -10.35       8.692
       13.55      0.5828
      -9.637      -9.622
       0.609       13.66
       8.808      -10.52
      -13.65       1.814
       11.34       7.914
      -3.023      -13.54
      -6.943       12.07
       13.32      -4.226
      -12.73      -5.904
       5.414          13
       4.803      -13.29
      -12.56       6.576
       13.75       3.648
      -7.703      -12.02
      -2.449       14.12
       11.38      -8.785
      -14.37      -1.214
       9.813       10.64
    -0.04789      -14.52
      -9.807       10.78
       14.56      -1.326
      -11.67      -8.886
       2.611       14.48
       7.883      -12.48
      -14.29       3.893
       13.21       6.805
      -5.161      -13.99
       -5.66       13.84
       13.57      -6.405
      -14.38      -4.456
       7.614       13.04
       3.202       -14.8
       -12.4       8.778
       15.12       1.907
      -9.889      -11.65
     -0.5819       15.32
       10.81      -10.94
       -15.4      0.7641
       11.91        9.87
       -2.12      -15.37
      -8.842        12.8
       15.21      -3.477
       -13.6      -7.734
       4.821       14.94
       6.553      -14.31
      -14.54       6.144
       14.91       5.307
      -7.433      -14.03
      -4.005       15.41
        13.4      -8.679
      -15.79      -2.657
       9.873       12.66
       1.274      -16.05
      -11.81          11
       16.18     -0.1344
      -12.06      -10.86
       1.557        16.2
       9.817      -13.03
      -16.08       2.984
       13.91       8.687
      -4.402      -15.84
      -7.476       14.69
       15.48        -5.8
      -15.37      -6.195
       7.168       14.99
       4.852      -15.94
      -14.38       8.495
       16.38       3.458
      -9.769      -13.65
      -2.023        16.7
       12.81      -10.98
       -16.9     -0.5573
       12.12       11.86
      -0.928      -16.97
       -10.8       13.17
        16.9       -2.42
      -14.13      -9.658
       3.907       16.71
       8.426         -15
      -16.38       5.379
       15.75       7.116
      -6.823      -15.92
      -5.739       16.39
       15.34      -8.227
      -16.91      -4.305
       9.582       14.63
       2.822       -17.3
       -13.8       10.87
       17.56       1.305
      -12.09      -12.85
      0.2365       17.69
        11.8      -13.23
      -17.68        1.79
       14.28       10.64
      -3.343      -17.53
      -9.398       15.22
       17.25      -4.885
      -16.05      -8.067
       6.402       16.83
       6.661      -16.77
      -16.28       7.883
       17.36       5.192
      -9.317      -15.59
      -3.669       17.83
       14.78      -10.69
      -18.16      -2.106
       11.99       13.85
      0.5109      -18.35
       -12.8       13.21
        18.4      -1.098
      -14.34      -11.64
       2.715       18.31
       10.39      -15.37
      -18.08       4.321
       16.28       9.041
      -5.911       -17.7
      -7.614       17.08
       17.19      -7.466
      -17.75      -6.114
       8.976       16.53
       4.559      -18.29
      -15.75       10.43
       18.69       2.952
      -11.81      -14.83
      -1.314       18.95
        13.8      -13.12
