     -0.5149      -1.073
     -0.4877        1.61
       1.773      -1.051
      -2.329     -0.4879
       1.552       2.161
      0.3459      -2.894
      -2.387       2.052
       3.364      0.1057
      -2.555      -2.493
      0.2111       3.757
       2.498      -3.055
      -4.079      0.5901
       3.546       2.415
       -1.02      -4.333
      -2.251       4.021
        4.52      -1.492
      -4.474      -2.013
       1.995       4.637
       1.707      -4.897
      -4.685       2.522
       5.286       1.337
      -3.065      -4.664
     -0.9104       5.633
       4.573      -3.615
      -5.933     -0.4321
       4.164       4.412
     -0.0919      -6.182
      -4.183       4.705
       6.374      -0.655
       -5.23      -3.888
       1.251       6.505
       3.528      -5.732
      -6.574       1.873
       6.204       3.106
      -2.513      -6.575
      -2.625       6.639
       6.509      -3.165
       -7.03      -2.091
       3.821       6.373
       1.506      -7.373
      -6.167       4.474
       7.661      0.8767
      -5.117       -5.89
     -0.2083        7.89
       5.545      -5.741
      -8.055      0.4931
        6.34       5.132
      -1.221      -8.152
      -4.654       6.907
        8.18      -1.969
      -7.435      -4.114
        2.73       8.134
       3.515      -7.917
      -8.014       3.496
       8.347       2.862
       -4.26      -7.819
      -2.159        8.72
       7.548      -5.014
      -9.029      -1.413
       5.752       7.201
      0.6283      -9.272
      -6.781       6.465
       9.442     -0.1879
      -7.145      -6.289
       1.029       9.537
       5.727      -7.787
      -9.555       1.887
       8.382         5.1
      -2.755      -9.492
      -4.412       8.924
       9.347      -3.626
      -9.407      -3.666
       4.491        9.12
       2.868      -9.825
      -8.811       5.343
       10.17       2.025
      -6.174       -8.42
      -1.142       10.45
       7.949      -6.975
      -10.64     -0.2274
        7.74         7.4
     -0.7124      -10.75
      -6.778        8.46
       10.78       -1.67
      -9.128      -6.084
       2.636       10.71
       5.324      -9.737
      -10.56       3.604
       10.28       4.504
      -4.565      -10.32
      -3.627       10.76
       9.994       -5.51
      -11.15      -2.702
       6.432       9.576
       1.735      -11.47
      -9.072       7.321
        11.7      0.7335
       -8.17      -8.484
      0.2948       11.83
       7.816      -8.971
      -11.88       1.342
       9.716       7.072
      -2.399      -11.83
      -6.256        10.4
       11.69      -3.457
      -11.01      -5.374
       4.509       11.45
       4.431      -11.54
      -11.12       5.544
          12       3.436
      -6.554      -10.69
      -2.396       12.36
       10.16       -7.53
      -12.64      -1.318
       8.464       9.548
      0.2096      -12.81
      -8.848       9.346
       12.89     -0.9192
      -10.17      -8.065
        2.06       12.87
       7.204      -10.93
      -12.75       3.204
       11.61       6.273
      -4.342      -12.52
      -5.275       12.21
       12.19      -5.463
      -12.73      -4.221
       6.559       11.76
       3.116      -13.15
      -11.22        7.62
       13.47        1.97
      -8.638      -10.59
     -0.7903        13.7
       9.873      -9.603
      -13.82      0.4135
       10.51       9.063
      -1.632      -13.83
      -8.169       11.34
       13.73      -2.855
       -12.1      -7.197
       4.075       13.53
       6.155      -12.77
      -13.21       5.279
       13.36        5.05
      -6.459      -12.79
       -3.89       13.84
       12.26      -7.604
      -14.22      -2.683
       8.705       11.63
       1.439       -14.5
      -10.89       9.753
       14.67      0.1665
      -10.74      -10.06
       1.124       14.72
       9.146      -11.65
      -14.66       2.423
       12.49       8.143
      -3.719      -14.49
      -7.065       13.24
       14.19      -5.003
      -13.89      -5.918
       6.263       13.79
        4.71      -14.44
      -13.27       7.491
       14.89        3.45
      -8.674      -12.64
      -2.148       15.23
        11.9      -9.805
      -15.45     -0.8135
       10.87       11.07
     -0.5432      -15.55
      -10.13       11.87
       15.53      -1.913
      -12.78      -9.108
       3.282       15.39
       8.001      -13.61
      -15.13       4.642
       14.33       6.819
       -5.98      -14.75
      -5.571       14.96
       14.25      -7.288
      -15.47      -4.265
       8.553       13.64
       2.912      -15.87
      -12.91       9.765
       16.16       1.521
      -10.91      -12.07
     -0.1026       16.31
       11.12      -11.99
      -16.35       1.331
       12.99       10.09
       -2.77      -16.25
      -8.959       13.89
       16.03      -4.202
       -14.7      -7.751
       5.616       15.68
       6.469       -15.4
      -15.21       7.001
       15.98       5.124
      -8.345      -14.61
      -3.726       16.45
       13.89      -9.639
       -16.8      -2.284
       10.87       13.06
      0.8098      -17.02
      -12.12       12.03
        17.1     -0.6843
      -13.11      -11.08
       2.188       17.06
       9.935      -14.09
      -16.89       3.688
       14.98       8.707
      -5.175      -16.58
      -7.398       15.75
       16.14      -6.635
      -16.42       -6.02
       8.058       15.56
       4.582      -16.96
      -14.87       9.432
       17.37       3.096
      -10.74      -14.05
      -1.573       17.66
       13.12      -11.99
      -17.81    -0.02281
       13.14       12.07
      -1.541      -17.82
      -10.93       14.21
        17.7      -3.107
      -15.18      -9.683
       4.662       17.43
       8.355      -16.04
      -17.03       6.195
       16.78        6.95
      -7.694      -16.49
       -5.48        17.4
       15.83      -9.146
      -17.89      -3.955
       10.54       15.03
       2.386      -18.24
      -14.11       11.86
       18.45      0.7857
       -13.1      -13.07
      0.8342       18.53
       11.93      -14.26
      -18.46       2.461
       15.31       10.68
      -4.082      -18.25
      -9.335       16.25
       17.89      -5.686
      -17.07       -7.91
       7.257        17.4
       6.413      -17.77
      -16.76       8.785
       18.33       4.855
      -10.26      -15.99
      -3.246       18.76
