      0.9699      0.6892
       -1.67      0.2079
       1.336      -1.569
     0.08641       2.378
      -1.867      -1.895
       2.911      0.1492
      -2.427       2.005
      0.4655      -3.333
       2.024        2.94
      -3.667     -0.8443
       3.434      -1.945
      -1.272        3.92
       -1.78      -3.903
       4.098       1.739
      -4.344       1.538
       2.235      -4.202
       1.226        4.75
      -4.232      -2.752
       5.116     -0.8525
      -3.279        4.19
     -0.4226      -5.436
       4.077       3.811
      -5.706    -0.05687
       4.337      -3.894
     -0.5791       5.921
      -3.643      -4.851
       6.077       1.138
      -5.346       3.326
       1.725      -6.171
       2.946       5.813
        -6.2      -2.335
       6.247      -2.506
      -2.959       6.161
       -2.01       -6.64
       6.055        3.59
      -6.987       1.463
       4.222      -5.879
      0.8697       7.283
      -5.633      -4.845
       7.521     -0.2355
      -5.454        5.32
      0.4335      -7.699
       4.939        6.04
      -7.811      -1.131
       6.597      -4.493
       -1.85       7.855
      -3.984      -7.118
       7.828       2.584
      -7.596       3.417
       3.326      -7.728
       2.795       8.024
      -7.554      -4.068
       8.398      -2.123
      -4.803       7.306
      -1.407      -8.711
       6.984       5.523
      -8.959      0.6513
        6.22      -6.589
      -0.137       9.138
      -6.123      -6.888
       9.244      0.9511
       -7.52       5.588
       1.784      -9.274
       4.988       8.107
      -9.225      -2.629
       8.644      -4.326
      -3.478       9.097
      -3.607      -9.124
       8.888       4.323
      -9.542       2.836
       5.157      -8.598
       2.019       9.892
      -8.228      -5.971
       10.17      -1.163
      -6.758       7.778
     -0.2726      -10.37
       7.252       7.511
      -10.49     -0.6436
       8.221      -6.653
      -1.578       10.52
      -5.983      -8.881
       10.47       2.523
      -9.485       5.247
       3.471      -10.34
        4.45       10.03
      -10.11      -4.413
        10.5      -3.598
      -5.341       9.801
      -2.697       -10.9
       9.401       6.247
      -11.21       1.753
       7.123      -8.916
      0.7744       11.45
      -8.348      -7.961
       11.59      0.2322
      -8.752       7.701
       1.258      -11.65
       6.978       9.489
      -11.61      -2.295
       10.17      -6.184
      -3.335       11.48
      -5.324      -10.77
       11.26       4.369
      -11.31       4.404
       5.388      -10.94
       3.431       11.76
      -10.52      -6.383
       12.13      -2.412
      -7.347       10.02
      -1.355      -12.41
       9.421       8.269
      -12.59      0.2675
       9.143       -8.74
     -0.8416       12.68
      -7.977      -9.959
       12.66       1.964
      -10.71       7.137
       3.089      -12.55
       6.226       11.39
      -12.34       -4.21
       11.99       -5.25
      -5.316       12.02
      -4.216       -12.5
        11.6       6.399
      -12.93       3.131
       7.448      -11.09
       2.004       13.26
      -10.47      -8.455
       13.49     -0.8442
      -9.411       9.771
      0.3408      -13.61
       8.979       10.31
      -13.63      -1.541
       11.14      -8.104
      -2.748       13.55
      -7.152      -11.89
       13.35       3.951
      -12.56        6.13
        5.14      -13.05
       5.043       13.14
      -12.64      -6.307
       13.63      -3.903
      -7.441       12.13
      -2.715      -14.02
       11.51       8.532
       -14.3       1.489
       9.571      -10.79
       0.235       14.47
      -9.983      -10.55
       14.54       1.038
      -11.46       9.083
        2.32      -14.48
         8.1       12.29
      -14.32      -3.601
       13.03       -7.04
      -4.871       14.04
      -5.911      -13.69
       13.65       6.119
      -14.24       4.721
       7.335      -13.14
        3.48       14.69
      -12.53      -8.508
       15.03      -2.196
       -9.63       11.81
     -0.8784      -15.26
       10.99       10.69
      -15.37     -0.4617
       11.68      -10.07
      -1.814       15.36
      -9.065      -12.59
       15.23       3.169
      -13.41       7.975
       4.516      -14.98
       6.811       14.14
      -14.62      -5.842
       14.77      -5.581
      -7.138       14.13
      -4.293      -15.28
       13.53       8.393
      -15.69       2.957
       9.596      -12.81
       1.583       15.97
      -11.99      -10.74
       16.14     -0.1813
      -11.81       11.07
       1.237      -16.18
       10.04        12.8
       -16.1      -2.662
        13.7      -8.933
      -4.081       15.88
      -7.742      -14.51
       15.55       5.482
      -15.21       6.477
       6.856      -15.09
       5.149        15.8
       -14.5      -8.191
       16.27      -3.768
      -9.475        13.8
      -2.343      -16.62
       12.99        10.7
      -16.85      0.8852
       11.85      -12.06
     -0.5939       16.94
      -11.03      -12.93
       16.91       2.084
      -13.91       9.908
       3.572      -16.74
       8.696       14.79
      -16.44      -5.046
       15.57      -7.405
      -6.495       16.02
      -6.044      -16.24
       15.46       7.908
      -16.78       4.623
       9.272      -14.78
       3.152        17.2
      -13.98      -10.58
       17.49      -1.644
      -11.81       13.06
     -0.1088      -17.65
       12.03       12.97
      -17.67      -1.441
       14.03       -10.9
      -2.994       17.55
      -9.672         -15
        17.3       4.537
      -15.86        8.36
       6.059      -16.91
       6.973        16.6
      -16.39      -7.547
       17.22      -5.518
       -8.99       15.74
      -4.008      -17.71
       14.95       10.38
      -18.07       2.454
       11.69      -14.05
      0.8685        18.3
      -13.03      -12.93
       18.38      0.7375
      -14.08        11.9
       2.351      -18.32
       10.66       15.13
      -18.12       -3.96
       16.07      -9.339
      -5.552       17.78
       -7.93      -16.89
       17.29       7.114
      -17.59       6.448
       8.634      -16.67
       4.905       18.16
      -15.92       -10.1
        18.6      -3.311
       -11.5       15.03
       -1.68      -18.89
       14.02       12.82
      -19.04     0.02207
