      -1.156      0.2806
      0.9377      -1.397
      0.3091       2.038
      -1.852      -1.494
       2.655     -0.1674
      -2.021         2.1
     0.07734      -3.147
       2.212       2.537
      -3.547     -0.3993
       3.041      -2.215
     -0.7826       3.868
      -2.126      -3.531
       4.114       1.215
          -4       1.954
       1.687      -4.288
       1.707       4.443
      -4.391      -2.188
       4.852      -1.392
       -2.71       4.422
      -1.014      -5.223
       4.382       3.245
       -5.55      0.5806
       3.784      -4.271
     0.09731       5.828
      -4.091      -4.319
       6.052      0.4294
      -4.843       3.843
      0.9932      -6.217
       3.529       5.348
      -6.321      -1.587
       5.827      -3.151
      -2.203        6.36
      -2.713      -6.274
       6.332       2.835
       -6.68       2.218
       3.476      -6.235
       1.672       7.042
      -6.069      -4.118
       7.352      -1.077
      -4.753       5.834
     -0.4416      -7.606
       5.529       5.375
      -7.799      -0.231
       5.975      -5.157
     -0.9329       7.927
      -4.718      -6.547
       7.987       1.658
      -7.083       4.217
       2.399      -7.976
       3.655       7.578
      -7.892       -3.15
       8.024      -3.038
      -3.902       7.733
      -2.369      -8.416
         7.5       4.649
      -8.749       1.654
       5.382      -7.192
      0.8979       9.017
       -6.81      -6.094
       9.216     -0.1074
      -6.779       6.357
      0.7102      -9.342
       5.833       7.427
      -9.392      -1.549
       8.033      -5.243
        -2.4       9.363
      -4.589       -8.59
       9.255       3.258
      -9.091       3.877
       4.114      -9.065
       3.112        9.53
      -8.793      -4.961
       9.903      -2.298
      -5.789       8.441
      -1.443       -10.2
       8.008       6.592
      -10.43      0.5523
       7.362      -7.498
      -0.366       10.57
      -6.913      -8.091
       10.63       1.305
      -8.772       6.256
       2.256       -10.6
       5.531       9.398
      -10.49      -3.213
       9.962      -4.744
      -4.166       10.29
      -3.899      -10.46
       9.996       5.107
      -10.88       3.003
       6.028      -9.617
       2.063       11.22
      -9.152      -6.921
       11.48      -1.085
      -7.777       8.603
    -0.07756      -11.66
       7.973       8.588
      -11.74     -0.9517
       9.347      -7.265
      -1.994       11.73
      -6.485      -10.05
       11.62       3.043
      -10.68       5.637
       4.087      -11.42
       4.727       11.24
      -11.13      -5.119
       11.72      -3.762
      -6.129       10.74
      -2.747      -12.11
       10.26        7.11
      -12.42       1.693
       8.051      -9.682
      0.6059       12.63
       -9.02      -8.946
       12.75      0.5054
      -9.785       8.275
       1.633      -12.77
       7.452       10.56
      -12.68      -2.766
       11.27      -6.555
      -3.896       12.49
      -5.591      -11.89
       12.21       5.015
      -12.44       4.566
       6.112      -11.82
       3.488       12.89
      -11.33      -7.178
       13.25      -2.367
      -8.205       10.74
      -1.208      -13.51
       10.06       9.182
      -13.67     0.02252
        10.1      -9.286
      -1.182       13.72
      -8.429      -10.96
       13.67       2.395
      -11.74       7.494
       3.607       -13.5
       6.486       12.44
      -13.23      -4.808
       13.05      -5.411
      -5.989       12.85
       -4.28      -13.57
       12.36       7.139
      -13.99       3.099
        8.25      -11.77
       1.877        14.3
      -11.08      -9.311
       14.51     -0.6222
      -10.31        10.3
      0.6531      -14.61
       9.416       11.25
      -14.59       -1.94
       12.11      -8.452
      -3.229       14.46
      -7.408      -12.88
       14.21        4.51
      -13.57       6.293
       5.771      -13.85
       5.115       14.15
      -13.37      -7.003
       14.64      -3.882
      -8.196       12.79
      -2.604      -15.01
        12.1        9.34
      -15.28       1.288
       10.42       -11.3
    -0.05273       15.42
      -10.41      -11.44
       15.45       1.409
      -12.38       9.425
       2.771      -15.36
       8.354       13.23
      -15.14      -4.126
       13.99      -7.207
      -5.465       14.81
       -5.99      -14.65
       14.35       6.777
      -15.21       4.712
       8.051      -13.78
       3.383       15.65
       -13.1      -9.277
       15.97      -2.013
      -10.44       12.31
     -0.6123      -16.17
       11.41       11.54
      -16.25     -0.8082
       12.56      -10.41
      -2.238        16.2
       -9.32       -13.5
       16.03       3.665
      -14.33       8.147
       5.079      -15.73
       6.898       15.07
       -15.3      -6.468
       15.69      -5.583
      -7.821       14.76
       -4.21       -16.2
       14.09       9.127
      -16.59       2.791
       10.38       -13.3
       1.336       16.86
       -12.4      -11.56
       16.99      0.1432
      -12.66        11.4
       1.636         -17
        10.3       13.67
      -16.87      -3.131
       14.59       -9.11
      -4.616       16.61
      -7.836       -15.4
       16.22        6.08
      -16.11       6.489
        7.51       -15.7
       5.081       16.69
      -15.05      -8.896
       17.15      -3.618
      -10.23       14.29
      -2.114      -17.48
        13.4       11.49
      -17.68      0.5808
       12.67       -12.4
     -0.9714       17.74
      -11.29      -13.77
       17.67        2.53
      -14.77       10.09
       4.083      -17.46
         8.8       15.66
      -17.11      -5.618
       16.44      -7.429
      -7.123       16.62
      -5.989       -17.1
          16       8.587
      -17.64       4.489
       9.996      -15.26
       2.942       18.04
      -14.39      -11.34
       18.31      -1.359
      -12.61        13.4
      0.2476      -18.43
       12.29       13.79
      -18.42      -1.866
       14.87      -11.09
      -3.483       18.26
      -9.784      -15.85
       17.96       5.086
      -16.71       8.395
       6.665      -17.51
       6.929       17.45
      -16.93      -8.203
       18.06      -5.398
       -9.69       16.21
      -3.814      -18.54
       15.36       11.11
      -18.87       2.187
       12.46      -14.39
