       1.137      0.3504
      -0.851      -1.452
     -0.4324       2.015
        1.94      -1.378
       -2.64     -0.3287
       1.889       2.219
      0.1143      -3.146
      -2.362       2.397
       3.565     -0.1828
      -2.901      -2.396
      0.5459       3.908
       2.337      -3.395
      -4.181      0.9627
       3.874       2.194
      -1.423      -4.383
      -1.974        4.33
       4.516      -1.917
      -4.759      -1.684
       2.436       4.579
        1.33      -5.152
      -4.571       2.972
       5.505      0.9173
      -3.517      -4.494
     -0.4517       5.811
       4.346      -4.062
      -6.067     0.06055
         4.6       4.131
      -0.613      -6.266
      -3.848       5.124
       6.406      -1.199
      -5.625        -3.5
       1.812       6.482
        3.09      -6.097
      -6.493       2.445
       6.533       2.621
       -3.09      -6.435
      -2.097       6.927
       6.309      -3.741
      -7.273      -1.523
       4.389       6.112
      0.9033      -7.565
      -5.846       5.028
       7.798      0.2441
       -5.65      -5.511
      0.4487       7.969
       5.108      -6.247
      -8.073       1.169
       6.814        4.64
       -1.91      -8.107
      -4.109       7.342
       8.069      -2.664
      -7.825       -3.52
       3.424       7.956
       2.876      -8.257
      -7.769       4.184
       8.632       2.182
      -4.934      -7.506
      -1.445       8.946
       7.169      -5.669
      -9.192     -0.6681
       6.379       6.757
     -0.1407      -9.368
      -6.274       7.059
       9.469     -0.9745
        -7.7      -5.722
       1.826       9.492
       5.103      -8.295
      -9.436       2.689
       8.838       4.423
      -3.555      -9.298
      -3.686       9.324
       9.079      -4.416
      -9.745      -2.896
       5.264       8.778
       2.061       -10.1
      -8.395       6.093
       10.37       1.186
      -6.892      -7.932
     -0.2776       10.57
       7.392      -7.656
      -10.69      0.6559
       8.376       6.778
      -1.607      -10.72
      -6.092       9.044
       10.66      -2.569
      -9.655      -5.341
       3.532       10.52
       4.528       -10.2
      -10.29       4.489
       10.68        3.66
      -5.432      -9.966
      -2.742       11.08
       9.556      -6.351
       -11.4      -1.781
       7.239        9.06
      0.7865      -11.63
      -8.481       8.087
       11.78     -0.2358
      -8.888       -7.82
       1.277       11.83
       7.084      -9.633
      -11.79        2.33
       10.32       6.276
      -3.384      -11.65
      -5.402       10.93
       11.42      -4.432
      -11.47      -4.467
       5.465       11.09
       3.479      -11.93
      -10.67       6.473
       12.29       2.445
      -7.447      -10.15
      -1.373       12.57
       9.548       -8.38
      -12.76      -0.271
       9.263       8.855
     -0.8526      -12.84
       -8.08       10.09
       12.83      -1.989
      -10.85      -7.228
       3.128       12.71
       6.304      -11.53
      -12.49       4.262
       12.14       5.314
      -5.382      -12.17
      -4.266       12.66
       11.74      -6.476
      -13.08      -3.168
       7.536       11.22
       2.028      -13.41
       -10.6       8.554
       13.64      0.8539
      -9.519      -9.883
      0.3447       13.77
        9.08      -10.42
      -13.79       1.559
       11.26       8.194
      -2.778       -13.7
      -7.231       12.02
        13.5      -3.995
       -12.7      -6.195
       5.196       13.19
       5.097      -13.28
      -12.78       6.374
       13.77       3.944
      -7.518      -12.25
      -2.743       14.16
       11.63      -8.619
      -14.45      -1.504
       9.668        10.9
      0.2374      -14.62
      -10.08       10.65
       14.68      -1.048
      -11.57      -9.173
       2.343       14.63
       8.178      -12.41
      -14.46       3.637
       13.16       7.107
      -4.918      -14.17
      -5.967       13.82
       13.78      -6.177
      -14.37      -4.765
       7.403       13.26
       3.512      -14.83
      -12.64       8.587
       15.17       2.216
      -9.718      -11.92
     -0.8863        15.4
       11.09      -10.79
      -15.51      0.4659
       11.78       10.16
      -1.831       -15.5
      -9.144        12.7
       15.37      -3.198
      -13.53      -8.045
       4.555       15.11
        6.87      -14.26
      -14.74       5.892
       14.89       5.628
      -7.198      -14.25
      -4.329       15.41
       13.64      -8.463
      -15.82      -2.981
       9.675       12.92
       1.596       -16.1
      -12.09       10.83
       16.27      0.1827
      -11.91      -11.15
       1.248       16.31
       10.12       -12.9
      -16.22       2.683
       13.81       9.004
      -4.113      -16.01
      -7.802       14.62
       15.67      -5.525
      -15.33      -6.527
       6.909        15.2
       5.189      -15.92
      -14.62       8.253
       16.39       3.796
      -9.547      -13.91
       -2.36       16.75
       13.08      -10.78
      -16.97     -0.8907
       11.94       12.15
     -0.5993      -17.07
      -11.11       13.02
       17.03      -2.099
      -14.01       -9.98
       3.597       16.86
       8.759       -14.9
      -16.56       5.082
       15.68       7.458
      -6.541      -16.13
      -6.087       16.35
       15.57      -7.964
       -16.9      -4.654
       9.337       14.88
       3.174      -17.32
      -14.07       10.65
       17.61       1.655
      -11.89      -13.15
     -0.1095       17.77
       12.11      -13.06
      -17.79       1.451
       14.13       10.97
      -3.014      -17.67
      -9.736        15.1
       17.42      -4.567
      -15.96      -8.415
       6.099       17.02
       7.018      -16.71
       -16.5       7.597
       17.33       5.553
      -9.049      -15.84
      -4.034       17.83
       15.05      -10.44
      -18.19       -2.47
       11.77       14.14
       0.874      -18.41
      -13.11       13.01
       18.49     -0.7422
      -14.17      -11.97
       2.366       18.43
       10.73      -15.22
      -18.23       3.985
       16.17       9.396
      -5.587      -17.89
      -7.977          17
        17.4      -7.158
       -17.7      -6.487
       8.686       16.77
       4.934      -18.27
      -16.01       10.16
       18.71       3.331
      -11.57      -15.12
