      0.1645      -1.178
      0.9541       1.386
      -2.008     -0.4624
       2.071      -1.173
     -0.8213       2.531
      -1.209      -2.652
       2.898        1.23
      -3.172       1.123
       1.676      -3.151
      0.9407       3.643
      -3.308      -2.151
       4.066     -0.6776
      -2.644       3.378
     -0.3452      -4.439
       3.367       3.146
      -4.759    -0.04728
        3.65      -3.278
     -0.4913       5.024
      -3.114      -4.147
        5.23      0.9789
      -4.629       2.881
       1.502      -5.375
       2.579        5.09
      -5.455      -2.054
       5.521      -2.215
      -2.626       5.469
      -1.791      -5.917
       5.416       3.211
      -6.271       1.313
       3.801      -5.294
      0.7856       6.578
      -5.103      -4.389
       6.832     -0.2141
      -4.966       4.844
      0.3955      -7.028
       4.519       5.527
      -7.163      -1.037
       6.062      -4.129
      -1.703       7.233
      -3.676      -6.566
       7.235       2.388
      -7.032       3.164
       3.084      -7.167
       2.596       7.453
      -7.028      -3.784
       7.824      -1.978
       -4.48       6.816
      -1.314      -8.138
       6.533       5.166
      -8.391      0.6101
       5.833      -6.179
     -0.1283       8.579
      -5.755      -6.474
       8.698      0.8946
      -7.082       5.264
       1.682      -8.744
       4.708       7.651
      -8.715      -2.483
       8.173       -4.09
      -3.291       8.609
      -3.417      -8.642
       8.425       4.098
      -9.053       2.691
       4.896      -8.163
       1.919       9.399
      -7.823      -5.677
       9.676      -1.106
      -6.435       7.407
       -0.26       -9.88
       6.915       7.161
      -10.01     -0.6135
       7.848      -6.351
      -1.507       10.05
      -5.719      -8.489
       10.02       2.413
      -9.076       5.021
       3.323      -9.898
       4.263       9.605
      -9.693      -4.229
       10.07       -3.45
      -5.124       9.403
      -2.589      -10.46
       9.028       5.999
      -10.77       1.685
       6.847      -8.571
      0.7451       11.01
      -8.032      -7.658
       11.16      0.2228
      -8.427       7.416
       1.211      -11.22
       6.724       9.144
       -11.2      -2.212
       9.803      -5.964
      -3.217       11.08
      -5.138       -10.4
       10.87       4.218
      -10.92       4.253
       5.205      -10.57
       3.316       11.36
      -10.17      -6.171
       11.73      -2.333
      -7.107        9.69
      -1.312         -12
        9.12       8.004
      -12.19      0.2597
       8.854      -8.465
     -0.8146       12.28
       -7.73      -9.651
       12.28       1.903
      -10.38        6.92
       2.996      -12.17
        6.04       11.05
      -11.97      -4.085
       11.64      -5.096
      -5.161       11.67
      -4.094      -12.14
       11.27       6.215
      -12.56       3.043
       7.238      -10.77
       1.949       12.89
      -10.18       -8.22
       13.12     -0.8218
      -9.154       9.505
      0.3316      -13.25
       8.738       10.03
      -13.27        -1.5
       10.84      -7.889
      -2.676       13.19
      -6.966      -11.58
       13.01       3.849
      -12.24       5.972
       5.009      -12.72
       4.917       12.81
      -12.32      -6.148
       13.29      -3.806
      -7.256       11.83
      -2.649      -13.67
       11.23       8.322
      -13.95       1.454
        9.34      -10.53
      0.2294       14.13
      -9.746       -10.3
       14.19       1.014
      -11.19        8.87
       2.266      -14.15
       7.912          12
      -13.99      -3.518
       12.74      -6.879
       -4.76       13.72
      -5.778      -13.38
       13.34       5.981
      -13.92       4.617
       7.172      -12.85
       3.404       14.37
      -12.25      -8.322
        14.7      -2.148
      -9.422       11.55
     -0.8595      -14.93
       10.75       10.46
      -15.04      -0.452
       11.43      -9.859
      -1.776       15.04
      -8.876      -12.33
       14.92       3.103
      -13.14       7.812
       4.422      -14.68
       6.674       13.85
      -14.32      -5.723
       14.47       -5.47
      -6.994       13.85
      -4.209      -14.98
       13.26       8.227
      -15.38       2.899
       9.409      -12.56
       1.552       15.66
      -11.76      -10.53
       15.83     -0.1778
      -11.58       10.85
       1.214      -15.87
       9.854       12.56
      -15.79      -2.611
       13.45      -8.767
      -4.004       15.59
      -7.599      -14.24
       15.26        5.38
      -14.93        6.36
        6.73      -14.81
       5.056       15.51
      -14.24      -8.043
       15.98        -3.7
      -9.306       13.56
      -2.301      -16.33
       12.76       10.51
      -16.55      0.8696
       11.65      -11.85
     -0.5836       16.65
      -10.84       -12.7
       16.62       2.047
      -13.67       9.739
        3.51      -16.46
        8.55       14.54
      -16.17       -4.96
       15.31      -7.282
      -6.386       15.75
      -5.943      -15.97
        15.2       7.776
       -16.5       4.547
        9.12      -14.54
       3.102       16.92
      -13.75      -10.41
       17.21      -1.618
      -11.62       12.85
     -0.1081      -17.36
       11.84       12.76
      -17.39      -1.417
       13.81      -10.72
      -2.946       17.28
       -9.52      -14.76
       17.03       4.466
      -15.61        8.23
       5.965      -16.65
       6.865       16.34
      -16.14      -7.432
       16.96      -5.434
      -8.853        15.5
      -3.948      -17.45
       14.73       10.22
       -17.8       2.419
       11.52      -13.84
      0.8567       18.02
      -12.83      -12.74
       18.11      0.7256
      -13.87       11.72
       2.317      -18.05
       10.51       14.91
      -17.86      -3.903
       15.84      -9.204
      -5.472       17.52
      -7.817      -16.65
       17.05       7.012
      -17.34       6.357
       8.511      -16.44
       4.837       17.91
      -15.69      -9.956
       18.34      -3.266
      -11.34       14.82
      -1.658      -18.63
       13.83       12.64
      -18.78     0.02176
       13.86      -12.72
      -1.626       18.78
      -11.51      -14.98
       18.64       3.275
      -15.99        10.2
       4.911      -18.35
       8.794       16.88
