     -0.6017      -1.026
     -0.3531       1.645
        1.68      -1.194
      -2.361      -0.294
       1.725       2.026
      0.1058      -2.913
      -2.209       2.243
       3.361     -0.1723
      -2.752      -2.273
      0.5205       3.726
       2.237      -3.251
      -4.017      0.9249
       3.733       2.114
      -1.374      -4.234
      -1.912       4.193
       4.381       -1.86
      -4.625      -1.637
       2.371       4.456
       1.296      -5.022
      -4.461         2.9
       5.378      0.8963
      -3.439      -4.395
     -0.4422       5.689
       4.259       -3.98
      -5.949     0.05929
       4.514       4.053
      -0.602      -6.153
      -3.781       5.034
       6.298      -1.179
      -5.533      -3.443
       1.784        6.38
       3.042      -6.004
      -6.397       2.409
       6.439       2.583
      -3.047      -6.345
      -2.068       6.833
       6.225      -3.691
      -7.179      -1.503
       4.334       6.035
      0.8922      -7.472
      -5.776       4.968
       7.707      0.2412
      -5.585      -5.448
      0.4437        7.88
       5.052      -6.179
      -7.987       1.156
       6.742       4.591
       -1.89      -8.024
      -4.068       7.268
       7.989      -2.638
      -7.749      -3.486
       3.392       7.881
       2.849       -8.18
      -7.698       4.146
       8.555       2.163
      -4.891       -7.44
      -1.432       8.868
       7.108       -5.62
      -9.115     -0.6625
       6.327       6.702
     -0.1393      -9.292
      -6.224       7.002
       9.394     -0.9668
       -7.64      -5.677
       1.813        9.42
       5.065      -8.233
      -9.366       2.669
       8.774       4.391
      -3.529      -9.232
       -3.66       9.258
       9.016      -4.385
      -9.678      -2.877
       5.229       8.718
       2.047      -10.03
      -8.339       6.052
       10.31       1.178
      -6.848      -7.881
     -0.2758        10.5
       7.346      -7.608
      -10.62      0.6518
       8.324       6.736
      -1.598      -10.66
      -6.056        8.99
        10.6      -2.554
      -9.599       -5.31
       3.512       10.46
       4.502      -10.14
      -10.23       4.464
       10.62       3.639
      -5.401      -9.911
      -2.727       11.02
       9.505      -6.317
      -11.34      -1.772
       7.201       9.012
      0.7824      -11.57
      -8.437       8.045
       11.72     -0.2346
      -8.843      -7.781
       1.271       11.77
       7.049      -9.586
      -11.73       2.318
       10.27       6.245
      -3.368       -11.6
      -5.376       10.88
       11.37      -4.411
      -11.41      -4.446
       5.439       11.04
       3.463      -11.87
      -10.62       6.443
       12.24       2.434
      -7.414      -10.11
      -1.367       12.52
       9.506      -8.344
       -12.7     -0.2698
       9.223       8.817
     -0.8489      -12.79
      -8.046       10.04
       12.77       -1.98
       -10.8      -7.197
       3.116       12.66
       6.278      -11.48
      -12.44       4.245
       12.09       5.293
       -5.36      -12.12
      -4.249       12.61
       11.69       -6.45
      -13.03      -3.156
       7.507       11.17
        2.02      -13.36
      -10.56       8.521
       13.59      0.8507
      -9.483      -9.846
      0.3434       13.72
       9.047      -10.39
      -13.74       1.553
       11.22       8.164
      -2.768      -13.65
      -7.205       11.98
       13.45       -3.98
      -12.65      -6.173
       5.178       13.15
       5.079      -13.24
      -12.73       6.352
       13.73        3.93
      -7.493      -12.21
      -2.734       14.11
       11.59       -8.59
       -14.4      -1.499
       9.635       10.87
      0.2366      -14.57
      -10.05       10.62
       14.63      -1.045
      -11.53      -9.143
       2.335       14.58
       8.153      -12.37
      -14.41       3.625
       13.12       7.085
      -4.903      -14.13
      -5.948       13.77
       13.73      -6.158
      -14.33      -4.751
        7.38       13.22
       3.501      -14.78
      -12.61       8.561
       15.12       2.209
      -9.688      -11.88
     -0.8837       15.35
       11.05      -10.75
      -15.46      0.4645
       11.75       10.13
      -1.825      -15.45
      -9.117       12.66
       15.32      -3.188
      -13.49      -8.022
       4.542       15.07
       6.851      -14.22
       -14.7       5.875
       14.85       5.613
      -7.178      -14.21
      -4.317       15.37
        13.6      -8.439
      -15.77      -2.973
       9.649       12.88
       1.592      -16.06
      -12.06        10.8
       16.23      0.1823
      -11.87      -11.12
       1.245       16.27
        10.1      -12.87
      -16.18       2.676
       13.78        8.98
      -4.102      -15.97
      -7.782       14.58
       15.63      -5.511
      -15.29      -6.511
       6.891       15.17
       5.176      -15.88
      -14.58       8.232
       16.35       3.787
      -9.523      -13.87
      -2.355        16.7
       13.05      -10.75
      -16.93     -0.8896
       11.91       12.12
     -0.5979      -17.03
      -11.09       12.99
       16.99      -2.094
      -13.98      -9.956
       3.589       16.82
       8.738      -14.86
      -16.52        5.07
       15.65        7.44
      -6.526      -16.09
      -6.073       16.31
       15.53      -7.945
      -16.86      -4.644
       9.316       14.85
       3.167      -17.28
      -14.04       10.63
       17.57       1.651
      -11.87      -13.12
     -0.1093       17.73
       12.08      -13.03
      -17.75       1.447
        14.1       10.95
      -3.007      -17.63
      -9.715       15.07
       17.38      -4.557
      -15.93      -8.397
       6.085       16.99
       7.003      -16.67
      -16.46        7.58
        17.3       5.541
       -9.03       -15.8
      -4.025       17.79
       15.02      -10.42
      -18.15      -2.465
       11.74       14.11
      0.8721      -18.37
      -13.08       12.99
       18.46     -0.7406
      -14.14      -11.95
       2.361        18.4
       10.71      -15.19
      -18.19       3.977
       16.13       9.377
      -5.575      -17.85
      -7.961       16.96
       17.36      -7.144
      -17.66      -6.474
       8.669       16.74
       4.925      -18.23
      -15.98       10.14
       18.67       3.325
      -11.54      -15.09
      -1.686       18.96
