      -1.172     -0.2073
        1.42     -0.9031
     -0.5351        1.99
      -1.097      -2.112
       2.499      0.9127
      -2.694       1.112
       1.334      -2.851
       1.007       3.211
      -3.088       -1.79
       3.675     -0.8077
       -2.27       3.228
     -0.5294      -4.088
        3.28       2.765
      -4.448      0.1836
       3.267       -3.25
     -0.2202       4.754
      -3.143      -3.767
       5.003      0.6736
      -4.258       2.962
       1.168      -5.191
        2.71       4.731
      -5.317      -1.697
        5.18      -2.393
      -2.251       5.377
      -2.013      -5.598
        5.37       2.823
      -5.979       1.575
       3.406      -5.295
       1.084       6.315
      -5.152      -3.991
       6.602      -0.546
      -4.571        4.94
     0.03432      -6.835
       4.661       5.139
      -7.009     -0.6507
       5.687      -4.315
      -1.297        7.12
      -3.905      -6.208
       7.166       1.965
      -6.696       3.435
        2.65      -7.143
       2.906       7.142
       -7.05      -3.343
       7.543      -2.324
      -4.037       6.885
      -1.693       -7.89
       6.649       4.725
       -8.18       1.018
         5.4      -6.341
      0.3049       8.408
      -5.963      -6.053
       8.569        0.44
      -6.679       5.516
        1.21      -8.659
       5.003       7.269
      -8.677      -1.999
       7.817      -4.426
      -2.798       8.619
      -3.791      -8.316
       8.483       3.602
       -8.76         3.1
       4.401      -8.271
        2.36       9.144
       -7.98      -5.189
       9.462      -1.576
      -5.958       7.612
      -0.754       -9.71
       7.168         6.7
      -9.883    -0.09925
       7.408       -6.65
     -0.9769       9.978
      -6.062      -8.074
       9.992       1.871
      -8.691       5.406
       2.775      -9.923
       4.688       9.253
      -9.771       -3.68
       9.753      -3.911
      -4.579       9.533
      -3.082      -10.19
        9.21       5.462
      -10.55       2.207
       6.324      -8.804
       1.292       10.83
      -8.316      -7.154
       11.03     -0.3443
      -7.945       7.748
      0.6284      -11.14
       7.104       8.691
      -11.17      -1.618
       9.382      -6.388
      -2.618       11.11
      -5.604      -10.01
       10.95       3.618
      -10.58       4.757
        4.61      -10.71
       3.854       11.07
      -10.37      -5.585
       11.48      -2.901
      -6.536       9.942
      -1.905       -11.8
       9.425       7.454
      -12.04      0.8744
        8.33      -8.823
     -0.1835       12.19
      -8.138      -9.156
       12.24        1.26
      -9.925       7.375
       2.348       -12.2
       6.538       10.63
      -12.06      -3.436
       11.26      -5.635
      -4.517       11.81
       -4.67      -11.81
       11.47       5.582
      -12.28        3.65
       6.621      -11.04
       2.584       12.66
       -10.5      -7.624
       12.95      -1.479
      -8.585       9.879
     -0.3445      -13.14
       9.166       9.493
      -13.22     -0.8123
       10.34      -8.368
      -1.981       13.21
      -7.491      -11.12
       13.09       3.153
      -11.83        6.54
       4.318      -12.86
       5.524       12.45
      -12.53      -5.468
       12.98      -4.448
      -6.592       12.09
       -3.32      -13.42
       11.56       7.681
      -13.76        2.15
       8.725      -10.92
      0.9459          14
      -10.19      -9.716
       14.13      0.2837
      -10.64       9.365
       1.528      -14.15
       8.458        11.5
      -14.06      -2.778
       12.28      -7.471
      -4.024       13.85
      -6.412      -12.98
       13.54       5.256
      -13.58       5.288
       6.462      -13.12
       4.108       14.08
      -12.58      -7.634
       14.48       -2.88
      -8.762       11.94
      -1.612      -14.77
        11.2       9.835
      -14.95      0.3168
       10.85      -10.37
     -0.9979       15.02
      -9.437      -11.78
       14.97       2.321
      -12.64       8.423
       3.643       -14.8
        7.33       13.41
      -14.51      -4.953
       14.09      -6.166
       -6.24        14.1
       -4.94      -14.66
       13.58       7.493
      -15.12       3.661
       8.703      -12.95
       2.338       15.47
      -12.21      -9.859
       15.71     -0.9823
      -10.95       11.37
      0.3971      -15.82
       10.43       11.97
      -15.82      -1.789
       12.91      -9.392
      -3.183       15.69
      -8.272      -13.76
       15.43       4.568
      -14.51       7.077
       5.932      -15.06
       5.813       15.15
      -14.56      -7.264
       15.68       -4.49
      -8.555       13.94
      -3.118       -16.1
       13.21       9.793
       -16.4       1.707
       10.97      -12.37
      0.2681       16.57
      -11.42      -12.07
       16.62       1.188
      -13.09       10.37
        2.65      -16.53
       9.236       14.01
      -16.32      -4.105
       14.84      -8.016
      -5.544       15.98
       -6.72      -15.56
       15.51       6.954
      -16.17        5.36
       8.323      -14.91
       3.945       16.66
       -14.2      -9.642
       17.02      -2.485
       -10.9       13.36
     -0.9922      -17.25
       12.42       12.08
      -17.36     -0.5236
       13.18      -11.37
      -2.048       17.33
      -10.22      -14.19
       17.16       3.572
       -15.1       8.978
       5.082      -16.86
       7.658        15.9
      -16.42      -6.566
       16.58      -6.267
      -8.013       15.86
      -4.815      -17.14
       15.16        9.41
      -17.58       3.312
       10.75      -14.35
       1.771       17.88
      -13.41      -12.01
       18.04     -0.2016
       -13.2       12.36
       1.383      -18.07
       11.21       14.29
      -17.96      -2.971
       15.28       -9.96
      -4.549        17.7
      -8.623      -16.16
       17.31       6.105
      -16.92       7.207
       7.627      -16.78
       5.724       17.56
      -16.12      -9.102
       18.07      -4.183
      -10.52       15.32
      -2.598      -18.44
        14.4       11.87
      -18.67      0.9801
       13.13      -13.36
       -0.66       18.76
      -12.21      -14.31
       18.71       2.307
      -15.38       10.96
        3.95      -18.51
       9.609       16.35
      -18.16      -5.574
       17.19      -8.175
