     -0.1528       -1.18
       1.287       1.084
      -2.059     0.08501
       1.687      -1.678
     -0.1231       2.658
      -1.867      -2.238
        3.12        0.42
      -2.763       1.922
      0.7838      -3.482
        1.87       3.265
      -3.759        -1.2
       3.742      -1.728
      -1.657       3.957
      -1.506      -4.189
       4.079       2.144
      -4.602       1.213
       2.654      -4.126
      0.8544       4.975
        -4.1      -3.176
       5.303     -0.4386
      -3.703       4.002
     0.02802      -5.581
       3.833       4.227
      -5.804     -0.5388
       4.739      -3.596
      -1.087       5.969
      -3.292      -5.233
       6.072       1.665
      -5.701       2.924
       2.266       -6.11
       2.497       6.136
      -6.082      -2.884
       6.532      -2.013
      -3.509       5.985
      -1.477      -6.883
       5.819       4.135
      -7.182      0.8936
       4.755      -5.584
      0.2692       7.426
      -5.281      -5.361
       7.609      0.3907
      -5.945        4.91
        1.08      -7.727
       4.475       6.501
      -7.778      -1.792
       7.022      -3.976
      -2.519       7.758
      -3.419      -7.501
       7.666       3.255
      -7.931       2.807
       3.992      -7.501
       2.144       8.308
      -7.262      -4.722
       8.625      -1.436
      -5.439       6.948
     -0.6893      -8.877
       6.563       6.134
      -9.061    -0.09099
       6.801      -6.105
     -0.8979       9.173
       -5.58      -7.431
       9.209       1.725
      -8.019       4.988
       2.564      -9.167
       4.335       8.557
      -9.046      -3.407
       9.039      -3.625
      -4.248       8.844
      -2.863       -9.46
       8.562       5.078
      -9.813       2.054
        5.89        -8.2
       1.204       10.09
      -7.759      -6.675
        10.3     -0.3217
      -7.426       7.242
      0.5876      -10.42
       6.651       8.136
      -10.47      -1.516
       8.797      -5.989
      -2.456       10.42
      -5.262      -9.402
       10.29       3.399
      -9.945       4.473
       4.337      -10.08
       3.629       10.42
      -9.771      -5.263
       10.82      -2.735
      -6.166       9.379
      -1.799      -11.14
       8.903       7.041
      -11.38      0.8266
       7.877      -8.343
     -0.1739       11.53
      -7.704      -8.668
        11.6       1.194
      -9.406       6.989
       2.226      -11.57
       6.203       10.08
      -11.44      -3.262
       10.69      -5.351
      -4.292       11.22
      -4.438      -11.23
       10.91       5.308
      -11.69       3.473
       6.302       -10.5
       2.461       12.06
      -10.01      -7.264
       12.34       -1.41
      -8.186       9.419
     -0.3282      -12.53
       8.746       9.059
      -12.62     -0.7755
       9.876      -7.991
      -1.893       12.62
      -7.159      -10.63
       12.51       3.015
      -11.31       6.255
       4.132       -12.3
       5.287       11.91
         -12      -5.235
       12.43       -4.26
      -6.316       11.59
      -3.182      -12.86
       11.08       7.364
       -13.2       2.062
        8.37      -10.48
      0.9073       13.43
      -9.779      -9.327
       13.56      0.2724
      -10.22       8.995
       1.468      -13.59
       8.128       11.06
      -13.51      -2.671
       11.81      -7.184
      -3.871       13.32
      -6.169      -12.49
       13.03       5.058
      -13.07       5.091
       6.223      -12.63
       3.956       13.56
      -12.12      -7.355
       13.96      -2.775
      -8.445       11.51
      -1.555      -14.24
        10.8       9.485
      -14.42      0.3055
       10.46         -10
     -0.9635       14.49
      -9.109      -11.37
       14.45       2.242
      -12.21       8.133
       3.519      -14.29
       7.081       12.96
      -14.02      -4.786
       13.61      -5.959
      -6.032       13.63
      -4.776      -14.17
       13.14       7.247
      -14.63       3.541
        8.42      -12.53
       2.263       14.97
      -11.82      -9.542
       15.21     -0.9509
       -10.6       11.01
       0.385      -15.33
        10.1        11.6
      -15.32      -1.734
       12.51        -9.1
      -3.085        15.2
      -8.019      -13.33
       14.96       4.429
      -14.07       6.862
       5.753       -14.6
       5.638        14.7
      -14.12      -7.048
       15.22      -4.356
      -8.302       13.53
      -3.026      -15.63
       12.82       9.506
      -15.92       1.657
       10.65      -12.01
      0.2599       16.09
      -11.09      -11.72
       16.14       1.154
      -12.72       10.08
       2.575      -16.07
       8.977       13.62
      -15.86      -3.991
       14.43      -7.793
      -5.391       15.53
      -6.535      -15.14
       15.08       6.764
      -15.73       5.214
       8.098      -14.51
       3.838       16.21
      -13.81      -9.384
       16.57      -2.418
      -10.61       13.01
      -0.966       -16.8
       12.09       11.76
       -16.9     -0.5089
       12.84      -11.07
      -1.995       16.88
      -9.953      -13.83
       16.72        3.48
      -14.71       8.748
       4.952      -16.43
       7.464        15.5
      -16.01        -6.4
       16.17       -6.11
      -7.813       15.46
      -4.695      -16.72
       14.79       9.177
      -17.14       3.231
       10.48      -13.99
       1.726       17.44
      -13.08      -11.72
       17.61     -0.1956
      -12.88       12.06
       1.351      -17.64
       10.94       13.95
      -17.53        -2.9
       14.92      -9.724
      -4.442       17.29
       -8.42      -15.78
       16.91       5.962
      -16.53       7.039
        7.45      -16.39
       5.591       17.16
      -15.75      -8.893
       17.66      -4.088
      -10.28       14.97
      -2.538      -18.02
       14.08        11.6
      -18.25      0.9569
       12.84      -13.06
     -0.6453       18.34
      -11.94      -13.99
       18.29       2.256
      -15.04       10.72
       3.863       -18.1
       9.399       15.99
      -17.77      -5.453
       16.82      -7.997
      -7.014       17.29
      -6.523      -17.53
       16.68       8.535
       -18.1       4.985
          10      -15.93
       3.397       18.54
      -15.06       -11.4
       18.84       -1.77
      -12.72       14.06
      -0.116         -19
       12.94       13.96
