       1.109       -0.43
      -1.568     -0.6113
        0.91       1.849
      0.6674      -2.284
      -2.275       1.379
       2.858      0.5696
      -1.861      -2.539
     -0.3667       3.345
       2.684      -2.354
      -3.762    -0.08141
       2.851       2.728
     -0.2715      -4.113
      -2.683       3.347
         4.4     -0.6805
      -3.834      -2.557
       1.136       4.622
       2.355      -4.304
      -4.778       1.629
        4.75       2.082
      -2.151      -4.867
      -1.744       5.166
       4.888      -2.693
      -5.545      -1.345
       3.249        4.84
      0.8916      -5.882
      -4.722       3.809
        6.17      0.3885
      -4.366      -4.536
       0.158       6.405
       4.282      -4.912
      -6.583      0.7417
       5.441       3.962
      -1.356      -6.699
      -3.578       5.944
       6.751      -1.994
      -6.415      -3.133
        2.65       6.735
        2.63      -6.847
       -6.65       3.315
       7.234       2.074
      -3.982      -6.495
      -1.469        7.57
        6.27      -4.644
       -7.85     -0.8204
       5.293       5.974
       0.134      -8.069
      -5.609       5.922
       8.223     -0.5842
      -6.525      -5.177
       1.328       8.308
       4.679      -7.093
      -8.322        2.09
        7.62       4.119
      -2.863      -8.261
      -3.502         8.1
       8.126       -3.64
      -8.526       -2.83
       4.413       7.914
        2.11      -8.892
      -7.626       5.175
       9.195       1.346
      -5.918      -7.263
     -0.5462       9.428
       6.825      -6.635
      -9.588      0.2846
       7.318       6.315
      -1.139      -9.672
      -5.736        7.96
       9.677      -2.009
      -8.555      -5.091
       2.889         9.6
       4.385      -9.094
      -9.441       3.769
       9.573       3.622
      -4.643      -9.199
      -2.809       9.985
       8.874      -5.501
      -10.33       -1.95
       6.337       8.467
       1.053      -10.59
      -7.979       7.141
       10.77       0.125
      -7.907      -7.414
      0.8273       10.87
       6.775      -8.628
      -10.89       1.796
       9.295       6.064
      -2.772      -10.81
      -5.288       9.901
       10.65      -3.749
      -10.44      -4.451
       4.718       10.39
        3.56      -10.91
      -10.05       5.669
        11.3       2.621
      -6.594      -9.614
       -1.64        11.6
       9.094      -7.486
      -11.82     -0.6255
       8.336        8.49
     -0.4145      -11.95
      -7.805       9.137
       11.99      -1.472
       -9.88      -7.044
       2.539       11.92
       6.212      -10.56
      -11.77       3.605
       11.16       5.315
      -4.664      -11.51
      -4.358       11.69
       11.16      -5.704
      -12.14      -3.349
       6.718       10.72
       2.295      -12.49
      -10.18       7.696
       12.76       1.204
      -8.631      -9.546
     -0.0852       12.92
        8.83      -9.513
      -12.99       1.054
       10.33       8.031
      -2.204      -12.96
      -7.155       11.09
       12.82      -3.356
      -11.77      -6.208
         4.5       12.58
       5.197      -12.36
      -12.23       5.626
       12.87       4.129
      -6.725      -11.78
      -3.011       13.28
       11.23      -7.789
       -13.6      -1.852
       8.808       10.59
      0.6614      -13.81
      -9.851       9.772
       13.92     -0.5525
      -10.67      -9.025
        1.78       13.91
       8.115       -11.5
       -13.8       3.012
       12.26       7.129
      -4.237      -13.58
      -6.072       12.92
       13.25      -5.446
       -13.5      -4.953
       6.629       12.81
        3.78      -13.97
      -12.27       7.777
       14.35       2.561
      -8.878      -11.62
      -1.306       14.61
       10.87      -9.925
      -14.77    -0.02342
       10.91       10.02
      -1.277      -14.81
      -9.089       11.82
       14.73      -2.583
      -12.65      -8.072
       3.885       14.54
       6.979      -13.39
      -14.23       5.173
       14.03       5.817
      -6.437      -13.81
      -4.596       14.58
       13.27      -7.667
      -15.01      -3.324
       8.851       12.63
       2.011      -15.34
      -11.88        9.98
       15.54      0.6665
      -11.04      -11.02
         0.7       15.63
       10.07      -12.04
       -15.6       2.076
       12.94       9.034
      -3.452      -15.45
      -7.912       13.76
       15.17      -4.816
      -14.48      -6.716
       6.159       14.78
       5.455       -15.1
      -14.26       7.468
        15.6       4.137
      -8.734      -13.62
      -2.772       15.99
       12.88      -9.945
      -16.26       -1.37
       11.09       12.02
    -0.05708       -16.4
      -11.07       12.16
       16.42      -1.499
      -13.15      -10.01
       2.943       16.31
       8.869      -14.05
      -16.07        4.38
       14.85       7.646
      -5.799      -15.71
       -6.35       15.54
       15.22      -7.186
      -16.11      -4.992
       8.531        14.6
       3.582      -16.57
      -13.87       9.823
        16.9       2.129
      -11.05      -13.02
     -0.6467       17.11
       12.06      -12.21
      -17.18      0.8554
       13.28          11
      -2.365      -17.12
      -9.844       14.26
       16.93      -3.872
      -15.13        -8.6
       5.361        16.6
       7.277       -15.9
      -16.14       6.825
       16.55       5.886
      -8.248      -15.56
      -4.437       17.08
       14.84       -9.62
      -17.48       -2.94
       10.93       14.01
       1.406      -17.75
      -13.06       12.17
       17.89     -0.1518
      -13.32         -12
       1.723       17.88
       10.83      -14.38
      -17.74       3.294
       15.34       9.576
      -4.853      -17.46
      -8.233       16.19
       17.04       -6.39
      -16.92      -6.815
       7.888       16.49
       5.332      -17.52
       -15.8       9.339
          18       3.796
      -10.73      -14.99
      -2.217       18.34
       14.05      -12.05
      -18.54     -0.6079
       13.29          13
      -1.019       -18.6
      -11.83       14.43
       18.51      -2.652
      -15.47      -10.57
       4.278       18.28
       9.212       -16.4
      -17.91       5.884
       17.21       7.774
      -7.456      -17.39
      -6.264        17.9
       16.74      -8.984
      -18.45      -4.694
