      0.6117       1.021
       0.337      -1.649
      -1.668        1.21
       2.364      0.2709
      -1.745      -2.009
    -0.07729       2.913
       2.187      -2.264
      -3.359      0.2052
       2.774       2.246
     -0.5569      -3.721
      -2.206       3.272
       4.007     -0.9642
      -3.753      -2.077
       1.416       4.221
        1.87      -4.211
      -4.363       1.902
        4.64       1.592
      -2.415      -4.433
      -1.247       5.034
       4.432      -2.944
      -5.387     -0.8435
       3.482       4.361
      0.3865      -5.693
      -4.219       4.021
       5.948     -0.1175
      -4.554      -4.009
      0.6622       6.147
       3.731      -5.071
      -6.286       1.241
       5.567       3.388
      -1.846      -6.362
      -2.983       6.033
       6.373      -2.471
      -6.464       -2.52
       3.109       6.315
       2.001      -6.853
      -6.189       3.752
       7.193       1.433
      -4.393      -5.993
      -0.819        7.48
       5.727      -5.024
      -7.709     -0.1659
       5.639       5.393
     -0.5209      -7.875
      -4.991       6.228
       7.975      -1.235
      -6.787      -4.525
       1.968       8.005
       3.997      -7.307
      -7.963       2.716
       7.783        3.41
      -3.469      -7.847
      -2.769       8.207
       7.657      -4.221
      -8.576      -2.079
       4.963       7.392
       1.345      -8.882
      -7.053        5.69
       9.121      0.5731
      -6.392      -6.639
      0.2303        9.29
       6.155      -7.063
      -9.384       1.059
       7.695       5.603
      -1.904      -9.402
      -4.984       8.282
        9.34      -2.761
      -8.817      -4.305
       3.619       9.197
       3.569      -9.293
      -8.972       4.473
       9.705       2.782
      -5.314      -8.666
      -1.949       10.05
        8.28      -6.134
      -10.32      -1.077
       6.925       7.814
      0.1732      -10.51
      -7.271       7.679
       10.62     -0.7556
       -8.39      -6.655
       1.702       10.64
       5.968      -9.049
      -10.58       2.657
        9.65       5.216
      -3.614      -10.43
      -4.403       10.19
       10.19      -4.564
      -10.65      -3.535
       5.498       9.858
       2.619      -11.04
      -9.443       6.409
       11.35       1.661
      -7.288      -8.942
     -0.6693       11.58
       8.358      -8.127
      -11.71       0.349
       8.918       7.694
      -1.386      -11.76
      -6.955       9.654
       11.71      -2.433
      -10.33      -6.144
       3.481       11.56
       5.269      -10.93
      -11.32       4.522
       11.46       4.334
      -5.546      -10.99
      -3.347        11.9
       10.56      -6.547
      -12.26      -2.314
       7.512       10.04
       1.245      -12.53
      -9.424       8.436
        12.7      0.1458
      -9.309      -8.726
      0.9738       12.78
       7.947      -10.12
      -12.75       2.105
       10.87       7.091
      -3.239      -12.63
      -6.165       11.55
        12.4      -4.366
      -12.14      -5.174
       5.478       12.06
       4.126      -12.65
      -11.63       6.564
       13.06       3.028
      -7.616       -11.1
       -1.89       13.38
       10.47      -8.624
       -13.6     -0.7179
       9.579       9.753
     -0.4774      -13.71
      -8.944       10.47
       13.72      -1.687
       -11.3      -8.054
       2.901       13.62
       7.086      -12.05
      -13.41       4.111
       12.71       6.049
      -5.306      -13.09
       -4.95       13.29
       12.67      -6.476
      -13.76      -3.796
       7.612       12.14
       2.596      -14.14
       -11.5       8.703
       14.41       1.359
      -9.742      -10.77
    -0.09428       14.57
       9.945      -10.72
      -14.62       1.188
       11.62       9.029
      -2.478      -14.56
      -8.031       12.45
       14.38      -3.766
      -13.19      -6.956
        5.04       14.08
       5.813      -13.83
      -13.67       6.292
       14.38       4.611
      -7.509      -13.15
      -3.357       14.82
       12.52      -8.683
      -15.14      -2.061
       9.805       11.78
      0.7337      -15.36
      -10.95       10.86
       15.46     -0.6155
      -11.85      -10.01
       1.976       15.43
       8.993      -12.75
      -15.29       3.338
       13.57       7.889
      -4.689      -15.03
      -6.711       14.29
       14.64      -6.018
       -14.9      -5.467
       7.316       14.14
       4.167      -15.41
      -13.52       8.573
        15.8       2.819
      -9.775      -12.79
      -1.435       16.08
       11.95      -10.91
      -16.23    -0.02376
       11.98       11.01
      -1.403      -16.25
      -9.971       12.97
       16.15      -2.834
      -13.86      -8.845
       4.258       15.93
       7.639      -14.66
      -15.57       5.663
       15.35       6.361
      -7.039       -15.1
       -5.02       15.93
        14.5      -8.375
      -16.39      -3.627
       9.659       13.78
       2.191      -16.73
      -12.95       10.88
       16.94      0.7242
      -12.03         -12
      0.7641       17.02
       10.96       -13.1
      -16.97        2.26
       14.07       9.819
      -3.753      -16.79
      -8.593       14.95
       16.47      -5.231
      -15.72      -7.287
       6.683       16.03
       5.913      -16.37
      -15.45       8.096
        16.9       4.479
      -9.461      -14.75
      -2.998       17.31
       13.93      -10.76
      -17.59       -1.48
          12          13
    -0.06387      -17.73
      -11.95       13.14
       17.73      -1.621
       -14.2      -10.81
       3.179        17.6
       9.567      -15.16
      -17.33       4.727
       16.01       8.241
      -6.251      -16.93
       -6.84       16.74
       16.39       -7.74
      -17.35      -5.372
       9.184       15.71
       3.851      -17.83
      -14.91       10.57
       18.17       2.287
      -11.88      -13.99
     -0.6926       18.38
       12.95      -13.11
      -18.45      0.9208
       14.25       11.81
      -2.541      -18.37
      -10.56        15.3
       18.15      -4.154
      -16.23      -9.219
       5.749       17.79
       7.795      -17.04
      -17.29       7.313
       17.73       6.301
      -8.832      -16.65
      -4.746       18.28
       15.88      -10.29
       -18.7      -3.142
       11.69       14.98
       1.501      -18.98
