       1.184      0.1215
       -1.35       1.004
      0.3889      -2.024
       1.247       2.026
      -2.559     -0.7286
       2.606      -1.305
      -1.124       2.941
      -1.238      -3.129
        3.21       1.561
      -3.606       1.073
       2.029      -3.385
      0.8252       4.038
      -3.472      -2.519
       4.423     -0.5066
      -3.022       3.479
     -0.1261      -4.758
       3.408       3.528
      -5.039      -0.308
       4.031      -3.263
     -0.7877       5.262
      -3.047      -4.522
       5.426       1.306
      -4.993       2.763
       1.854      -5.526
       2.415       5.437
      -5.561      -2.425
       5.848      -2.006
      -3.012       5.529
      -1.541      -6.219
       5.428       3.606
      -6.545       1.025
         4.2      -5.259
      0.4628       6.819
      -5.022      -4.787
       7.038      0.1392
      -5.358       4.717
      0.7752      -7.196
       4.346       5.908
       -7.29      -1.439
       6.428      -3.912
      -2.123       7.317
      -3.418      -6.912
       7.274       2.821
      -7.354       2.866
       3.526      -7.161
       2.262       7.746
      -6.975      -4.229
       8.085       -1.61
      -4.924       6.717
     -0.9154      -8.363
       6.387       5.604
      -8.578      0.1843
        6.26      -5.987
     -0.5774       8.724
      -5.518      -6.886
       8.799       1.362
      -7.474       4.983
       2.164      -8.799
       4.385       8.018
      -8.723      -2.975
       8.512      -3.729
      -3.788       8.569
      -3.019      -8.948
       8.336       4.595
      -9.323        2.26
       5.389      -8.025
       1.458       9.629
      -7.636      -6.161
       9.864     -0.6198
      -6.904       7.171
      0.2488      -10.02
       6.633       7.611
       -10.1       -1.14
       8.275      -6.024
      -2.046        10.1
      -5.348      -8.888
       10.01        2.96
      -9.443        4.61
       3.873      -9.841
       3.815       9.935
      -9.583      -4.778
       10.36      -2.968
      -5.667       9.241
      -2.076      -10.71
       8.814        6.53
      -10.97       1.145
       7.361      -8.306
      0.1836       11.16
      -7.717      -8.151
       11.26      0.8017
      -8.893       7.053
       1.803      -11.27
       6.317       9.579
      -11.19      -2.811
        10.2      -5.513
      -3.819       11.01
      -4.648      -10.76
       10.75       4.817
      -11.24       3.728
       5.796      -10.39
       2.759       11.63
      -9.942      -6.749
       11.95      -1.748
      -7.667       9.405
     -0.7037      -12.17
       8.782       8.541
       -12.3     -0.3666
       9.363      -8.077
      -1.455       12.34
      -7.294      -10.13
       12.27       2.551
      -10.82       6.438
       3.647      -12.11
       5.516       11.44
      -11.85      -4.733
       11.99      -4.534
      -5.801       11.49
      -3.498      -12.44
       11.03       6.841
      -12.81       2.417
       7.844      -10.48
       1.299       13.08
      -9.831      -8.802
       13.25     -0.1512
      -9.706       9.097
       1.016      -13.32
       8.279       10.55
      -13.28      -2.193
       11.32      -7.383
      -3.372       13.14
      -6.414      -12.01
       12.89       4.543
      -12.62        5.38
       5.696      -12.54
       4.288       13.14
      -12.08      -6.821
       13.57      -3.145
      -7.908       11.52
      -1.961      -13.89
       10.87        8.95
      -14.11       0.744
       9.936      -10.11
     -0.4959       14.22
      -9.272      -10.86
       14.22       1.749
      -11.71       8.344
       3.006      -14.11
       7.339       12.48
      -13.89      -4.258
       13.16      -6.262
      -5.492       13.55
      -5.121      -13.75
        13.1       6.699
      -14.23       3.925
        7.87      -12.55
       2.682       14.62
      -11.89      -8.995
       14.89      -1.403
      -10.06       11.13
    -0.09646      -15.05
       10.27       11.07
      -15.09      -1.227
          12       -9.32
      -2.558       15.02
      -8.286      -12.84
       14.83       3.886
       -13.6       7.174
       5.198      -14.52
       5.993       14.26
      -14.09      -6.486
       14.82      -4.752
      -7.738       13.55
      -3.457      -15.26
        12.9       8.945
       -15.6       2.122
        10.1      -12.13
      0.7544       15.81
      -11.27      -11.18
       15.91      0.6344
      -12.19       10.31
       2.035      -15.88
       9.251       13.12
      -15.73      -3.434
       13.95      -8.113
      -4.822       15.45
      -6.899      -14.69
       15.05       6.187
      -15.32       5.618
       7.519      -14.53
        4.28       15.83
      -13.89      -8.806
       16.23      -2.894
      -10.04       13.13
      -1.472      -16.51
       12.27       11.21
      -16.66     0.02337
        12.3       -11.3
      -1.441       16.68
      -10.23      -13.31
       16.57       2.909
      -14.22       9.074
       4.368      -16.34
       7.835       15.03
      -15.97      -5.808
       15.74      -6.521
      -7.217       15.48
      -5.145      -16.33
       14.86       8.584
      -16.79       3.716
       9.898      -14.12
       2.244       17.14
      -13.26      -11.15
       17.35     -0.7397
      -12.32       12.29
      0.7825      -17.43
       11.22       13.41
      -17.37      -2.315
       14.41      -10.05
      -3.843       17.18
      -8.794       -15.3
       16.86       5.354
      -16.08       7.456
       6.839       -16.4
       6.048       16.75
      -15.81      -8.283
       17.29      -4.581
      -9.676       15.09
      -3.066       -17.7
       14.25       11.01
      -17.98       1.513
       12.26      -13.29
    -0.06529       18.12
      -12.22      -13.44
       18.13       1.658
      -14.52       11.04
        3.25      -17.99
       9.775       15.49
      -17.71       -4.83
       16.35      -8.418
      -6.387       17.29
      -6.985       -17.1
       16.74       7.907
      -17.72       5.486
       9.378      -16.05
       3.932        18.2
      -15.23      -10.79
       18.55      -2.335
      -12.13       14.28
     -0.7058      -18.76
       13.22       13.38
      -18.83     -0.9409
       14.55      -12.05
      -2.594       18.75
      -10.77      -15.61
       18.52       4.239
      -16.55       9.403
