      -1.175      0.1842
        1.05      -1.315
      0.1398       2.056
      -1.723      -1.642
        2.66     0.05238
      -2.187       1.926
      0.3369       -3.13
       1.995       2.711
      -3.502     -0.6908
       3.214      -1.957
      -1.099        3.79
      -1.827      -3.695
           4       1.551
      -4.148       1.617
       2.035      -4.134
       1.335       4.568
      -4.195      -2.543
       4.951     -0.9865
      -3.066       4.183
     -0.5796      -5.289
       4.099       3.595
      -5.579      0.1204
       4.123      -3.944
     -0.3842       5.816
      -3.721      -4.642
       5.996      0.9276
      -5.144        3.43
       1.503      -6.114
       3.075       5.621
      -6.168      -2.103
       6.068      -2.659
      -2.721       6.156
      -2.186      -6.476
       6.076       3.349
      -6.841       1.659
       3.979      -5.927
       1.085       7.156
      -5.709      -4.605
       7.416     -0.4667
      -5.219       5.422
      0.1881      -7.616
       5.067       5.813
      -7.753      -0.874
        6.38      -4.646
      -1.584       7.823
      -4.162      -6.914
       7.823       2.312
      -7.407       3.617
        3.05       -7.75
       3.017       7.854
      -7.605      -3.791
       8.248      -2.365
      -4.527       7.385
      -1.665      -8.583
       7.091       5.252
      -8.856      0.9253
       5.957      -6.723
      0.1502        9.06
      -6.284      -6.636
       9.193      0.6538
       -7.28       5.775
       1.479      -9.251
         5.2       7.883
      -9.232      -2.319
       8.439      -4.562
      -3.165       9.133
      -3.864       -8.94
       8.954       4.011
       -9.38       3.114
       4.849      -8.694
       2.314       9.755
      -8.354      -5.669
       10.06      -1.473
      -6.466       7.934
     -0.5953      -10.29
       7.437       7.231
      -10.44     -0.3103
       7.956      -6.865
      -1.237        10.5
      -6.221      -8.634
       10.48       2.178
      -9.259        5.51
       3.124      -10.38
       4.736       9.823
      -10.19      -4.068
       10.32      -3.905
      -5.001       9.907
      -3.022      -10.74
        9.54       5.915
      -11.09       2.095
       6.802      -9.087
       1.129       11.36
       -8.55      -7.653
       11.54     -0.1331
       -8.46       7.932
      0.8852      -11.62
       7.237       9.217
      -11.62      -1.918
       9.915      -6.469
      -2.956       11.53
      -5.633      -10.55
       11.33       3.992
      -11.11       4.736
       5.016      -11.05
       3.783       11.59
      -10.67       -6.02
       11.99      -2.781
      -6.995        10.2
      -1.738       -12.3
       9.634       7.932
      -12.52      0.6616
       8.823      -8.984
     -0.4392       12.64
      -8.251       -9.66
       12.66       1.556
      -10.43       7.439
       2.681      -12.59
       6.554       11.14
      -12.41      -3.804
       11.77      -5.602
      -4.915       12.13
       -4.59      -12.31
       11.75       6.005
      -12.77       3.523
       7.066      -11.27
       2.412       13.14
      -10.69      -8.089
        13.4      -1.264
      -9.063       10.02
     -0.0886      -13.57
       9.264       9.981
      -13.63      -1.106
       10.83       -8.42
      -2.311       13.58
      -7.496      -11.62
       13.42       3.515
      -12.32       6.499
        4.71      -13.16
       5.437       12.93
      -12.79      -5.884
       13.45      -4.316
       -7.03       12.31
      -3.145      -13.88
       11.73       8.136
       -14.2       1.933
       9.194      -11.05
      0.6893       14.41
      -10.28      -10.19
       14.51      0.5779
      -11.13       9.409
       1.857       -14.5
       8.456       11.99
      -14.38      -3.138
       12.76      -7.424
      -4.412       14.14
      -6.319      -13.45
       13.79       5.667
      -14.04       5.152
       6.895      -13.33
       3.929       14.53
      -12.75      -8.084
       14.91      -2.661
      -9.224       12.07
      -1.355      -15.18
       11.29       10.31
      -15.33     0.02245
       11.32       -10.4
      -1.326       15.36
       -9.43      -12.26
       15.28        2.68
      -13.12       8.371
       4.029      -15.08
       7.233       13.88
      -14.75      -5.362
       14.54      -6.027
      -6.669       14.31
       -4.76       -15.1
       13.75       7.939
      -15.54       3.441
       9.162      -13.07
       2.079       15.87
      -12.29      -10.33
       16.08     -0.6876
      -11.42        11.4
      0.7249      -16.17
       10.42       12.44
      -16.13      -2.147
       13.38      -9.336
      -3.568       15.96
      -8.174      -14.22
       15.67       4.976
      -14.96       6.936
        6.36      -15.26
       5.631       15.59
      -14.72      -7.709
        16.1      -4.268
      -9.012       14.06
      -2.858       -16.5
       13.28       10.26
      -16.77       1.412
       11.44       -12.4
    -0.05989       16.91
      -11.41      -12.54
       16.92       1.546
      -13.56       10.32
       3.034      -16.81
       9.137       14.48
      -16.56      -4.513
       15.29      -7.874
      -5.972       16.17
      -6.538         -16
       15.66       7.398
      -16.59       5.137
       8.781      -15.03
       3.686       17.05
      -14.27      -10.11
       17.39       -2.19
      -11.37       13.39
     -0.6641       -17.6
        12.4       12.55
      -17.67     -0.8807
       13.65      -11.31
      -2.433        17.6
      -10.12      -14.65
        17.4        3.98
      -15.55       8.837
        5.51      -17.06
       7.476       16.34
      -16.58      -7.011
          17      -6.046
      -8.471       15.98
      -4.556      -17.54
       15.24       9.879
      -17.95       3.017
       11.22      -14.38
       1.442       18.22
       -13.4      -12.49
       18.36      0.1569
      -13.67       12.31
       1.768      -18.35
       11.11       14.75
       -18.2       -3.38
       15.73      -9.821
      -4.978       17.91
      -8.442       -16.6
       17.47       6.551
      -17.35       6.987
       8.088       -16.9
       5.465       17.96
       -16.2      -9.573
       18.44      -3.889
         -11       15.36
       -2.27      -18.79
       14.39       12.34
      -18.99      0.6215
       13.61      -13.31
