      0.8434      0.8392
    -0.07785      -1.681
       -1.32       1.582
       2.358     -0.3175
      -2.184      -1.519
      0.6399       2.843
       1.565      -2.731
      -3.206       1.023
        3.24       1.497
      -1.453      -3.471
      -1.335       3.713
       3.648      -1.918
      -4.148      -1.093
       2.408       3.744
      0.7799      -4.542
      -3.762       2.915
       4.889      0.4044
      -3.429      -3.705
     0.02604       5.186
       3.575      -3.942
      -5.429       0.504
       4.446       3.373
      -1.022      -5.614
      -3.104       4.934
       5.737      -1.573
      -5.398      -2.769
        2.15       5.797
       2.373      -5.832
       -5.79       2.745
       6.228       1.919
      -3.351      -5.715
      -1.412       6.581
       5.571      -3.959
      -6.885     -0.8566
       4.564       5.359
      0.2587      -7.134
      -5.079       5.156
       7.325     -0.3762
      -5.729      -4.732
       1.041       7.453
       4.319      -6.276
      -7.514       1.731
       6.789       3.844
      -2.437      -7.507
      -3.311       7.263
       7.428      -3.154
       -7.69      -2.721
       3.872       7.277
       2.082      -8.064
      -7.053       4.587
       8.382       1.396
      -5.288      -6.756
     -0.6707       8.636
       6.387      -5.971
      -8.824     0.08861
       6.625       5.948
     -0.8752       -8.94
      -5.441       7.246
       8.983      -1.682
      -7.826      -4.868
       2.503        8.95
       4.234      -8.357
      -8.838       3.329
       8.835       3.543
      -4.153      -8.647
        -2.8       9.252
       8.377      -4.968
      -9.603       -2.01
       5.766       8.028
       1.179      -9.885
        -7.6       6.538
       10.09      0.3152
      -7.278      -7.098
      0.5761       10.22
       6.522      -7.978
      -10.27       1.487
        8.63       5.876
       -2.41      -10.23
      -5.165       9.229
       10.11      -3.337
      -9.766      -4.393
        4.26       9.896
       3.565      -10.24
      -9.601       5.171
       10.64       2.688
      -6.062       -9.22
      -1.768       10.96
       8.755      -6.924
       -11.2      -0.813
       7.749       8.208
     -0.1711      -11.35
      -7.581        8.53
       11.41      -1.175
       -9.26       -6.88
       2.192       11.39
       6.108       -9.93
      -11.27       3.212
       10.53       5.271
      -4.229      -11.06
      -4.373       11.07
       10.75      -5.231
      -11.52      -3.423
       6.212       10.36
       2.426      -11.89
      -9.867       7.162
       12.17       1.391
      -8.073       -9.29
     -0.3238       12.36
       8.628      -8.937
      -12.46      0.7651
       9.745       7.885
      -1.868      -12.45
      -7.066       10.49
       12.35      -2.976
      -11.17      -6.175
       4.079       12.15
        5.22      -11.76
      -11.85        5.17
       12.28       4.207
      -6.238      -11.44
      -3.144        12.7
       10.95      -7.275
      -13.04      -2.037
       8.271       10.35
      0.8966      -13.27
      -9.665       9.218
       13.41     -0.2693
      -10.11      -8.892
       1.452       13.44
       8.036      -10.93
      -13.36       2.641
       11.68       7.104
      -3.828      -13.18
      -6.101       12.35
       12.89      -5.003
      -12.93      -5.035
       6.155       12.49
       3.914      -13.42
      -11.99       7.276
       13.81       2.745
      -8.357      -11.39
      -1.538       14.09
       10.69      -9.387
      -14.27     -0.3024
       10.36         9.9
     -0.9533      -14.35
      -9.018       11.26
        14.3      -2.219
      -12.09      -8.053
       3.485       14.15
       7.012      -12.83
      -13.88        4.74
       13.48       5.902
      -5.974       -13.5
      -4.731       14.04
       13.01      -7.178
      -14.49      -3.508
       8.341       12.41
       2.242      -14.83
      -11.71       9.454
       15.07      0.9422
      -10.51      -10.91
      0.3811       15.19
       10.01      -11.49
      -15.19       1.718
        12.4       9.019
      -3.058      -15.07
      -7.948       13.22
       14.83      -4.389
      -13.94      -6.802
       5.703       14.48
       5.589      -14.57
         -14       6.987
       15.09       4.319
      -8.232      -13.42
      -3.001        15.5
       12.72      -9.427
      -15.79      -1.643
       10.56       11.91
      0.2582      -15.96
         -11       11.63
       16.01      -1.145
      -12.61      -9.998
       2.554       15.94
       8.905      -13.51
      -15.74       3.959
       14.32       7.731
      -5.349      -15.41
      -6.484       15.02
       14.96      -6.711
      -15.61      -5.174
       8.036        14.4
       3.809      -16.08
      -13.71       9.312
       16.44         2.4
      -10.53      -12.91
     -0.9577       16.67
          12      -11.68
      -16.78      0.5061
       12.74       10.99
      -1.981      -16.75
       -9.88       13.72
        16.6      -3.455
      -14.61      -8.685
       4.917       16.31
        7.41      -15.39
       -15.9       6.355
       16.05       6.066
      -7.757      -15.35
      -4.662        16.6
       14.69      -9.113
      -17.02      -3.208
       10.41        13.9
       1.715      -17.32
         -13       11.64
       17.49      0.1943
      -12.79      -11.98
       1.341       17.52
       10.87      -13.85
      -17.41       2.881
       14.82       9.659
      -4.412      -17.17
      -8.364       15.68
       16.79      -5.923
      -16.42      -6.993
       7.401       16.28
       5.555      -17.04
      -15.64       8.835
       17.54       4.061
      -10.21      -14.88
      -2.523       17.91
       13.99      -11.52
      -18.14     -0.9508
       12.76       12.98
     -0.6412      -18.23
      -11.87        13.9
       18.18      -2.242
      -14.95      -10.65
       3.839       17.99
        9.34      -15.89
      -17.66       5.419
       16.72       7.948
      -6.971      -17.19
      -6.483       17.42
       16.58      -8.482
      -17.99      -4.956
       9.939       15.84
       3.376      -18.43
      -14.97       11.33
       18.73       1.759
      -12.65      -13.98
     -0.1153       18.89
       12.87      -13.88
       -18.9       1.543
       15.01       11.65
      -3.201      -18.77
