       1.187     0.08411
      -1.318       1.046
      0.3248      -2.035
       1.311       1.986
      -2.581     -0.6475
       2.564      -1.386
       -1.03       2.975
      -1.336      -3.089
       3.258       1.459
      -3.571       1.186
       1.921      -3.447
      0.9522        4.01
       -3.55      -2.408
       4.405     -0.6459
       -2.91       3.573
     -0.2761      -4.751
       3.518       3.419
      -5.046     -0.1488
       3.926      -3.389
     -0.6213       5.285
      -3.188      -4.423
       5.464       1.134
      -4.903       2.919
       1.679      -5.582
       2.585       5.358
      -5.635      -2.249
       5.782      -2.189
      -2.836       5.621
      -1.736      -6.168
        5.54       3.433
      -6.509       1.231
       4.032      -5.389
      0.6777       6.801
      -5.171      -4.626
       7.039    -0.08293
      -5.207       4.884
      0.5478      -7.217
       4.531       5.768
      -7.332      -1.208
       6.301      -4.113
      -1.891        7.38
      -3.634      -6.801
        7.36        2.59
       -7.26       3.097
       3.298      -7.268
       2.505       7.671
      -7.105      -4.007
        8.03      -1.864
       -4.71       6.869
      -1.179       -8.33
       6.561       5.399
      -8.568      0.4549
       6.068      -6.182
      -0.302       8.738
      -5.733      -6.708
       8.838       1.084
      -7.313       5.217
       1.886      -8.863
       4.636       7.876
      -8.812      -2.699
        8.39      -3.996
      -3.516       8.684
        -3.3      -8.849
       8.477        4.33
      -9.247       2.553
       5.133      -8.191
       1.761       9.579
      -7.827      -5.917
        9.84     -0.9308
      -6.674       7.386
    -0.06731      -10.03
        6.87       7.398
      -10.13     -0.8207
        8.08      -6.282
      -1.727       10.16
      -5.626      -8.714
        10.1       2.643
      -9.293       4.906
       3.561      -9.958
       4.127        9.81
      -9.729      -4.474
       10.26      -3.294
      -5.372       9.415
      -2.413      -10.63
       9.016       6.249
      -10.93       1.491
       7.095      -8.534
      0.5353       11.15
      -7.971      -7.903
       11.28      0.4464
      -8.666        7.33
       1.447      -11.32
       6.616       9.375
      -11.27      -2.457
       10.02      -5.833
      -3.469       11.13
      -4.986       -10.6
        10.9       4.475
      -11.11       4.081
       5.465      -10.57
       3.125       11.54
      -10.15      -6.432
       11.89      -2.124
      -7.366       9.643
      -1.087      -12.14
       9.047       8.259
      -12.31     0.02103
       9.103      -8.368
      -1.065       12.38
       -7.61       -9.89
       12.35       2.162
      -10.61       6.777
       3.263      -12.22
       5.875       11.26
      -11.99      -4.357
       11.84       -4.91
      -5.435       11.67
      -3.888      -12.33
       11.24       6.489
      -12.73        2.82
       7.509      -10.72
        1.71       13.03
       -10.1      -8.487
       13.24     -0.5692
      -9.414       9.399
       0.595      -13.34
       8.608       10.28
      -13.34      -1.773
       11.08      -7.736
      -2.956       13.24
       -6.79       -11.8
       13.03       4.133
      -12.45       5.775
       5.296      -12.71
         4.7          13
      -12.29      -6.435
       13.46      -3.571
       -7.54       11.77
      -2.398      -13.82
       11.14       8.603
      -14.08       1.189
       9.612      -10.42
    -0.04692       14.23
       -9.61      -10.56
       14.27         1.3
      -11.44        8.71
        2.56       -14.2
       7.729       12.24
      -14.01      -3.817
       12.95      -6.673
      -5.061       13.72
      -5.552      -13.58
       13.31       6.282
       -14.1       4.372
        7.47      -12.79
       3.142       14.52
      -12.17      -8.615
       14.84      -1.872
      -9.707       11.44
     -0.5713      -15.04
       10.61       10.74
      -15.13     -0.7504
        11.7      -9.694
      -2.083       15.09
      -8.686      -12.58
       14.94       3.415
      -13.37       7.599
       4.737      -14.68
       6.439       14.06
      -14.29      -6.037
       14.66      -5.216
      -7.307       13.79
      -3.937      -15.15
       13.17       8.534
      -15.52       2.613
       9.708      -12.45
       1.253       15.78
      -11.62      -10.82
       15.92      0.1322
      -11.86       10.68
       1.532      -15.93
        9.66       12.82
      -15.83      -2.935
       13.69      -8.548
      -4.331       15.59
      -7.358      -14.46
       15.24       5.708
      -15.13       6.098
       7.057      -14.76
       4.777       15.69
      -14.16      -8.364
       16.13      -3.405
      -9.619       13.44
      -1.992      -16.45
       12.61       10.81
      -16.65       0.549
       11.94      -11.68
     -0.9133       16.72
      -10.65      -12.98
       16.66       2.383
      -13.93       9.517
       3.849      -16.47
       8.304       14.78
      -16.15      -5.301
       15.52      -7.015
      -6.725        15.7
      -5.658      -16.16
       15.12       8.111
      -16.67       4.244
       9.447      -14.42
       2.784       17.06
      -13.61      -10.72
       17.32      -1.288
      -11.93       12.68
      0.2322      -17.44
       11.64       13.05
      -17.44      -1.766
       14.08       -10.5
      -3.299        17.3
      -9.272      -15.02
       17.02        4.82
      -15.84        7.96
       6.318      -16.61
       6.574       16.55
      -16.06       -7.78
       17.14      -5.125
      -9.195       15.39
      -3.623       -17.6
       14.59       10.55
      -17.92       2.079
       11.84      -13.67
      0.5066       18.12
      -12.64      -13.04
       18.17       1.084
      -14.16        11.5
       2.682      -18.08
       10.26       15.17
      -17.85      -4.268
       16.08       -8.93
      -5.839       17.48
      -7.521      -16.87
       16.98       7.373
      -17.54       6.042
       8.868      -16.33
       4.505       18.07
      -15.56       -10.3
       18.47      -2.919
      -11.67       14.66
      -1.299      -18.73
       13.64       12.96
      -18.85     -0.3475
       14.16       -12.5
          -2       18.82
      -11.26      -15.26
       18.65       3.654
      -16.25       9.921
