      0.4355       1.107
      0.6037      -1.571
      -1.845       0.919
       2.287      0.6563
       -1.39      -2.268
     -0.5557       2.861
        2.53      -1.873
      -3.347     -0.3503
       2.367       2.672
     0.06304      -3.762
      -2.714       2.865
       4.111     -0.2916
       -3.36      -2.667
       0.702       4.396
       2.538      -3.846
      -4.616       1.158
       4.315       2.334
      -1.652       -4.77
      -2.059        4.76
       4.857      -2.174
      -5.175      -1.718
       2.717       4.875
       1.318      -5.552
      -4.824       3.272
       5.886      0.8629
      -3.832      -4.704
     -0.3583       6.172
       4.515      -4.388
      -6.405      0.1893
       4.933       4.258
     -0.7739      -6.579
      -3.936        5.46
       6.692      -1.389
      -5.961      -3.549
       2.027       6.741
       3.102       -6.43
      -6.722       2.682
       6.859       2.597
      -3.347      -6.634
      -2.039       7.244
       6.476      -4.013
      -7.577      -1.432
       4.674       6.247
      0.7821      -7.854
      -5.948       5.322
       8.069     0.09457
       -5.95       -5.58
      0.6244        8.22
       5.145       -6.55
      -8.301       1.368
       7.116       4.644
       -2.13      -8.311
      -4.082        7.64
       8.247      -2.903
      -8.117      -3.462
       3.679       8.108
       2.788      -8.539
      -7.893       4.451
       8.903       2.066
      -5.212      -7.601
      -1.302       9.201
       7.234      -5.954
      -9.431     -0.5002
       6.668       6.792
     -0.3314      -9.587
      -6.279       7.349
       9.667      -1.186
      -7.988      -5.697
       2.057       9.667
       5.049      -8.579
      -9.586       2.936
       9.115        4.34
      -3.815      -9.423
      -3.576        9.59
       9.176      -4.688
      -9.999       -2.76
       5.545       8.847
         1.9      -10.34
      -8.436       6.378
       10.59       1.002
       -7.18      -7.944
    -0.07234       10.77
       7.376      -7.944
      -10.87      0.8804
       8.661       6.733
      -1.849      -10.88
      -6.019       9.324
        10.8      -2.825
      -9.927       -5.24
       3.801       10.63
         4.4      -10.46
      -10.37       4.768
       10.93       3.507
      -5.718      -10.02
      -2.565       11.31
       9.581      -6.641
      -11.61      -1.583
       7.531       9.057
      0.5678      -11.82
      -8.449       8.378
       11.95     -0.4729
      -9.175       -7.76
       1.531       11.98
       6.996      -9.914
      -11.91       2.597
       10.59        6.16
      -3.663      -11.75
       -5.26       11.19
       11.49       -4.72
      -11.71      -4.301
       5.759       11.13
        3.29      -12.15
      -10.68        6.77
       12.51       2.234
      -7.746      -10.14
      -1.142       12.76
       9.504      -8.678
      -12.92    -0.02208
       9.556       8.783
      -1.117      -12.99
       -7.98       10.37
       12.95      -2.267
      -11.12      -7.101
       3.419        12.8
       6.151       -11.8
      -12.55       4.561
       12.39       5.137
      -5.685       -12.2
      -4.066       12.89
       11.75      -6.783
       -13.3      -2.946
       7.844        11.2
       1.786      -13.61
      -10.55       8.859
       13.81      0.5939
       -9.82      -9.803
      0.6204       13.91
       8.972      -10.72
      -13.91       1.848
       11.54       8.059
      -3.079      -13.79
      -7.069       12.29
       13.56      -4.303
      -12.95      -6.009
        5.51       13.23
       4.887      -13.52
      -12.78       6.691
       13.99       3.712
      -7.836      -12.23
      -2.491       14.36
       11.57      -8.935
      -14.62      -1.234
       9.978       10.82
    -0.04869      -14.77
      -9.969       10.96
        14.8      -1.349
      -11.86      -9.031
       2.654       14.72
        8.01      -12.69
      -14.52       3.956
       13.42       6.913
      -5.243      -14.21
      -5.749       14.06
       13.78      -6.505
       -14.6      -4.525
       7.732       13.24
       3.251      -15.03
      -12.59       8.913
       15.35       1.936
      -10.04      -11.83
     -0.5906       15.55
       10.97       -11.1
      -15.63      0.7764
       12.08       10.01
      -2.152      -15.59
      -8.971       12.99
       15.43      -3.527
       -13.8      -7.845
        4.89       15.15
       6.646      -14.51
      -14.74       6.231
       15.12       5.381
      -7.538      -14.22
       -4.06       15.62
       13.58        -8.8
         -16      -2.694
       10.01       12.83
        1.29      -16.26
      -11.97       11.15
        16.4     -0.1372
      -12.22      -11.01
       1.579       16.41
       9.947       -13.2
      -16.29       3.023
       14.09         8.8
      -4.459      -16.05
      -7.573       14.88
       15.68      -5.876
      -15.57      -6.274
        7.26       15.18
       4.914      -16.14
      -14.56       8.602
       16.59       3.501
      -9.891      -13.82
      -2.047       16.91
       12.96      -11.12
      -17.11     -0.5631
       12.27          12
     -0.9393      -17.18
      -10.94       13.33
       17.11      -2.449
       -14.3      -9.774
       3.955       16.91
       8.526      -15.17
      -16.58       5.442
       15.94       7.199
      -6.904      -16.11
      -5.805       16.58
       15.52      -8.324
       -17.1      -4.353
       9.692        14.8
       2.854       -17.5
      -13.95          11
       17.76        1.32
      -12.23         -13
      0.2391       17.89
       11.93      -13.38
      -17.87        1.81
       14.43       10.76
       -3.38      -17.73
      -9.501       15.39
       17.44      -4.938
      -16.23      -8.154
       6.473       17.01
       6.732      -16.95
      -16.45       7.969
       17.55       5.247
      -9.416      -15.76
      -3.708       18.02
       14.94       -10.8
      -18.35      -2.129
       12.12       13.99
      0.5162      -18.54
      -12.93       13.35
       18.59      -1.109
      -14.49      -11.76
       2.743        18.5
       10.49      -15.52
      -18.26       4.368
       16.45       9.131
      -5.971      -17.88
      -7.691       17.25
       17.36      -7.541
      -17.93      -6.175
       9.066        16.7
       4.605      -18.47
