      0.0667      -1.188
       1.065       1.303
       -2.04      -0.295
       1.967       -1.34
     -0.6096        2.59
      -1.424      -2.543
       2.989      0.9865
      -3.069       1.381
       1.411      -3.279
       1.238       3.553
      -3.475       -1.87
       3.996      -1.011
      -2.356       3.585
     -0.7105      -4.395
       3.615       2.858
      -4.747      0.3458
       3.367      -3.568
    -0.07488       5.047
      -3.446      -3.876
       5.293      0.5438
      -4.376       3.253
       1.053       -5.48
       2.991        4.86
      -5.606      -1.597
        5.32      -2.663
      -2.166       5.667
      -2.274      -5.749
       5.662       2.753
      -6.142       1.827
       3.351      -5.589
       1.326       6.491
      -5.448      -3.953
       6.791     -0.7773
       -4.55       5.238
      -0.186      -7.037
        4.96       5.135
      -7.224      -0.442
       5.701      -4.615
        -1.1       7.349
      -4.205       -6.24
       7.407       1.783
      -6.747       3.733
       2.482      -7.397
       3.203       7.213
      -7.316      -3.191
       7.633      -2.618
      -3.902       7.163
      -1.982      -8.002
       6.937       4.609
      -8.312       1.301
       5.303      -6.639
      0.5804        8.56
       -6.27      -5.977
       8.742      0.1735
      -6.624        5.83
      0.9542      -8.853
       5.323       7.236
       -8.89      -1.755
       7.807      -4.751
      -2.569       8.851
      -4.118       -8.33
       8.735       3.388
      -8.799       3.429
       4.205      -8.539
       2.688       9.208
      -8.265      -5.012
       9.552      -1.901
      -5.802       7.913
      -1.075      -9.825
       7.483       6.566
      -10.02      0.2148
       7.297      -6.978
     -0.6716       10.14
        -6.4      -7.987
       10.18       1.577
      -8.631       5.753
       2.494      -10.14
       5.041        9.22
      -10.01      -3.415
       9.748       -4.27
      -4.331       9.794
      -3.443      -10.21
       9.493       5.234
       -10.6       2.568
       6.116      -9.107
       1.651       10.91
      -8.637      -6.969
       11.14     -0.6993
      -7.786       8.086
      0.2804      -11.28
       7.456       8.557
      -11.34       -1.28
       9.277      -6.753
      -2.292       11.31
      -5.979      -9.937
       11.18       3.306
      -10.53        5.14
       4.315      -10.96
       4.243       11.05
      -10.65       -5.31
        11.5      -3.293
      -6.282       10.24
      -2.298      -11.85
       9.749       7.224
      -12.13       1.265
       8.125      -9.167
      0.2021       12.31
        -8.5       -8.98
       12.39      0.8834
      -9.778       7.754
       1.981      -12.38
       6.931       10.51
      -12.27      -3.083
       11.18      -6.039
       -4.18       12.06
      -5.083      -11.76
       11.74       5.263
      -12.27       4.069
       6.323      -11.33
       3.006       12.68
      -10.83      -7.351
          13      -1.902
      -8.338       10.23
     -0.7631      -13.23
       9.536       9.275
      -13.35     -0.3994
       10.15      -8.758
      -1.577       13.37
      -7.898      -10.97
       13.28       2.761
       -11.7       6.962
       3.942      -13.09
       5.957       12.36
      -12.79       -5.11
       12.93       -4.89
      -6.254       12.39
      -3.769      -13.41
       11.88       7.367
      -13.78       2.601
       8.438      -11.27
       1.395       14.06
      -10.56      -9.458
       14.23     -0.1615
      -10.42       9.763
        1.09      -14.29
       8.876       11.31
      -14.23      -2.351
       12.12      -7.907
      -3.611       14.07
      -6.863      -12.86
       13.79       4.859
      -13.49       5.751
       6.086       -13.4
       4.579       14.04
       -12.9      -7.281
       14.48      -3.355
      -8.436       12.29
      -2.089      -14.81
       11.58       9.539
      -15.03      0.7916
       10.58      -10.77
     -0.5287       15.13
      -9.864      -11.55
       15.12       1.861
      -12.45        8.87
       3.196      -14.99
       7.795       13.25
      -14.74      -4.521
       13.97      -6.646
      -5.827       14.38
      -5.431      -14.58
       13.89       7.104
      -15.09       4.159
        8.34       -13.3
        2.84       15.48
      -12.59      -9.524
       15.76      -1.484
      -10.65       11.77
     -0.1011      -15.92
       10.86        11.7
      -15.95      -1.298
       12.68      -9.847
      -2.703       15.87
      -8.749      -13.56
       15.65       4.102
      -14.35        7.57
       5.484      -15.32
       6.319       15.04
      -14.86       -6.84
       15.62      -5.007
      -8.155       14.28
      -3.641      -16.08
       13.58       9.421
      -16.42       2.233
       10.63      -12.77
      0.7928       16.64
      -11.85      -11.76
       16.73      0.6682
      -12.82       10.83
       2.139      -16.69
       9.721       13.79
      -16.52      -3.608
       14.66      -8.521
      -5.064       16.22
      -7.241      -15.42
       15.79       6.495
      -16.07       5.894
       7.889      -15.24
       4.488       16.61
      -14.56      -9.235
       17.01      -3.033
      -10.52       13.76
      -1.541       -17.3
       12.85       11.74
      -17.45     0.02342
       12.88      -11.83
       -1.51       17.46
      -10.71      -13.93
       17.34       3.045
      -14.88       9.491
        4.57      -17.09
       8.191       15.72
       -16.7      -6.074
       16.45      -6.816
      -7.544       16.17
      -5.375      -17.06
       15.52       8.969
      -17.54        3.88
       10.34      -14.74
       2.342       17.89
      -13.84      -11.64
       18.11      -0.772
      -12.86       12.83
      0.8186      -18.18
        11.7       13.99
      -18.12      -2.415
       15.02      -10.48
      -4.007       17.91
      -9.165      -15.95
       17.57       5.581
      -16.76       7.768
       7.125      -17.08
       6.299       17.45
      -16.46      -8.627
          18      -4.769
      -10.07       15.71
       -3.19      -18.43
       14.83       11.46
      -18.71       1.572
       12.76      -13.82
    -0.07021       18.85
      -12.71      -13.97
       18.85       1.725
      -15.09       11.48
       3.379       -18.7
       10.16        16.1
