     -0.2497      -1.163
       1.372      0.9746
      -2.045      0.2546
       1.543      -1.812
     0.09661       2.659
      -2.045      -2.076
       3.144      0.1612
      -2.595       2.143
      0.4937      -3.535
       2.133       3.099
      -3.846     -0.8855
       3.586      -2.031
      -1.324        4.08
      -1.847      -4.051
       4.242       1.801
      -4.487       1.588
       2.304      -4.331
       1.262       4.888
      -4.348      -2.827
       5.249     -0.8747
       -3.36       4.294
     -0.4326      -5.564
       4.169       3.896
      -5.829    -0.05809
       4.427      -3.975
     -0.5907       6.038
      -3.713      -4.944
       6.188       1.158
       -5.44       3.385
       1.755      -6.276
       2.994       5.909
      -6.299      -2.372
       6.344      -2.545
      -3.003       6.254
      -2.039      -6.737
       6.141       3.641
      -7.084       1.483
       4.278      -5.958
      0.8809       7.378
      -5.705      -4.907
       7.615     -0.2384
       -5.52       5.384
      0.4387       -7.79
       4.996        6.11
      -7.899      -1.144
        6.67      -4.542
       -1.87        7.94
      -4.026      -7.193
       7.909       2.611
      -7.673       3.452
       3.359      -7.805
       2.822       8.102
      -7.627      -4.107
       8.477      -2.143
      -4.847       7.374
      -1.419       -8.79
       7.046       5.572
      -9.038       0.657
       6.274      -6.646
     -0.1381       9.215
      -6.174      -6.946
       9.319      0.9591
       -7.58       5.633
       1.799      -9.347
       5.027        8.17
      -9.296      -2.649
       8.709      -4.359
      -3.504       9.165
      -3.633      -9.191
       8.952       4.354
       -9.61       2.857
       5.193      -8.658
       2.033        9.96
      -8.284      -6.012
       10.24       -1.17
      -6.803        7.83
     -0.2743      -10.44
       7.299       7.559
      -10.56     -0.6477
       8.273      -6.695
      -1.588       10.59
      -6.019      -8.936
       10.54       2.538
      -9.542       5.278
       3.491       -10.4
       4.476       10.09
      -10.17      -4.438
       10.56      -3.619
      -5.371       9.856
      -2.712      -10.96
       9.453       6.282
      -11.28       1.763
       7.162      -8.965
      0.7782       11.51
      -8.393      -8.003
       11.66      0.2334
      -8.798       7.741
       1.264      -11.71
       7.014       9.537
      -11.67      -2.307
       10.22      -6.215
      -3.351       11.54
       -5.35      -10.83
       11.31        4.39
      -11.36       4.425
       5.413      -10.99
       3.448       11.81
      -10.57      -6.414
       12.18      -2.423
      -7.381       10.06
      -1.361      -12.46
       9.463       8.307
      -12.65      0.2687
       9.183      -8.778
     -0.8453       12.73
      -8.011         -10
       12.72       1.972
      -10.76       7.167
       3.103       -12.6
       6.252       11.44
      -12.39      -4.228
       12.04      -5.271
      -5.338       12.07
      -4.232      -12.56
       11.65       6.425
      -12.98       3.143
       7.478      -11.13
       2.012       13.31
      -10.52      -8.488
       13.54     -0.8475
      -9.447       9.808
      0.3421      -13.67
       9.013       10.35
      -13.69      -1.547
       11.18      -8.134
      -2.758        13.6
      -7.178      -11.93
        13.4       3.965
      -12.61       6.152
        5.16       -13.1
       5.061       13.19
      -12.69       -6.33
       13.68      -3.916
      -7.467       12.17
      -2.724      -14.07
       11.55       8.561
      -14.35       1.494
       9.603      -10.83
      0.2358       14.52
      -10.02      -10.58
       14.58       1.042
       -11.5       9.113
       2.328      -14.53
       8.126       12.33
      -14.37      -3.613
       13.08      -7.062
      -4.887       14.08
      -5.929      -13.73
       13.69       6.138
      -14.29       4.736
       7.358      -13.18
       3.491       14.74
      -12.57      -8.534
       15.08      -2.202
      -9.659       11.84
      -0.881       -15.3
       11.02       10.72
      -15.41     -0.4631
       11.71       -10.1
       -1.82       15.41
      -9.092      -12.63
       15.28       3.179
      -13.45       7.998
       4.529      -15.03
       6.831       14.18
      -14.66      -5.859
       14.81      -5.597
      -7.158       14.17
      -4.305      -15.33
       13.56       8.416
      -15.73       2.965
       9.623      -12.85
       1.587       16.02
      -12.02      -10.77
       16.18     -0.1818
      -11.84       11.09
        1.24      -16.22
       10.07       12.84
      -16.14      -2.669
       13.74      -8.957
      -4.091       15.93
      -7.762      -14.55
       15.59       5.497
      -15.25       6.494
       6.874      -15.13
       5.163       15.84
      -14.54      -8.212
       16.31      -3.777
      -9.499       13.84
      -2.349      -16.66
       13.02       10.73
      -16.89      0.8874
       11.88      -12.09
     -0.5964       16.98
      -11.06      -12.96
       16.95       2.089
      -13.94       9.932
        3.58      -16.78
       8.717       14.83
      -16.48      -5.058
       15.61      -7.423
       -6.51       16.05
      -6.058      -16.27
        15.5       7.926
      -16.82       4.634
       9.295      -14.81
       3.159       17.24
      -14.01       -10.6
       17.53      -1.647
      -11.84       13.09
      -0.109      -17.69
       12.06          13
      -17.71      -1.444
       14.07      -10.92
          -3       17.59
      -9.693      -15.03
       17.34       4.547
      -15.89       8.379
       6.072      -16.95
       6.988       16.64
      -16.43      -7.564
       17.26       -5.53
       -9.01       15.77
      -4.016      -17.75
       14.98        10.4
      -18.11        2.46
       11.72      -14.08
      0.8703       18.34
      -13.05      -12.96
       18.42      0.7391
      -14.11       11.92
       2.356      -18.36
       10.69       15.16
      -18.16      -3.969
        16.1      -9.358
      -5.563       17.81
      -7.946      -16.93
       17.33       7.129
      -17.63       6.461
       8.652      -16.71
       4.915        18.2
      -15.95      -10.12
       18.63      -3.318
      -11.52       15.06
      -1.683      -18.93
       14.05       12.84
