    0.005938        1.19
        1.13      -1.246
      -2.052      0.1904
       1.896       1.438
     -0.4765      -2.618
      -1.552       2.467
       3.036     -0.8325
      -2.994      -1.536
       1.241       3.347
       1.418      -3.485
      -3.566       1.691
       3.939       1.214
       -2.17      -3.701
      -0.934       4.353
       3.756      -2.669
      -4.723     -0.5878
        3.18       3.735
       0.183      -5.045
       -3.64       3.695
       5.314     -0.2727
      -4.204      -3.472
      0.7722       5.527
       3.235        -4.7
       -5.68       1.308
       5.177       2.932
      -1.873       -5.77
      -2.564       5.626
       5.795       -2.46
       -6.04      -2.138
       3.061       5.753
       1.656      -6.414
      -5.643       3.669
       6.742       1.123
      -4.276      -5.463
     -0.5452       7.018
       5.216      -4.875
      -7.237     0.07246
       5.458         4.9
     -0.7238      -7.395
      -4.518       6.018
       7.488      -1.402
      -6.547      -4.073
       2.101       7.514
       3.567       -7.04
      -7.469       2.813
        7.49       3.004
      -3.531      -7.353
      -2.388        7.89
       7.164      -4.248
      -8.235      -1.724
       4.957       6.902
       1.017      -8.519
      -6.567       5.649
       8.739      0.2731
      -6.317      -6.161
       0.501        8.89
       5.686      -6.955
      -8.968       1.299
       7.554       5.144
      -2.114      -8.971
      -4.538       8.109
       8.896      -2.938
      -8.613      -3.874
       3.763       8.743
       3.155      -9.059
       -8.51       4.583
       9.442       2.387
       -5.39      -8.199
      -1.575       9.757
       7.808      -6.175
      -9.999     -0.7263
       6.931       7.341
     -0.1527      -10.16
        -6.8        7.65
       10.25      -1.055
      -8.326      -6.187
       1.973       10.25
       5.506       -8.95
      -10.17       2.899
       9.517       4.762
      -3.825         -10
       -3.96       10.02
       9.748      -4.742
      -10.45      -3.106
       5.643       9.407
       2.206      -10.81
      -8.982       6.519
       11.09       1.267
      -7.362      -8.473
     -0.2963       11.28
       7.884      -8.165
      -11.39      0.6994
        8.92       7.218
      -1.711      -11.41
      -6.479       9.619
       11.33      -2.731
      -10.25      -5.672
       3.749       11.17
       4.802      -10.82
      -10.91       4.759
       11.31       3.876
      -5.751      -10.55
      -2.901       11.72
       10.11      -6.716
      -12.05      -1.883
       7.647        9.57
      0.8303      -12.28
      -8.948       8.534
       12.42     -0.2495
      -9.369      -8.243
       1.347       12.46
       7.459      -10.14
      -12.41       2.453
       10.85       6.602
      -3.559      -12.25
      -5.677       11.49
          12      -4.657
      -12.04      -4.691
       5.736       11.64
        3.65      -12.51
      -11.19       6.789
       12.89       2.563
      -7.805      -10.64
      -1.438       13.17
       9.997      -8.776
      -13.35     -0.2829
       9.693       9.265
     -0.8926      -13.43
      -8.448       10.55
       13.41       -2.08
      -11.33      -7.551
       3.268       13.27
       6.581      -12.04
      -13.03        4.45
       12.66       5.544
      -5.614      -12.69
      -4.448        13.2
       12.24      -6.751
      -13.63      -3.302
       7.852       11.69
       2.111      -13.97
      -11.03       8.906
        14.2      0.8879
      -9.906      -10.28
      0.3594       14.32
       9.442      -10.84
      -14.33       1.621
        11.7       8.516
      -2.888      -14.23
       -7.51       12.49
       14.02      -4.149
      -13.18      -6.432
       5.394       13.69
        5.29      -13.79
      -13.26       6.613
       14.29        4.09
      -7.797      -12.71
      -2.843       14.68
       12.05      -8.935
      -14.97      -1.558
       10.02        11.3
       0.245      -15.14
      -10.44       11.03
        15.2      -1.086
      -11.98      -9.494
       2.426       15.14
       8.461      -12.84
      -14.96       3.762
       13.61        7.35
      -5.085      -14.66
      -6.168       14.28
       14.24      -6.385
      -14.85      -4.924
        7.65        13.7
       3.627      -15.32
      -13.06       8.869
       15.66       2.287
      -10.03       -12.3
     -0.9139       15.89
       11.44      -11.13
         -16      0.4817
       12.16       10.48
      -1.889      -15.98
       -9.43        13.1
       15.84      -3.297
      -13.95      -8.294
       4.695       15.58
       7.079       -14.7
      -15.19       6.072
       15.34       5.798
      -7.416      -14.68
      -4.458       15.87
       14.05      -8.716
      -16.29      -3.069
       9.961        13.3
       1.642      -16.58
      -12.44       11.14
       16.74       0.187
      -12.25      -11.48
       1.284       16.78
       10.41      -13.27
      -16.68       2.759
        14.2       9.258
      -4.229      -16.46
      -8.019       15.03
       16.11       -5.68
      -15.75      -6.707
         7.1       15.62
        5.33      -16.35
      -15.01       8.479
       16.84       3.898
      -9.806      -14.28
      -2.423        17.2
       13.43      -11.07
      -17.42     -0.9144
       12.26       12.47
     -0.6162      -17.52
       -11.4       13.36
       17.48      -2.155
      -14.37      -10.24
       3.691        17.3
       8.983      -15.28
      -16.99       5.213
       16.08       7.647
      -6.708      -16.54
      -6.239       16.76
       15.96      -8.164
      -17.32      -4.771
        9.57       15.25
       3.253      -17.75
      -14.42       10.91
       18.04       1.696
      -12.19      -13.47
     -0.1111        18.2
        12.4      -13.37
      -18.22       1.487
       14.47       11.23
      -3.087      -18.09
      -9.967       15.46
       17.83      -4.676
      -16.34      -8.613
       6.243       17.42
       7.181       -17.1
      -16.88       7.775
       17.74       5.682
      -9.258       -16.2
      -4.127       18.24
       15.39      -10.68
       -18.6      -2.525
       12.04       14.46
      0.8926      -18.83
       -13.4       13.31
       18.91       -0.76
      -14.49      -12.24
        2.42       18.85
       10.97      -15.56
