       1.118      0.4082
      -1.555       0.642
      0.8736      -1.867
      0.7121       2.271
      -2.302      -1.334
       2.847     -0.6256
      -1.811       2.575
     -0.4323      -3.337
       2.729       2.301
      -3.759      0.1552
       2.797      -2.783
     -0.1907       4.117
      -2.748      -3.294
       4.412       0.594
      -3.783       2.632
       1.045      -4.643
       2.439       4.257
      -4.809      -1.535
       4.708      -2.175
      -2.055       4.908
      -1.845      -5.131
        4.94       2.597
      -5.518       1.454
       3.153      -4.902
       1.007       5.863
      -4.796      -3.715
       6.161     -0.5096
      -4.276       4.621
     0.03217      -6.407
       4.378       4.827
      -6.596     -0.6124
       5.362      -4.068
      -1.224       6.724
      -3.694      -5.873
       6.788       1.862
      -6.352       3.258
       2.517      -6.786
       2.764       6.794
      -6.714      -3.183
       7.192      -2.216
      -3.853       6.572
      -1.617      -7.539
        6.36        4.52
      -7.832      0.9745
       5.175      -6.077
      0.2924       8.064
      -5.724      -5.811
       8.233      0.4228
      -6.422       5.304
       1.164      -8.332
       4.817           7
      -8.361      -1.926
       7.538      -4.268
        -2.7       8.316
       -3.66      -8.029
       8.196        3.48
      -8.468       2.997
       4.257      -7.999
       2.284       8.849
      -7.726      -5.024
       9.167      -1.527
      -5.775       7.377
     -0.7311      -9.416
       6.954         6.5
      -9.592    -0.09633
       7.193      -6.458
      -0.949       9.693
      -5.891      -7.846
       9.715       1.819
      -8.453       5.258
         2.7      -9.655
       4.563       9.006
      -9.513      -3.583
         9.5       -3.81
      -4.461       9.288
      -3.004      -9.928
        8.98       5.326
      -10.29       2.153
       6.169      -8.589
       1.261       10.57
      -8.118      -6.983
       10.77     -0.3364
      -7.761       7.568
      0.6139      -10.89
       6.943       8.493
      -10.92      -1.582
       9.174      -6.246
       -2.56       10.86
      -5.482      -9.795
       10.72        3.54
      -10.35       4.656
       4.513      -10.48
       3.774       10.84
      -10.16       -5.47
       11.24      -2.842
      -6.404       9.741
      -1.867      -11.57
       9.239       7.306
      -11.81      0.8573
       8.168      -8.651
     -0.1799       11.96
      -7.983      -8.982
       12.01       1.237
       -9.74       7.237
       2.304      -11.97
       6.418       10.43
      -11.84      -3.374
       11.06      -5.533
      -4.437        11.6
      -4.587      -11.61
       11.27       5.484
      -12.07       3.587
       6.506      -10.85
        2.54       12.45
      -10.33      -7.495
       12.73      -1.455
      -8.442       9.714
     -0.3384      -12.92
       9.015       9.338
      -13.01     -0.7991
       10.17      -8.233
      -1.949          13
      -7.372      -10.94
       12.88       3.104
      -11.64       6.438
       4.252      -12.66
       5.439       12.26
      -12.34      -5.385
       12.78       -4.38
      -6.493       11.91
      -3.271      -13.22
       11.38       7.567
      -13.56       2.118
       8.598      -10.76
      0.9318       13.79
      -10.04      -9.576
       13.92      0.2797
      -10.49       9.233
       1.507      -13.95
       8.339       11.34
      -13.86       -2.74
       12.11      -7.368
      -3.969       13.66
      -6.325       -12.8
       13.36       5.185
       -13.4       5.217
       6.376      -12.94
       4.053        13.9
      -12.42      -7.534
       14.29      -2.842
      -8.648       11.79
      -1.592      -14.58
       11.06       9.709
      -14.76      0.3127
       10.71      -10.24
     -0.9858       14.83
      -9.319      -11.64
       14.78       2.293
      -12.49       8.319
       3.599      -14.61
        7.24       13.25
      -14.33      -4.893
       13.92      -6.092
      -6.165       13.93
      -4.881      -14.48
       13.42       7.405
      -14.94       3.618
       8.601       -12.8
       2.311       15.29
      -12.07      -9.745
       15.53      -0.971
      -10.83       11.24
      0.3931      -15.64
       10.31       11.84
      -15.64      -1.769
       12.76      -9.286
      -3.148       15.51
      -8.181       -13.6
       15.26       4.517
      -14.35       6.999
       5.868      -14.89
        5.75       14.99
       -14.4      -7.187
       15.52      -4.441
      -8.464       13.79
      -3.085      -15.93
       13.07        9.69
      -16.23       1.688
       10.85      -12.24
      0.2648        16.4
       -11.3      -11.94
       16.44       1.176
      -12.95       10.27
       2.623      -16.36
       9.143       13.87
      -16.15      -4.064
       14.69      -7.935
      -5.489       15.82
      -6.653      -15.41
       15.35       6.885
      -16.01       5.307
       8.242      -14.77
       3.906        16.5
      -14.06      -9.549
       16.86      -2.461
      -10.79       13.23
     -0.9828      -17.09
        12.3       11.97
      -17.19     -0.5176
       13.06      -11.26
      -2.028       17.16
      -10.12      -14.06
          17       3.539
      -14.96       8.896
       5.034       -16.7
       7.588       15.75
      -16.27      -6.506
       16.43       -6.21
       -7.94       15.72
      -4.772      -16.99
       15.03       9.326
      -17.42       3.283
       10.65      -14.22
       1.755       17.72
      -13.29      -11.91
       17.89     -0.1998
      -13.08       12.26
       1.371      -17.91
       11.11       14.17
       -17.8      -2.944
       15.15      -9.876
      -4.509       17.55
      -8.549      -16.02
       17.16       6.053
      -16.78       7.146
       7.563      -16.64
       5.676       17.42
      -15.98      -9.027
       17.92      -4.149
      -10.43        15.2
      -2.577      -18.29
       14.28       11.77
      -18.52      0.9721
       13.03      -13.26
     -0.6536       18.61
      -12.12      -14.19
       18.56       2.288
      -15.26       10.87
       3.918      -18.36
       9.533       16.22
      -18.02      -5.531
       17.06      -8.111
      -7.113       17.54
      -6.615      -17.77
       16.92       8.653
      -18.35       5.055
