      -0.893      0.7863
        0.18      -1.673
       1.222        1.66
      -2.335     -0.4605
       2.273      -1.384
     -0.8119       2.799
      -1.396      -2.822
       3.138       1.216
      -3.326       1.297
       1.662      -3.376
       1.107       3.788
      -3.525      -2.137
       4.207     -0.8383
      -2.632       3.591
      -0.502      -4.581
       3.578       3.138
      -4.905       0.106
       3.648       -3.49
     -0.3417       5.175
      -3.328      -4.152
       5.388      0.8337
      -4.643       3.096
       1.362      -5.541
       2.798       5.114
      -5.631       -1.92
       5.557      -2.435
      -2.499       5.655
      -2.013      -5.965
       5.612       3.093
      -6.333       1.536
       3.692        -5.5
       1.009       6.655
       -5.32      -4.291
       6.924     -0.4359
      -4.881       5.072
       0.176      -7.137
       4.756       5.456
      -7.288     -0.8214
       6.007      -4.374
      -1.493       7.375
      -3.929      -6.527
       7.395       2.185
      -7.011       3.424
        2.89      -7.344
       2.862       7.451
      -7.222        -3.6
       7.841      -2.248
      -4.308       7.028
      -1.587      -8.176
       6.761       5.007
      -8.451      0.8833
        5.69      -6.422
      0.1438       8.661
      -6.012      -6.348
       8.802      0.6257
      -6.975       5.534
       1.418       -8.87
        4.99       7.564
      -8.864      -2.226
       8.108      -4.383
      -3.043        8.78
      -3.717        -8.6
       8.619       3.861
      -9.034       2.999
       4.672      -8.378
       2.231       9.405
      -8.059      -5.469
       9.708      -1.422
      -6.243       7.662
     -0.5758      -9.938
       7.188       6.989
      -10.09     -0.2995
       7.697      -6.641
      -1.197       10.17
      -6.024       -8.36
       10.16        2.11
      -8.972       5.339
       3.028      -10.06
       4.593       9.526
      -9.883      -3.946
       10.02       -3.79
      -4.855       9.619
      -2.935      -10.43
       9.268       5.746
      -10.78       2.036
       6.612      -8.833
       1.098       11.04
      -8.317      -7.444
       11.22     -0.1302
      -8.235        7.72
      0.8618      -11.32
       7.048       8.976
      -11.32      -1.868
       9.661      -6.303
      -2.881       11.23
      -5.492      -10.28
       11.05       3.893
      -10.84        4.62
       4.894      -10.78
       3.692       11.31
      -10.41      -5.876
       11.71      -2.715
      -6.831       9.957
      -1.698      -12.01
       9.412        7.75
      -12.23      0.6473
       8.624      -8.781
     -0.4294       12.36
      -8.068      -9.446
       12.39       1.522
      -10.21       7.277
       2.623      -12.32
       6.414        10.9
      -12.15      -3.722
       11.52      -5.484
      -4.811       11.88
      -4.494      -12.06
       11.51       5.882
      -12.51       3.452
       6.924      -11.04
       2.365       12.87
      -10.48      -7.928
       13.14       -1.24
      -8.886       9.828
    -0.08688       -13.3
       9.086       9.789
      -13.36      -1.085
       10.63       -8.26
      -2.267       13.32
      -7.356       -11.4
       13.17       3.449
      -12.09        6.38
       4.624      -12.92
       5.338        12.7
      -12.56      -5.778
       13.21      -4.239
      -6.905       12.09
       -3.09      -13.63
       11.53       7.993
      -13.95       1.899
       9.035      -10.86
      0.6774       14.16
       -10.1      -10.02
       14.27      0.5673
      -10.94       9.251
       1.825      -14.26
       8.315       11.79
      -14.14      -3.086
       12.55      -7.302
       -4.34       13.91
      -6.218      -13.23
       13.57       5.576
      -13.82       5.071
       6.785      -13.11
       3.868        14.3
      -12.55      -7.957
       14.68      -2.619
      -9.082       11.88
      -1.334      -14.94
       11.11       10.15
       -15.1     0.02303
       11.15      -10.25
      -1.305       15.13
      -9.289      -12.08
       15.05        2.64
      -12.92       8.248
        3.97      -14.85
       7.129       13.68
      -14.54      -5.285
       14.33      -5.941
      -6.574        14.1
      -4.692      -14.88
       13.55       7.827
      -15.32       3.392
       9.034      -12.89
       2.051       15.65
      -12.12      -10.18
       15.86     -0.6791
      -11.27       11.25
      0.7141      -15.95
       10.27       12.28
      -15.91      -2.118
        13.2      -9.212
       -3.52       15.75
      -8.067      -14.03
       15.47        4.91
      -14.76       6.846
       6.277      -15.06
       5.558       15.38
      -14.53       -7.61
       15.89      -4.214
      -8.897       13.88
      -2.822      -16.29
       13.12       10.13
      -16.56       1.395
       11.29      -12.24
    -0.05914        16.7
      -11.27      -12.38
       16.71       1.527
      -13.39       10.19
       2.997       -16.6
       9.027        14.3
      -16.36      -4.459
       15.11      -7.779
      -5.901       15.98
       -6.46      -15.81
       15.48       7.311
      -16.39       5.078
       8.677      -14.85
       3.643       16.85
       -14.1       -9.99
       17.19      -2.165
      -11.24       13.24
     -0.6575      -17.39
       12.26       12.41
      -17.47     -0.8707
        13.5      -11.18
      -2.405        17.4
         -10      -14.49
        17.2       3.935
      -15.38       8.739
       5.449      -16.87
       7.394       16.16
       -16.4      -6.934
       16.82       -5.98
      -8.379        15.8
      -4.507      -17.35
       15.08       9.771
      -17.76       2.986
        11.1      -14.23
       1.428       18.03
      -13.26      -12.35
       18.16      0.1552
      -13.53       12.18
        1.75      -18.16
          11        14.6
      -18.01      -3.345
       15.57      -9.719
      -4.927       17.72
      -8.356      -16.43
        17.3       6.484
      -17.17       6.916
       8.005      -16.73
       5.411       17.78
      -16.03      -9.475
       18.26      -3.851
      -10.89        15.2
      -2.248       -18.6
       14.25       12.22
       -18.8      0.6154
       13.48      -13.18
      -1.035       18.86
         -12      -14.63
       18.77        2.69
      -15.69       10.72
       4.338      -18.54
