     -0.9548     -0.7099
      0.3175       1.652
        1.08      -1.755
      -2.289      0.6517
       2.379       1.191
       -1.04      -2.723
      -1.158       2.927
       3.027      -1.471
      -3.421      -1.018
       1.935       3.227
      0.7902      -3.866
      -3.336        2.42
       4.262      0.4881
      -2.919      -3.361
     -0.1221       4.607
       3.307      -3.423
      -4.897      0.2993
       3.923       3.176
     -0.7678      -5.129
      -2.974       4.412
       5.301      -1.276
      -4.883      -2.702
       1.815        5.41
       2.366      -5.327
      -5.453       2.378
       5.739       1.968
      -2.958      -5.429
      -1.514       6.111
       5.337      -3.545
      -6.439      -1.008
       4.134       5.177
      0.4557      -6.715
      -4.948       4.716
       6.936     -0.1372
      -5.283      -4.651
      0.7647       7.098
       4.289       -5.83
      -7.196        1.42
       6.347       3.863
      -2.097      -7.227
      -3.377       6.829
       7.189      -2.788
       -7.27      -2.833
       3.486       7.081
       2.237      -7.662
        -6.9       4.184
           8       1.593
      -4.874      -6.648
     -0.9062       8.279
       6.324      -5.549
      -8.495     -0.1826
       6.201        5.93
     -0.5717      -8.643
      -5.467       6.823
        8.72       -1.35
      -7.408      -4.939
       2.145       8.723
       4.348       -7.95
       -8.65        2.95
       8.442       3.698
      -3.758      -8.499
      -2.995       8.877
       8.271      -4.559
      -9.251      -2.243
       5.348       7.964
       1.447      -9.557
       -7.58       6.115
       9.792      0.6153
      -6.855       -7.12
       0.247       9.952
       6.587      -7.558
      -10.03       1.132
       8.219       5.983
      -2.032      -10.03
      -5.313       8.829
       9.947      -2.941
      -9.382      -4.581
       3.849       9.778
       3.791      -9.873
      -9.524       4.749
       10.29        2.95
      -5.632      -9.185
      -2.064       10.64
       8.762      -6.491
      -10.91      -1.139
       7.319       8.258
      0.1826       -11.1
      -7.674       8.105
        11.2     -0.7973
      -8.844      -7.014
       1.793       11.21
       6.283      -9.527
      -11.13       2.796
       10.15       5.484
      -3.799      -10.96
      -4.624        10.7
       10.69      -4.792
      -11.18      -3.709
       5.767       10.34
       2.745      -11.58
      -9.894       6.716
       11.89       1.739
       -7.63       -9.36
     -0.7003       12.11
        8.74        -8.5
      -12.24      0.3649
       9.319       8.039
      -1.448      -12.28
      -7.261       10.08
       12.22      -2.539
      -10.77       -6.41
        3.63       12.06
       5.492      -11.39
       -11.8       4.712
       11.93       4.514
      -5.776      -11.44
      -3.484       12.39
       10.98      -6.812
      -12.75      -2.407
       7.812       10.43
       1.294      -13.02
      -9.791       8.766
       13.19      0.1514
      -9.667      -9.061
       1.012       13.26
       8.247      -10.51
      -13.23       2.185
       11.27       7.354
      -3.359      -13.09
       -6.39       11.97
       12.84      -4.525
      -12.58       -5.36
       5.674       12.49
       4.272      -13.09
      -12.04       6.795
       13.52       3.134
       -7.88      -11.48
      -1.954       13.84
       10.83      -8.918
      -14.06     -0.7413
       9.901       10.08
     -0.4941      -14.17
       -9.24       10.82
       14.17      -1.743
      -11.67      -8.316
       2.996       14.06
       7.314      -12.43
      -13.84       4.243
       13.11       6.241
      -5.474      -13.51
      -5.104        13.7
       13.06      -6.678
      -14.19      -3.913
       7.845       12.51
       2.675      -14.57
      -11.85       8.966
       14.84       1.399
      -10.03      -11.09
    -0.09615          15
       10.24      -11.03
      -15.05       1.223
       11.96       9.291
       -2.55      -14.98
       -8.26        12.8
       14.78      -3.874
      -13.56      -7.153
       5.183       14.48
       5.976      -14.22
      -14.05       6.467
       14.77       4.738
      -7.716      -13.51
      -3.447       15.22
       12.86      -8.919
      -15.55      -2.116
       10.07        12.1
      0.7523      -15.77
      -11.24       11.15
       15.86     -0.6326
      -12.16      -10.28
       2.028       15.83
       9.226      -13.08
      -15.68       3.425
       13.91       8.091
      -4.809      -15.41
      -6.881       14.65
       15.01       -6.17
      -15.28      -5.604
       7.499       14.49
       4.269      -15.79
      -13.85       8.783
       16.19       2.887
      -10.01       -13.1
      -1.468       16.46
       12.24      -11.18
      -16.61    -0.02331
       12.27       11.27
      -1.438      -16.64
      -10.21       13.27
       16.53      -2.901
      -14.18      -9.051
       4.357        16.3
       7.815         -15
      -15.93       5.794
        15.7       6.505
        -7.2      -15.44
      -5.133       16.29
       14.82      -8.564
      -16.75      -3.707
       9.874       14.08
       2.239       -17.1
      -13.23       11.12
       17.31       0.739
      -12.29      -12.27
      0.7807       17.39
        11.2      -13.38
      -17.33        2.31
       14.37       10.03
      -3.834      -17.14
      -8.774       15.27
       16.82      -5.342
      -16.05      -7.439
       6.823       16.36
       6.035      -16.71
      -15.77       8.265
       17.25       4.571
      -9.655      -15.06
      -3.059       17.66
       14.22      -10.98
      -17.94       -1.51
       12.24       13.26
    -0.06515      -18.08
      -12.19       13.41
       18.09      -1.654
      -14.48      -11.02
       3.243       17.95
       9.754      -15.46
      -17.67        4.82
       16.32       8.401
      -6.373      -17.25
      -6.971       17.06
        16.7       -7.89
      -17.68      -5.475
       9.359       16.01
       3.924      -18.17
       -15.2       10.77
       18.52        2.33
       -12.1      -14.25
     -0.7044       18.72
       13.19      -13.36
      -18.79       0.939
       14.52       12.02
      -2.588      -18.71
      -10.75       15.58
       18.48      -4.231
      -16.52      -9.385
       5.854       18.11
