     -0.4808      -1.088
     -0.5383       1.594
       1.805     -0.9944
      -2.313     -0.5612
       1.483       2.209
       0.437      -2.882
       -2.45       1.976
       3.359      0.2118
      -2.475      -2.572
     0.09244       3.761
       2.593      -2.974
      -4.096      0.4612
       3.468       2.526
     -0.8831      -4.363
      -2.377       3.948
       4.564      -1.348
      -4.408      -2.153
       1.848       4.698
        1.86      -4.841
      -4.763       2.373
       5.241       1.503
      -2.916      -4.758
      -1.088       5.602
       4.684      -3.469
      -5.917      -0.619
       4.023       4.541
       0.103      -6.182
       -4.33       4.571
       6.391     -0.4537
      -5.105      -4.051
       1.045       6.542
       3.707      -5.618
      -6.629       1.664
       6.103         3.3
      -2.304      -6.651
      -2.833       6.553
       6.605      -2.958
      -6.961      -2.311
       3.618        6.49
       1.738      -7.322
      -6.305       4.277
       7.629       1.118
      -4.928      -6.049
      -0.457       7.879
       5.723      -5.563
      -8.066      0.2389
       6.175        5.33
     -0.9635      -8.187
       -4.87       6.757
       8.238       -1.71
      -7.301      -4.346
       2.472       8.216
       3.763      -7.802
       -8.12       3.242
       8.253       3.124
      -4.011      -7.949
      -2.434       8.647
       7.702      -4.774
       -8.98      -1.697
       5.522       7.379
      0.9203      -9.247
      -6.982       6.247
       9.443      0.1101
      -6.943      -6.511
      0.7272       9.565
        5.97      -7.602
      -9.609       1.584
       8.217       5.362
      -2.454      -9.574
      -4.691        8.78
       9.457       -3.33
      -9.287      -3.961
       4.202       9.257
       3.177       -9.73
      -8.975       5.063
        10.1       2.345
      -5.905       -8.61
      -1.471        10.4
       8.165      -6.721
      -10.63      -0.563
       7.502       7.641
     -0.3729      -10.77
      -7.041       8.242
       10.82      -1.329
      -8.931      -6.369
       2.297       10.79
       5.629      -9.564
      -10.67        3.27
       10.13       4.826
      -4.237      -10.46
      -3.964       10.64
       10.16      -5.193
      -11.06      -3.052
       6.127       9.774
       2.096      -11.41
      -9.299       7.031
       11.67       1.102
      -7.898      -8.738
    -0.07876       11.84
       8.095       -8.72
      -11.92      0.9661
       9.488       7.375
      -2.025       -11.9
      -6.581       10.19
       11.79      -3.087
      -10.83      -5.718
       4.146       11.59
       4.793       -11.4
      -11.29       5.191
       11.88       3.813
      -6.214      -10.89
      -2.785       12.28
       10.39      -7.206
      -12.59      -1.716
       8.158        9.81
      0.6138       -12.8
      -9.138       9.063
       12.91     -0.5127
       -9.91      -8.382
       1.654       12.93
       7.546      -10.69
      -12.84       2.801
       11.41       6.636
      -3.944      -12.65
      -5.658       12.04
       12.35      -5.076
      -12.59       -4.62
       6.185       11.96
        3.53      -13.04
      -11.46       7.262
       13.41       2.394
        -8.3      -10.86
      -1.221       13.67
       10.17      -9.287
      -13.82    -0.02193
       10.22        9.39
      -1.196      -13.88
      -8.523       11.08
       13.82      -2.421
      -11.87      -7.575
       3.646       13.65
       6.555      -12.57
      -13.37        4.86
       13.19       5.469
      -6.052      -12.99
      -4.324       13.71
       12.49      -7.213
      -14.13       -3.13
       8.334       11.89
       1.895      -14.45
      -11.19       9.405
       14.66      0.6284
      -10.42       -10.4
      0.6596       14.75
       9.509      -11.36
      -14.73       1.959
       12.22       8.533
       -3.26       -14.6
      -7.479       13.01
       14.35      -4.552
       -13.7      -6.353
       5.825       13.98
       5.163      -14.29
       -13.5       7.068
       14.77       3.917
      -8.271      -12.91
      -2.626       15.15
       12.21      -9.424
      -15.41        -1.3
       10.52        11.4
     -0.0532      -15.56
       -10.5       11.54
       15.59      -1.421
      -12.49      -9.507
       2.795       15.49
       8.427      -13.35
      -15.27       4.162
       14.11       7.268
      -5.512      -14.93
       -6.04       14.78
       14.48      -6.834
      -15.33      -4.751
       8.118        13.9
       3.411      -15.78
      -13.21       9.353
        16.1       2.029
      -10.53      -12.41
     -0.6173        16.3
        11.5      -11.63
      -16.38      0.8146
       12.66       10.49
      -2.255      -16.33
      -9.393        13.6
       16.16      -3.694
      -14.44       -8.21
       5.118       15.85
       6.951      -15.18
      -15.42       6.517
       15.81       5.625
       -7.88      -14.87
      -4.242       16.33
       14.19      -9.195
      -16.72      -2.812
       10.45        13.4
       1.346      -16.98
      -12.49       11.64
       17.12     -0.1442
      -12.75      -11.48
       1.648       17.12
       10.38      -13.77
      -16.99       3.154
        14.7       9.175
      -4.649      -16.73
      -7.892       15.51
       16.34      -6.123
      -16.22      -6.535
       7.563       15.81
       5.115      -16.81
      -15.16       8.958
       17.27       3.643
       -10.3      -14.38
      -2.129        17.6
       13.49      -11.57
       -17.8     -0.5847
       12.76       12.48
     -0.9779      -17.86
      -11.37       13.86
       17.78      -2.547
      -14.87      -10.16
        4.11       17.57
       8.857      -15.77
      -17.22       5.655
       16.55       7.476
       -7.17      -16.73
      -6.026       17.22
       16.11      -8.642
      -17.75      -4.517
       10.06       15.35
        2.96      -18.15
      -14.48       11.41
       18.42       1.368
      -12.69      -13.48
      0.2491       18.55
       12.37      -13.87
      -18.53       1.877
       14.96       11.15
      -3.504      -18.37
      -9.843       15.94
       18.06      -5.118
      -16.81      -8.445
       6.705       17.62
       6.971      -17.55
      -17.03       8.252
       18.17       5.431
      -9.748      -16.31
      -3.836       18.65
